county,precinct,office,district,candidate,party,early_voting_ts,early_voting_paper,election_day_ts,election_day_paper,votes,early_voting,election_day
El Paso,001-ANTHONY CITY HALL,STRAIGHT PARTY,,REPUBLICAN,REP,41,5,60,0,106,46,60
El Paso,001-ANTHONY CITY HALL,STRAIGHT PARTY,,DEMOCRAT,DEM,68,2,294,1,365,70,295
El Paso,001-ANTHONY CITY HALL,STRAIGHT PARTY,,LIBERTARIAN,LIB,0,0,3,0,3,0,3
El Paso,001-ANTHONY CITY HALL,STRAIGHT PARTY,,GREEN,GRN,0,0,3,0,3,0,3
El Paso,001-ANTHONY CITY HALL,US PRESIDENT,,MITT ROMNEY,REP,82,10,130,0,222,92,130
El Paso,001-ANTHONY CITY HALL,US PRESIDENT,,BARACK OBAMA,DEM,129,3,394,2,528,132,396
El Paso,001-ANTHONY CITY HALL,US PRESIDENT,,GARY JOHNSON,LIB,2,0,12,0,14,2,12
El Paso,001-ANTHONY CITY HALL,US PRESIDENT,,JILL STEIN,GRN,1,0,4,0,5,1,4
El Paso,001-ANTHONY CITY HALL,US PRESIDENT,,WRITE-IN,NP,0,0,0,0,0,0,0
El Paso,001-ANTHONY CITY HALL,US SENATOR,,TED CRUZ,REP,84,10,136,0,230,94,136
El Paso,001-ANTHONY CITY HALL,US SENATOR,,PAUL SADLER,DEM,120,3,365,1,489,123,366
El Paso,001-ANTHONY CITY HALL,US SENATOR,,JOHN JAY MYERS,LIB,5,0,16,0,21,5,16
El Paso,001-ANTHONY CITY HALL,US SENATOR,,DAVID B. COLLINS,GRN,3,0,7,0,10,3,7
El Paso,001-ANTHONY CITY HALL,US REP DISTRICT 16,,BARBARA CARRASCO,REP,73,8,132,0,213,81,132
El Paso,001-ANTHONY CITY HALL,US REP DISTRICT 16,,BETO OROURKE,DEM,131,5,382,2,520,136,384
El Paso,001-ANTHONY CITY HALL,US REP DISTRICT 16,,JUNART SODOY,LIB,8,0,13,0,21,8,13
El Paso,001-ANTHONY CITY HALL,RAILROAD COMMISSIONER,,CHRISTI CRADDICK,REP,79,10,106,0,195,89,106
El Paso,001-ANTHONY CITY HALL,RAILROAD COMMISSIONER,,DALE HENRY,DEM,108,3,374,1,486,111,375
El Paso,001-ANTHONY CITY HALL,RAILROAD COMMISSIONER,,VIVEKANANDA (VIK) WA,LIB,8,0,15,0,23,8,15
El Paso,001-ANTHONY CITY HALL,RAILROAD COMMISSIONER,,CHRIS KENNEDY,GRN,11,0,21,0,32,11,21
El Paso,001-ANTHONY CITY HALL,RAILROAD COMMISSIONER,,BARRY SMITHERMAN,REP,86,10,126,0,222,96,126
El Paso,001-ANTHONY CITY HALL,RAILROAD COMMISSIONER,,JAIME O. PEREZ,LIB,57,1,134,0,192,58,134
El Paso,001-ANTHONY CITY HALL,RAILROAD COMMISSIONER,,JOSH WENDEL,GRN,14,0,31,0,45,14,31
El Paso,001-ANTHONY CITY HALL,"JUSTICE, SUPREME COURT, PLACE 2",,DON WILLETT,REP,91,9,178,0,278,100,178
El Paso,001-ANTHONY CITY HALL,"JUSTICE, SUPREME COURT, PLACE 2",,RS ROBERT KOELSCH,LIB,64,1,113,0,178,65,113
El Paso,001-ANTHONY CITY HALL,"JUSTICE, SUPREME COURT, PLACE 4",,JOHN DEVINE,REP,88,10,157,0,255,98,157
El Paso,001-ANTHONY CITY HALL,"JUSTICE, SUPREME COURT, PLACE 4",,TOM OXFORD,LIB,48,0,95,0,143,48,95
El Paso,001-ANTHONY CITY HALL,"JUSTICE, SUPREME COURT, PLACE 4",,CHARLES E. WATERBURY,GRN,21,1,41,0,63,22,41
El Paso,001-ANTHONY CITY HALL,"JUSTICE, SUPREME COURT, PLACE 6",,NATHAN HECHT,REP,67,9,105,0,181,76,105
El Paso,001-ANTHONY CITY HALL,"JUSTICE, SUPREME COURT, PLACE 6",,MICHELE PETTY,DEM,126,4,373,1,504,130,374
El Paso,001-ANTHONY CITY HALL,"JUSTICE, SUPREME COURT, PLACE 6",,MARK ASH,LIB,12,0,17,0,29,12,17
El Paso,001-ANTHONY CITY HALL,"JUSTICE, SUPREME COURT, PLACE 6",,JIM CHISHOLM,GRN,4,0,16,0,20,4,16
El Paso,001-ANTHONY CITY HALL,"PRESIDING JUDGE, COURT OF CRIMINAL APPEALS",,SHARON KELLER,REP,80,10,109,0,199,90,109
El Paso,001-ANTHONY CITY HALL,"PRESIDING JUDGE, COURT OF CRIMINAL APPEALS",,KEITH HAMPTON,DEM,112,3,384,1,500,115,385
El Paso,001-ANTHONY CITY HALL,"PRESIDING JUDGE, COURT OF CRIMINAL APPEALS",,LANCE STOTT,LIB,11,0,17,0,28,11,17
El Paso,001-ANTHONY CITY HALL,"JUDGE, COURT OF CRIMINAL APPEALS, PLACE 7",,BARBARA PARKER HERVE,REP,91,10,179,0,280,101,179
El Paso,001-ANTHONY CITY HALL,"JUDGE, COURT OF CRIMINAL APPEALS, PLACE 7",,MARK W. BENNETT,LIB,63,1,102,0,166,64,102
El Paso,001-ANTHONY CITY HALL,"JUDGE, COURT OF CRIMINAL APPEALS, PLACE 8",,ELSA ALCALA,REP,88,9,188,0,285,97,188
El Paso,001-ANTHONY CITY HALL,"JUDGE, COURT OF CRIMINAL APPEALS, PLACE 8",,WILLIAM BRYAN STRANG,LIB,63,2,94,0,159,65,94
El Paso,001-ANTHONY CITY HALL,MEMBER STATE BOARD OF EDUCATION DISTRICT 1,,CARLOS CHARLIE GARZA,REP,80,10,125,0,215,90,125
El Paso,001-ANTHONY CITY HALL,MEMBER STATE BOARD OF EDUCATION DISTRICT 1,,MARTHA M. DOMINGUEZ,DEM,121,3,383,1,508,124,384
El Paso,001-ANTHONY CITY HALL,STATE SENATOR DISTRICT 29,,DAN CHAVEZ,REP,78,9,119,0,206,87,119
El Paso,001-ANTHONY CITY HALL,STATE SENATOR DISTRICT 29,,JOSE R. RODRIGUEZ,DEM,130,4,399,1,534,134,400
El Paso,001-ANTHONY CITY HALL,STATE REPRESENTATIVE DISTRICT 78,,DONALD R. DEE MARGO,REP,91,10,125,0,226,101,125
El Paso,001-ANTHONY CITY HALL,STATE REPRESENTATIVE DISTRICT 78,,JOE MOODY,DEM,122,3,408,1,534,125,409
El Paso,001-ANTHONY CITY HALL,"CHIEF JUSTICE, COURT OF APPEALS 8TH DISTRICT",,ANN CRAWFORD MCCLURE,DEM,136,5,427,1,569,141,428
El Paso,001-ANTHONY CITY HALL,"JUSTICE, 8TH COURT OF APPEALS DISTRICT, PLACE 2",,CHRIS ANTCLIFF,REP,86,10,119,0,215,96,119
El Paso,001-ANTHONY CITY HALL,"JUSTICE, 8TH COURT OF APPEALS DISTRICT, PLACE 2",,YVONNE RODRIGUEZ,DEM,118,3,389,1,511,121,390
El Paso,001-ANTHONY CITY HALL,"JUSTICE, 8TH COURT OF APPEALS DISTRICT, PLACE 3",,GUADALUPE LUPE RIVER,DEM,139,5,419,1,564,144,420
El Paso,001-ANTHONY CITY HALL,"DISTRICT JUDGE, 34TH JUDICIAL DISTRICT",,BILL MOODY,DEM,135,5,429,1,570,140,430
El Paso,001-ANTHONY CITY HALL,"DISTRICT JUDGE, 41ST JUDICIAL DISTRICT",,ANNA PEREZ,DEM,134,5,424,1,564,139,425
El Paso,001-ANTHONY CITY HALL,"DISTRICT JUDGE, 243RD JUDICIAL DISTRICT",,BILLY DON HICKS,REP,86,10,115,0,211,96,115
El Paso,001-ANTHONY CITY HALL,"DISTRICT JUDGE, 243RD JUDICIAL DISTRICT",,LUIS AGUILAR,DEM,116,3,396,1,516,119,397
El Paso,001-ANTHONY CITY HALL,"DISTRICT JUDGE, 346TH JUDICIAL DISTRICT",,ANGIE J. BARILL,DEM,137,4,413,1,555,141,414
El Paso,001-ANTHONY CITY HALL,"DISTRICT JUDGE, 383RD JUDICIAL DISTRICT",,MIKE HERRERA,DEM,134,4,412,1,551,138,413
El Paso,001-ANTHONY CITY HALL,"DISTRICT JUDGE, 384TH JUDICIAL DISTRICT",,PATRICK M. GARCIA,DEM,134,4,409,1,548,138,410
El Paso,001-ANTHONY CITY HALL,"DISTRICT JUDGE, 388TH JUDICIAL DISTRICT",,LAURA STRATHMANN,DEM,135,4,410,1,550,139,411
El Paso,001-ANTHONY CITY HALL,"DISTRICT JUDGE, 409TH JUDICIAL DISTRICT",,SAM MEDRANO JR,DEM,131,4,410,1,546,135,411
El Paso,001-ANTHONY CITY HALL,"DISTRICT JUDGE, 448TH JUDICIAL DISTRICT",,SERGIO H. ENRIQUEZ,DEM,133,4,412,1,550,137,413
El Paso,001-ANTHONY CITY HALL,"CRIMINAL DISTRICT JUDGE, COURT NO. 1",,DIANE NAVARRETE,DEM,132,4,411,1,548,136,412
El Paso,001-ANTHONY CITY HALL,"FAMILY DISTRICT JUDGE, 65TH JUDICIAL DISTRICT",,YAHARA L. GUTIERREZ,DEM,131,4,409,1,545,135,410
El Paso,001-ANTHONY CITY HALL,"DISTRICT ATTORNEY, 34TH JUDICIAL DISTRICT",,JAIME ESPARZA,DEM,139,5,426,1,571,144,427
El Paso,001-ANTHONY CITY HALL,"JUDGE, COUNTY CRIMINAL COURT NO. 3",,CARLOS CARRASCO,DEM,135,4,415,1,555,139,416
El Paso,001-ANTHONY CITY HALL,"JUDGE, COUNTY CRIMINAL COURT NO. 4",,JESUS HERRERA,DEM,133,4,413,1,551,137,414
El Paso,001-ANTHONY CITY HALL,COUNTY ATTORNEY,,JO ANNE BERNAL,DEM,134,4,421,1,560,138,422
El Paso,001-ANTHONY CITY HALL,SHERIFF,,RICHARD D. WILES,DEM,143,6,429,1,579,149,430
El Paso,001-ANTHONY CITY HALL,COUNTY TAX ASSESSOR COLLECTOR,,VICTOR A. FLORES,DEM,145,6,425,1,577,151,426
El Paso,001-ANTHONY CITY HALL,"CONSTABLE, PRECINCT NO. 7",,KING MERRITT,REP,80,8,104,0,192,88,104
El Paso,001-ANTHONY CITY HALL,"CONSTABLE, PRECINCT NO. 7",,ANGIE SOMMERS,DEM,124,3,407,1,535,127,408
El Paso,002-VINTON VILLAGE HALL,"VILLAGE OF VINTON, MAYOR",,MADELEINE PRAINO,NP,203,2,103,1,309,205,104
El Paso,002-VINTON VILLAGE HALL,"VILLAGE OF VINTON, MAYOR",,BELEM TEMPLOS ZAMARR,NP,85,0,63,0,148,85,63
El Paso,002-VINTON VILLAGE HALL,"VILLAGE OF VINTON, ALDERPERSON 1",,GERARDO BANUELOS,NP,110,1,84,0,195,111,84
El Paso,002-VINTON VILLAGE HALL,"VILLAGE OF VINTON, ALDERPERSON 1",,YASSU GRIER,NP,171,1,74,1,247,172,75
El Paso,002-VINTON VILLAGE HALL,"VILLAGE OF VINTON, ALDERPERSON 2",,BERTHA CANDELARIA,NP,92,0,67,0,159,92,67
El Paso,002-VINTON VILLAGE HALL,"VILLAGE OF VINTON, ALDERPERSON 2",,YOLANDA YOLI LUCERO,NP,188,2,93,1,284,190,94
El Paso,002-VINTON VILLAGE HALL,CANUTILLO ISD BOARD OF TRUSTEES,,NICHOLAS MALKANI,NP,79,0,67,0,146,79,67
El Paso,002-VINTON VILLAGE HALL,CANUTILLO ISD BOARD OF TRUSTEES,,GILBERT GARCIA,NP,153,2,140,1,296,155,141
El Paso,002-VINTON VILLAGE HALL,CANUTILLO ISD BOARD OF TRUSTEES,,LETICIA LETTY GONZAL,NP,267,1,235,3,506,268,238
El Paso,002-VINTON VILLAGE HALL,CANUTILLO ISD BOARD OF TRUSTEES,,ALFONSO AL FLORES,NP,124,0,112,2,238,124,114
El Paso,002-VINTON VILLAGE HALL,CANUTILLO ISD BOARD OF TRUSTEES,,ARMANDO RODRIGUEZ,NP,199,0,193,2,394,199,195
El Paso,002-VINTON VILLAGE HALL,CANUTILLO ISD BOARD OF TRUSTEES,,RACHEL MENDOZA QUINT,NP,251,0,225,3,479,251,228
El Paso,002-VINTON VILLAGE HALL,CANUTILLO ISD BOARD OF TRUSTEES,,ADRIAN MEDINA,NP,171,1,144,2,318,172,146
El Paso,002-VINTON VILLAGE HALL,"CITY OF EL PASO, PROPOSITION",,FOR (A FAVOR),NP,0,0,0,0,0,0,0
El Paso,002-VINTON VILLAGE HALL,"CITY OF EL PASO, PROPOSITION",,AGAINST (EN CONTRA),NP,0,0,0,0,0,0,0
El Paso,002-VINTON VILLAGE HALL,"CITY OF EL PASO, PROPOSITION",,FOR (A FAVOR),NP,0,0,0,0,0,0,0
El Paso,002-VINTON VILLAGE HALL,"CITY OF EL PASO, PROPOSITION",,AGAINST (EN CONTRA),NP,0,0,0,0,0,0,0
El Paso,002-VINTON VILLAGE HALL,"CITY OF EL PASO, PROPOSITION",,FOR (A FAVOR),NP,0,0,0,0,0,0,0
El Paso,002-VINTON VILLAGE HALL,"CITY OF EL PASO, PROPOSITION",,AGAINST (EN CONTRA),NP,0,0,0,0,0,0,0
El Paso,002-VINTON VILLAGE HALL,STRAIGHT PARTY,,REPUBLICAN,REP,81,2,58,1,142,83,59
El Paso,002-VINTON VILLAGE HALL,STRAIGHT PARTY,,DEMOCRAT,DEM,261,0,315,3,579,261,318
El Paso,002-VINTON VILLAGE HALL,STRAIGHT PARTY,,LIBERTARIAN,LIB,5,0,2,0,7,5,2
El Paso,002-VINTON VILLAGE HALL,STRAIGHT PARTY,,GREEN,GRN,1,1,2,0,4,2,2
El Paso,002-VINTON VILLAGE HALL,US PRESIDENT,,MITT ROMNEY,REP,127,4,96,0,227,131,96
El Paso,002-VINTON VILLAGE HALL,US PRESIDENT,,BARACK OBAMA,DEM,376,1,383,5,765,377,388
El Paso,002-VINTON VILLAGE HALL,US PRESIDENT,,GARY JOHNSON,LIB,9,0,4,0,13,9,4
El Paso,002-VINTON VILLAGE HALL,US PRESIDENT,,JILL STEIN,GRN,4,0,2,0,6,4,2
El Paso,002-VINTON VILLAGE HALL,US PRESIDENT,,WRITE-IN,NP,1,0,0,0,1,1,0
El Paso,002-VINTON VILLAGE HALL,US SENATOR,,TED CRUZ,REP,134,2,101,1,238,136,102
El Paso,002-VINTON VILLAGE HALL,US SENATOR,,PAUL SADLER,DEM,320,2,341,4,667,322,345
El Paso,002-VINTON VILLAGE HALL,US SENATOR,,JOHN JAY MYERS,LIB,22,0,12,0,34,22,12
El Paso,002-VINTON VILLAGE HALL,US SENATOR,,DAVID B. COLLINS,GRN,10,1,11,0,22,11,11
El Paso,002-VINTON VILLAGE HALL,US REP DISTRICT 16,,BARBARA CARRASCO,REP,136,4,110,1,251,140,111
El Paso,002-VINTON VILLAGE HALL,US REP DISTRICT 16,,BETO OROURKE,DEM,352,1,359,4,716,353,363
El Paso,002-VINTON VILLAGE HALL,US REP DISTRICT 16,,JUNART SODOY,LIB,11,0,6,0,17,11,6
El Paso,002-VINTON VILLAGE HALL,RAILROAD COMMISSIONER,,CHRISTI CRADDICK,REP,120,3,86,0,209,123,86
El Paso,002-VINTON VILLAGE HALL,RAILROAD COMMISSIONER,,DALE HENRY,DEM,320,0,345,4,669,320,349
El Paso,002-VINTON VILLAGE HALL,RAILROAD COMMISSIONER,,VIVEKANANDA (VIK) WA,LIB,17,0,7,1,25,17,8
El Paso,002-VINTON VILLAGE HALL,RAILROAD COMMISSIONER,,CHRIS KENNEDY,GRN,19,1,13,0,33,20,13
El Paso,002-VINTON VILLAGE HALL,RAILROAD COMMISSIONER,,BARRY SMITHERMAN,REP,151,3,131,0,285,154,131
El Paso,002-VINTON VILLAGE HALL,RAILROAD COMMISSIONER,,JAIME O. PEREZ,LIB,179,0,171,4,354,179,175
El Paso,002-VINTON VILLAGE HALL,RAILROAD COMMISSIONER,,JOSH WENDEL,GRN,35,1,30,1,67,36,31
El Paso,002-VINTON VILLAGE HALL,"JUSTICE, SUPREME COURT, PLACE 2",,DON WILLETT,REP,193,2,166,1,362,195,167
El Paso,002-VINTON VILLAGE HALL,"JUSTICE, SUPREME COURT, PLACE 2",,RS ROBERT KOELSCH,LIB,162,1,145,4,312,163,149
El Paso,002-VINTON VILLAGE HALL,"JUSTICE, SUPREME COURT, PLACE 4",,JOHN DEVINE,REP,171,3,160,1,335,174,161
El Paso,002-VINTON VILLAGE HALL,"JUSTICE, SUPREME COURT, PLACE 4",,TOM OXFORD,LIB,111,0,101,2,214,111,103
El Paso,002-VINTON VILLAGE HALL,"JUSTICE, SUPREME COURT, PLACE 4",,CHARLES E. WATERBURY,GRN,71,1,47,2,121,72,49
El Paso,002-VINTON VILLAGE HALL,"JUSTICE, SUPREME COURT, PLACE 6",,NATHAN HECHT,REP,113,3,81,0,197,116,81
El Paso,002-VINTON VILLAGE HALL,"JUSTICE, SUPREME COURT, PLACE 6",,MICHELE PETTY,DEM,324,0,355,4,683,324,359
El Paso,002-VINTON VILLAGE HALL,"JUSTICE, SUPREME COURT, PLACE 6",,MARK ASH,LIB,20,1,7,1,29,21,8
El Paso,002-VINTON VILLAGE HALL,"JUSTICE, SUPREME COURT, PLACE 6",,JIM CHISHOLM,GRN,13,0,11,0,24,13,11
El Paso,002-VINTON VILLAGE HALL,"PRESIDING JUDGE, COURT OF CRIMINAL APPEALS",,SHARON KELLER,REP,128,3,88,0,219,131,88
El Paso,002-VINTON VILLAGE HALL,"PRESIDING JUDGE, COURT OF CRIMINAL APPEALS",,KEITH HAMPTON,DEM,323,1,351,4,679,324,355
El Paso,002-VINTON VILLAGE HALL,"PRESIDING JUDGE, COURT OF CRIMINAL APPEALS",,LANCE STOTT,LIB,22,0,15,1,38,22,16
El Paso,002-VINTON VILLAGE HALL,"JUDGE, COURT OF CRIMINAL APPEALS, PLACE 7",,BARBARA PARKER HERVE,REP,199,4,187,1,391,203,188
El Paso,002-VINTON VILLAGE HALL,"JUDGE, COURT OF CRIMINAL APPEALS, PLACE 7",,MARK W. BENNETT,LIB,145,0,122,4,271,145,126
El Paso,002-VINTON VILLAGE HALL,"JUDGE, COURT OF CRIMINAL APPEALS, PLACE 8",,ELSA ALCALA,REP,219,3,196,0,418,222,196
El Paso,002-VINTON VILLAGE HALL,"JUDGE, COURT OF CRIMINAL APPEALS, PLACE 8",,WILLIAM BRYAN STRANG,LIB,129,1,115,5,250,130,120
El Paso,002-VINTON VILLAGE HALL,MEMBER STATE BOARD OF EDUCATION DISTRICT 1,,CARLOS CHARLIE GARZA,REP,132,3,94,1,230,135,95
El Paso,002-VINTON VILLAGE HALL,MEMBER STATE BOARD OF EDUCATION DISTRICT 1,,MARTHA M. DOMINGUEZ,DEM,336,1,359,4,700,337,363
El Paso,002-VINTON VILLAGE HALL,STATE SENATOR DISTRICT 29,,DAN CHAVEZ,REP,129,3,85,0,217,132,85
El Paso,002-VINTON VILLAGE HALL,STATE SENATOR DISTRICT 29,,JOSE R. RODRIGUEZ,DEM,355,1,370,5,731,356,375
El Paso,002-VINTON VILLAGE HALL,STATE REPRESENTATIVE DISTRICT 78,,DONALD R. DEE MARGO,REP,171,4,114,0,289,175,114
El Paso,002-VINTON VILLAGE HALL,STATE REPRESENTATIVE DISTRICT 78,,JOE MOODY,DEM,330,1,358,5,694,331,363
El Paso,002-VINTON VILLAGE HALL,"CHIEF JUSTICE, COURT OF APPEALS 8TH DISTRICT",,ANN CRAWFORD MCCLURE,DEM,361,0,376,4,741,361,380
El Paso,002-VINTON VILLAGE HALL,"JUSTICE, 8TH COURT OF APPEALS DISTRICT, PLACE 2",,CHRIS ANTCLIFF,REP,127,4,85,1,217,131,86
El Paso,002-VINTON VILLAGE HALL,"JUSTICE, 8TH COURT OF APPEALS DISTRICT, PLACE 2",,YVONNE RODRIGUEZ,DEM,349,1,368,4,722,350,372
El Paso,002-VINTON VILLAGE HALL,"JUSTICE, 8TH COURT OF APPEALS DISTRICT, PLACE 3",,GUADALUPE LUPE RIVER,DEM,364,1,386,4,755,365,390
El Paso,002-VINTON VILLAGE HALL,"DISTRICT JUDGE, 34TH JUDICIAL DISTRICT",,BILL MOODY,DEM,377,1,393,4,775,378,397
El Paso,002-VINTON VILLAGE HALL,"DISTRICT JUDGE, 41ST JUDICIAL DISTRICT",,ANNA PEREZ,DEM,361,1,385,4,751,362,389
El Paso,002-VINTON VILLAGE HALL,"DISTRICT JUDGE, 243RD JUDICIAL DISTRICT",,BILLY DON HICKS,REP,126,4,84,1,215,130,85
El Paso,002-VINTON VILLAGE HALL,"DISTRICT JUDGE, 243RD JUDICIAL DISTRICT",,LUIS AGUILAR,DEM,346,0,369,3,718,346,372
El Paso,002-VINTON VILLAGE HALL,"DISTRICT JUDGE, 346TH JUDICIAL DISTRICT",,ANGIE J. BARILL,DEM,368,0,387,3,758,368,390
El Paso,002-VINTON VILLAGE HALL,"DISTRICT JUDGE, 383RD JUDICIAL DISTRICT",,MIKE HERRERA,DEM,366,0,389,3,758,366,392
El Paso,002-VINTON VILLAGE HALL,"DISTRICT JUDGE, 384TH JUDICIAL DISTRICT",,PATRICK M. GARCIA,DEM,365,0,383,3,751,365,386
El Paso,002-VINTON VILLAGE HALL,"DISTRICT JUDGE, 388TH JUDICIAL DISTRICT",,LAURA STRATHMANN,DEM,366,0,383,3,752,366,386
El Paso,002-VINTON VILLAGE HALL,"DISTRICT JUDGE, 409TH JUDICIAL DISTRICT",,SAM MEDRANO JR,DEM,367,1,384,3,755,368,387
El Paso,002-VINTON VILLAGE HALL,"DISTRICT JUDGE, 448TH JUDICIAL DISTRICT",,SERGIO H. ENRIQUEZ,DEM,367,0,384,3,754,367,387
El Paso,002-VINTON VILLAGE HALL,"CRIMINAL DISTRICT JUDGE, COURT NO. 1",,DIANE NAVARRETE,DEM,363,0,387,3,753,363,390
El Paso,002-VINTON VILLAGE HALL,"FAMILY DISTRICT JUDGE, 65TH JUDICIAL DISTRICT",,YAHARA L. GUTIERREZ,DEM,364,0,380,3,747,364,383
El Paso,002-VINTON VILLAGE HALL,"DISTRICT ATTORNEY, 34TH JUDICIAL DISTRICT",,JAIME ESPARZA,DEM,365,1,392,3,761,366,395
El Paso,002-VINTON VILLAGE HALL,"JUDGE, COUNTY CRIMINAL COURT NO. 3",,CARLOS CARRASCO,DEM,379,1,391,3,774,380,394
El Paso,002-VINTON VILLAGE HALL,"JUDGE, COUNTY CRIMINAL COURT NO. 4",,JESUS HERRERA,DEM,364,0,386,3,753,364,389
El Paso,002-VINTON VILLAGE HALL,COUNTY ATTORNEY,,JO ANNE BERNAL,DEM,368,0,386,3,757,368,389
El Paso,002-VINTON VILLAGE HALL,SHERIFF,,RICHARD D. WILES,DEM,384,1,391,3,779,385,394
El Paso,002-VINTON VILLAGE HALL,COUNTY TAX ASSESSOR COLLECTOR,,VICTOR A. FLORES,DEM,382,1,397,3,783,383,400
El Paso,002-VINTON VILLAGE HALL,"CONSTABLE, PRECINCT NO. 7",,KING MERRITT,REP,130,3,83,1,217,133,84
El Paso,002-VINTON VILLAGE HALL,"CONSTABLE, PRECINCT NO. 7",,ANGIE SOMMERS,DEM,357,0,371,3,731,357,374
El Paso,003-CANUTILLO MIDDLE SCHOOL,CANUTILLO ISD BOARD OF TRUSTEES,,NICHOLAS MALKANI,NP,100,6,68,0,174,106,68
El Paso,003-CANUTILLO MIDDLE SCHOOL,CANUTILLO ISD BOARD OF TRUSTEES,,GILBERT GARCIA,NP,150,4,137,0,291,154,137
El Paso,003-CANUTILLO MIDDLE SCHOOL,CANUTILLO ISD BOARD OF TRUSTEES,,LETICIA LETTY GONZAL,NP,242,9,254,0,505,251,254
El Paso,003-CANUTILLO MIDDLE SCHOOL,CANUTILLO ISD BOARD OF TRUSTEES,,ALFONSO AL FLORES,NP,124,10,106,0,240,134,106
El Paso,003-CANUTILLO MIDDLE SCHOOL,CANUTILLO ISD BOARD OF TRUSTEES,,ARMANDO RODRIGUEZ,NP,189,7,230,0,426,196,230
El Paso,003-CANUTILLO MIDDLE SCHOOL,CANUTILLO ISD BOARD OF TRUSTEES,,RACHEL MENDOZA QUINT,NP,224,10,233,0,467,234,233
El Paso,003-CANUTILLO MIDDLE SCHOOL,CANUTILLO ISD BOARD OF TRUSTEES,,ADRIAN MEDINA,NP,180,3,170,0,353,183,170
El Paso,003-CANUTILLO MIDDLE SCHOOL,STRAIGHT PARTY,,REPUBLICAN,REP,94,3,58,0,155,97,58
El Paso,003-CANUTILLO MIDDLE SCHOOL,STRAIGHT PARTY,,DEMOCRAT,DEM,159,7,207,0,373,166,207
El Paso,003-CANUTILLO MIDDLE SCHOOL,STRAIGHT PARTY,,LIBERTARIAN,LIB,1,0,1,0,2,1,1
El Paso,003-CANUTILLO MIDDLE SCHOOL,STRAIGHT PARTY,,GREEN,GRN,2,0,2,0,4,2,2
El Paso,003-CANUTILLO MIDDLE SCHOOL,US PRESIDENT,,MITT ROMNEY,REP,205,9,125,0,339,214,125
El Paso,003-CANUTILLO MIDDLE SCHOOL,US PRESIDENT,,BARACK OBAMA,DEM,269,10,334,0,613,279,334
El Paso,003-CANUTILLO MIDDLE SCHOOL,US PRESIDENT,,GARY JOHNSON,LIB,2,0,3,0,5,2,3
El Paso,003-CANUTILLO MIDDLE SCHOOL,US PRESIDENT,,JILL STEIN,GRN,3,0,1,0,4,3,1
El Paso,003-CANUTILLO MIDDLE SCHOOL,US PRESIDENT,,WRITE-IN,NP,0,0,0,0,0,0,0
El Paso,003-CANUTILLO MIDDLE SCHOOL,US SENATOR,,TED CRUZ,REP,202,9,153,0,364,211,153
El Paso,003-CANUTILLO MIDDLE SCHOOL,US SENATOR,,PAUL SADLER,DEM,246,8,272,0,526,254,272
El Paso,003-CANUTILLO MIDDLE SCHOOL,US SENATOR,,JOHN JAY MYERS,LIB,4,1,11,0,16,5,11
El Paso,003-CANUTILLO MIDDLE SCHOOL,US SENATOR,,DAVID B. COLLINS,GRN,8,0,7,0,15,8,7
El Paso,003-CANUTILLO MIDDLE SCHOOL,US REP DISTRICT 16,,BARBARA CARRASCO,REP,191,9,157,0,357,200,157
El Paso,003-CANUTILLO MIDDLE SCHOOL,US REP DISTRICT 16,,BETO OROURKE,DEM,268,10,290,0,568,278,290
El Paso,003-CANUTILLO MIDDLE SCHOOL,US REP DISTRICT 16,,JUNART SODOY,LIB,5,0,4,0,9,5,4
El Paso,003-CANUTILLO MIDDLE SCHOOL,RAILROAD COMMISSIONER,,CHRISTI CRADDICK,REP,178,8,117,0,303,186,117
El Paso,003-CANUTILLO MIDDLE SCHOOL,RAILROAD COMMISSIONER,,DALE HENRY,DEM,238,8,285,0,531,246,285
El Paso,003-CANUTILLO MIDDLE SCHOOL,RAILROAD COMMISSIONER,,VIVEKANANDA (VIK) WA,LIB,5,0,11,0,16,5,11
El Paso,003-CANUTILLO MIDDLE SCHOOL,RAILROAD COMMISSIONER,,CHRIS KENNEDY,GRN,21,0,21,0,42,21,21
El Paso,003-CANUTILLO MIDDLE SCHOOL,RAILROAD COMMISSIONER,,BARRY SMITHERMAN,REP,201,7,141,0,349,208,141
El Paso,003-CANUTILLO MIDDLE SCHOOL,RAILROAD COMMISSIONER,,JAIME O. PEREZ,LIB,123,4,155,0,282,127,155
El Paso,003-CANUTILLO MIDDLE SCHOOL,RAILROAD COMMISSIONER,,JOSH WENDEL,GRN,32,1,26,0,59,33,26
El Paso,003-CANUTILLO MIDDLE SCHOOL,"JUSTICE, SUPREME COURT, PLACE 2",,DON WILLETT,REP,243,12,208,0,463,255,208
El Paso,003-CANUTILLO MIDDLE SCHOOL,"JUSTICE, SUPREME COURT, PLACE 2",,RS ROBERT KOELSCH,LIB,113,2,105,0,220,115,105
El Paso,003-CANUTILLO MIDDLE SCHOOL,"JUSTICE, SUPREME COURT, PLACE 4",,JOHN DEVINE,REP,209,11,174,0,394,220,174
El Paso,003-CANUTILLO MIDDLE SCHOOL,"JUSTICE, SUPREME COURT, PLACE 4",,TOM OXFORD,LIB,94,2,100,0,196,96,100
El Paso,003-CANUTILLO MIDDLE SCHOOL,"JUSTICE, SUPREME COURT, PLACE 4",,CHARLES E. WATERBURY,GRN,37,1,35,0,73,38,35
El Paso,003-CANUTILLO MIDDLE SCHOOL,"JUSTICE, SUPREME COURT, PLACE 6",,NATHAN HECHT,REP,165,7,107,0,279,172,107
El Paso,003-CANUTILLO MIDDLE SCHOOL,"JUSTICE, SUPREME COURT, PLACE 6",,MICHELE PETTY,DEM,247,11,295,0,553,258,295
El Paso,003-CANUTILLO MIDDLE SCHOOL,"JUSTICE, SUPREME COURT, PLACE 6",,MARK ASH,LIB,13,0,18,0,31,13,18
El Paso,003-CANUTILLO MIDDLE SCHOOL,"JUSTICE, SUPREME COURT, PLACE 6",,JIM CHISHOLM,GRN,12,0,13,0,25,12,13
El Paso,003-CANUTILLO MIDDLE SCHOOL,"PRESIDING JUDGE, COURT OF CRIMINAL APPEALS",,SHARON KELLER,REP,180,6,131,0,317,186,131
El Paso,003-CANUTILLO MIDDLE SCHOOL,"PRESIDING JUDGE, COURT OF CRIMINAL APPEALS",,KEITH HAMPTON,DEM,245,10,285,0,540,255,285
El Paso,003-CANUTILLO MIDDLE SCHOOL,"PRESIDING JUDGE, COURT OF CRIMINAL APPEALS",,LANCE STOTT,LIB,13,1,13,0,27,14,13
El Paso,003-CANUTILLO MIDDLE SCHOOL,"JUDGE, COURT OF CRIMINAL APPEALS, PLACE 7",,BARBARA PARKER HERVE,REP,229,10,203,0,442,239,203
El Paso,003-CANUTILLO MIDDLE SCHOOL,"JUDGE, COURT OF CRIMINAL APPEALS, PLACE 7",,MARK W. BENNETT,LIB,112,4,119,0,235,116,119
El Paso,003-CANUTILLO MIDDLE SCHOOL,"JUDGE, COURT OF CRIMINAL APPEALS, PLACE 8",,ELSA ALCALA,REP,222,9,221,0,452,231,221
El Paso,003-CANUTILLO MIDDLE SCHOOL,"JUDGE, COURT OF CRIMINAL APPEALS, PLACE 8",,WILLIAM BRYAN STRANG,LIB,106,5,101,0,212,111,101
El Paso,003-CANUTILLO MIDDLE SCHOOL,MEMBER STATE BOARD OF EDUCATION DISTRICT 1,,CARLOS CHARLIE GARZA,REP,176,9,124,0,309,185,124
El Paso,003-CANUTILLO MIDDLE SCHOOL,MEMBER STATE BOARD OF EDUCATION DISTRICT 1,,MARTHA M. DOMINGUEZ,DEM,265,9,306,0,580,274,306
El Paso,003-CANUTILLO MIDDLE SCHOOL,STATE SENATOR DISTRICT 29,,DAN CHAVEZ,REP,178,10,119,0,307,188,119
El Paso,003-CANUTILLO MIDDLE SCHOOL,STATE SENATOR DISTRICT 29,,JOSE R. RODRIGUEZ,DEM,273,8,320,0,601,281,320
El Paso,003-CANUTILLO MIDDLE SCHOOL,STATE REPRESENTATIVE DISTRICT 78,,DONALD R. DEE MARGO,REP,194,9,143,0,346,203,143
El Paso,003-CANUTILLO MIDDLE SCHOOL,STATE REPRESENTATIVE DISTRICT 78,,JOE MOODY,DEM,272,9,308,0,589,281,308
El Paso,003-CANUTILLO MIDDLE SCHOOL,"CHIEF JUSTICE, COURT OF APPEALS 8TH DISTRICT",,ANN CRAWFORD MCCLURE,DEM,292,11,343,0,646,303,343
El Paso,003-CANUTILLO MIDDLE SCHOOL,"JUSTICE, 8TH COURT OF APPEALS DISTRICT, PLACE 2",,CHRIS ANTCLIFF,REP,205,10,135,0,350,215,135
El Paso,003-CANUTILLO MIDDLE SCHOOL,"JUSTICE, 8TH COURT OF APPEALS DISTRICT, PLACE 2",,YVONNE RODRIGUEZ,DEM,249,8,301,0,558,257,301
El Paso,003-CANUTILLO MIDDLE SCHOOL,"JUSTICE, 8TH COURT OF APPEALS DISTRICT, PLACE 3",,GUADALUPE LUPE RIVER,DEM,298,10,334,0,642,308,334
El Paso,003-CANUTILLO MIDDLE SCHOOL,"DISTRICT JUDGE, 34TH JUDICIAL DISTRICT",,BILL MOODY,DEM,303,10,339,0,652,313,339
El Paso,003-CANUTILLO MIDDLE SCHOOL,"DISTRICT JUDGE, 41ST JUDICIAL DISTRICT",,ANNA PEREZ,DEM,298,10,331,0,639,308,331
El Paso,003-CANUTILLO MIDDLE SCHOOL,"DISTRICT JUDGE, 243RD JUDICIAL DISTRICT",,BILLY DON HICKS,REP,191,7,131,0,329,198,131
El Paso,003-CANUTILLO MIDDLE SCHOOL,"DISTRICT JUDGE, 243RD JUDICIAL DISTRICT",,LUIS AGUILAR,DEM,250,9,295,0,554,259,295
El Paso,003-CANUTILLO MIDDLE SCHOOL,"DISTRICT JUDGE, 346TH JUDICIAL DISTRICT",,ANGIE J. BARILL,DEM,294,10,341,0,645,304,341
El Paso,003-CANUTILLO MIDDLE SCHOOL,"DISTRICT JUDGE, 383RD JUDICIAL DISTRICT",,MIKE HERRERA,DEM,291,10,338,0,639,301,338
El Paso,003-CANUTILLO MIDDLE SCHOOL,"DISTRICT JUDGE, 384TH JUDICIAL DISTRICT",,PATRICK M. GARCIA,DEM,292,10,329,0,631,302,329
El Paso,003-CANUTILLO MIDDLE SCHOOL,"DISTRICT JUDGE, 388TH JUDICIAL DISTRICT",,LAURA STRATHMANN,DEM,299,10,335,0,644,309,335
El Paso,003-CANUTILLO MIDDLE SCHOOL,"DISTRICT JUDGE, 409TH JUDICIAL DISTRICT",,SAM MEDRANO JR,DEM,291,10,336,0,637,301,336
El Paso,003-CANUTILLO MIDDLE SCHOOL,"DISTRICT JUDGE, 448TH JUDICIAL DISTRICT",,SERGIO H. ENRIQUEZ,DEM,288,10,336,0,634,298,336
El Paso,003-CANUTILLO MIDDLE SCHOOL,"CRIMINAL DISTRICT JUDGE, COURT NO. 1",,DIANE NAVARRETE,DEM,293,10,333,0,636,303,333
El Paso,003-CANUTILLO MIDDLE SCHOOL,"FAMILY DISTRICT JUDGE, 65TH JUDICIAL DISTRICT",,YAHARA L. GUTIERREZ,DEM,288,10,333,0,631,298,333
El Paso,003-CANUTILLO MIDDLE SCHOOL,"DISTRICT ATTORNEY, 34TH JUDICIAL DISTRICT",,JAIME ESPARZA,DEM,288,12,336,0,636,300,336
El Paso,003-CANUTILLO MIDDLE SCHOOL,"JUDGE, COUNTY CRIMINAL COURT NO. 3",,CARLOS CARRASCO,DEM,300,10,344,0,654,310,344
El Paso,003-CANUTILLO MIDDLE SCHOOL,"JUDGE, COUNTY CRIMINAL COURT NO. 4",,JESUS HERRERA,DEM,285,10,333,0,628,295,333
El Paso,003-CANUTILLO MIDDLE SCHOOL,COUNTY ATTORNEY,,JO ANNE BERNAL,DEM,295,10,331,0,636,305,331
El Paso,003-CANUTILLO MIDDLE SCHOOL,SHERIFF,,RICHARD D. WILES,DEM,325,12,345,0,682,337,345
El Paso,003-CANUTILLO MIDDLE SCHOOL,COUNTY TAX ASSESSOR COLLECTOR,,VICTOR A. FLORES,DEM,301,11,346,0,658,312,346
El Paso,003-CANUTILLO MIDDLE SCHOOL,"CONSTABLE, PRECINCT NO. 7",,KING MERRITT,REP,176,7,123,0,306,183,123
El Paso,003-CANUTILLO MIDDLE SCHOOL,"CONSTABLE, PRECINCT NO. 7",,ANGIE SOMMERS,DEM,280,9,318,0,607,289,318
El Paso,004-CANUTILLO ELEMENTARY,CANUTILLO ISD BOARD OF TRUSTEES,,NICHOLAS MALKANI,NP,99,2,61,0,162,101,61
El Paso,004-CANUTILLO ELEMENTARY,CANUTILLO ISD BOARD OF TRUSTEES,,GILBERT GARCIA,NP,136,5,102,0,243,141,102
El Paso,004-CANUTILLO ELEMENTARY,CANUTILLO ISD BOARD OF TRUSTEES,,LETICIA LETTY GONZAL,NP,248,5,193,0,446,253,193
El Paso,004-CANUTILLO ELEMENTARY,CANUTILLO ISD BOARD OF TRUSTEES,,ALFONSO AL FLORES,NP,101,3,93,0,197,104,93
El Paso,004-CANUTILLO ELEMENTARY,CANUTILLO ISD BOARD OF TRUSTEES,,ARMANDO RODRIGUEZ,NP,177,4,149,0,330,181,149
El Paso,004-CANUTILLO ELEMENTARY,CANUTILLO ISD BOARD OF TRUSTEES,,RACHEL MENDOZA QUINT,NP,225,3,175,0,403,228,175
El Paso,004-CANUTILLO ELEMENTARY,CANUTILLO ISD BOARD OF TRUSTEES,,ADRIAN MEDINA,NP,198,6,132,0,336,204,132
El Paso,004-CANUTILLO ELEMENTARY,STRAIGHT PARTY,,REPUBLICAN,REP,68,5,57,0,130,73,57
El Paso,004-CANUTILLO ELEMENTARY,STRAIGHT PARTY,,DEMOCRAT,DEM,192,4,164,0,360,196,164
El Paso,004-CANUTILLO ELEMENTARY,STRAIGHT PARTY,,LIBERTARIAN,LIB,0,0,1,0,1,0,1
El Paso,004-CANUTILLO ELEMENTARY,STRAIGHT PARTY,,GREEN,GRN,1,0,1,0,2,1,1
El Paso,004-CANUTILLO ELEMENTARY,US PRESIDENT,,MITT ROMNEY,REP,177,12,112,0,301,189,112
El Paso,004-CANUTILLO ELEMENTARY,US PRESIDENT,,BARACK OBAMA,DEM,294,7,237,0,538,301,237
El Paso,004-CANUTILLO ELEMENTARY,US PRESIDENT,,GARY JOHNSON,LIB,3,1,7,0,11,4,7
El Paso,004-CANUTILLO ELEMENTARY,US PRESIDENT,,JILL STEIN,GRN,1,0,3,0,4,1,3
El Paso,004-CANUTILLO ELEMENTARY,US PRESIDENT,,WRITE-IN,NP,1,0,0,0,1,1,0
El Paso,004-CANUTILLO ELEMENTARY,US SENATOR,,TED CRUZ,REP,175,10,118,0,303,185,118
El Paso,004-CANUTILLO ELEMENTARY,US SENATOR,,PAUL SADLER,DEM,270,6,214,0,490,276,214
El Paso,004-CANUTILLO ELEMENTARY,US SENATOR,,JOHN JAY MYERS,LIB,7,1,10,0,18,8,10
El Paso,004-CANUTILLO ELEMENTARY,US SENATOR,,DAVID B. COLLINS,GRN,4,0,2,0,6,4,2
El Paso,004-CANUTILLO ELEMENTARY,US REP DISTRICT 16,,BARBARA CARRASCO,REP,170,10,120,0,300,180,120
El Paso,004-CANUTILLO ELEMENTARY,US REP DISTRICT 16,,BETO OROURKE,DEM,293,8,226,0,527,301,226
El Paso,004-CANUTILLO ELEMENTARY,US REP DISTRICT 16,,JUNART SODOY,LIB,3,1,6,0,10,4,6
El Paso,004-CANUTILLO ELEMENTARY,RAILROAD COMMISSIONER,,CHRISTI CRADDICK,REP,160,10,92,0,262,170,92
El Paso,004-CANUTILLO ELEMENTARY,RAILROAD COMMISSIONER,,DALE HENRY,DEM,259,6,208,0,473,265,208
El Paso,004-CANUTILLO ELEMENTARY,RAILROAD COMMISSIONER,,VIVEKANANDA (VIK) WA,LIB,10,3,13,0,26,13,13
El Paso,004-CANUTILLO ELEMENTARY,RAILROAD COMMISSIONER,,CHRIS KENNEDY,GRN,15,0,14,0,29,15,14
El Paso,004-CANUTILLO ELEMENTARY,RAILROAD COMMISSIONER,,BARRY SMITHERMAN,REP,168,9,121,0,298,177,121
El Paso,004-CANUTILLO ELEMENTARY,RAILROAD COMMISSIONER,,JAIME O. PEREZ,LIB,136,3,119,0,258,139,119
El Paso,004-CANUTILLO ELEMENTARY,RAILROAD COMMISSIONER,,JOSH WENDEL,GRN,37,3,24,0,64,40,24
El Paso,004-CANUTILLO ELEMENTARY,"JUSTICE, SUPREME COURT, PLACE 2",,DON WILLETT,REP,208,12,147,0,367,220,147
El Paso,004-CANUTILLO ELEMENTARY,"JUSTICE, SUPREME COURT, PLACE 2",,RS ROBERT KOELSCH,LIB,120,4,106,0,230,124,106
El Paso,004-CANUTILLO ELEMENTARY,"JUSTICE, SUPREME COURT, PLACE 4",,JOHN DEVINE,REP,190,10,130,0,330,200,130
El Paso,004-CANUTILLO ELEMENTARY,"JUSTICE, SUPREME COURT, PLACE 4",,TOM OXFORD,LIB,87,5,92,0,184,92,92
El Paso,004-CANUTILLO ELEMENTARY,"JUSTICE, SUPREME COURT, PLACE 4",,CHARLES E. WATERBURY,GRN,46,1,27,0,74,47,27
El Paso,004-CANUTILLO ELEMENTARY,"JUSTICE, SUPREME COURT, PLACE 6",,NATHAN HECHT,REP,156,10,90,0,256,166,90
El Paso,004-CANUTILLO ELEMENTARY,"JUSTICE, SUPREME COURT, PLACE 6",,MICHELE PETTY,DEM,268,7,218,0,493,275,218
El Paso,004-CANUTILLO ELEMENTARY,"JUSTICE, SUPREME COURT, PLACE 6",,MARK ASH,LIB,11,1,15,0,27,12,15
El Paso,004-CANUTILLO ELEMENTARY,"JUSTICE, SUPREME COURT, PLACE 6",,JIM CHISHOLM,GRN,12,1,5,0,18,13,5
El Paso,004-CANUTILLO ELEMENTARY,"PRESIDING JUDGE, COURT OF CRIMINAL APPEALS",,SHARON KELLER,REP,162,11,104,0,277,173,104
El Paso,004-CANUTILLO ELEMENTARY,"PRESIDING JUDGE, COURT OF CRIMINAL APPEALS",,KEITH HAMPTON,DEM,270,6,206,0,482,276,206
El Paso,004-CANUTILLO ELEMENTARY,"PRESIDING JUDGE, COURT OF CRIMINAL APPEALS",,LANCE STOTT,LIB,15,1,17,0,33,16,17
El Paso,004-CANUTILLO ELEMENTARY,"JUDGE, COURT OF CRIMINAL APPEALS, PLACE 7",,BARBARA PARKER HERVE,REP,210,11,150,0,371,221,150
El Paso,004-CANUTILLO ELEMENTARY,"JUDGE, COURT OF CRIMINAL APPEALS, PLACE 7",,MARK W. BENNETT,LIB,117,4,99,0,220,121,99
El Paso,004-CANUTILLO ELEMENTARY,"JUDGE, COURT OF CRIMINAL APPEALS, PLACE 8",,ELSA ALCALA,REP,216,10,159,0,385,226,159
El Paso,004-CANUTILLO ELEMENTARY,"JUDGE, COURT OF CRIMINAL APPEALS, PLACE 8",,WILLIAM BRYAN STRANG,LIB,105,4,88,0,197,109,88
El Paso,004-CANUTILLO ELEMENTARY,MEMBER STATE BOARD OF EDUCATION DISTRICT 1,,CARLOS CHARLIE GARZA,REP,166,10,101,0,277,176,101
El Paso,004-CANUTILLO ELEMENTARY,MEMBER STATE BOARD OF EDUCATION DISTRICT 1,,MARTHA M. DOMINGUEZ,DEM,284,7,232,0,523,291,232
El Paso,004-CANUTILLO ELEMENTARY,STATE SENATOR DISTRICT 29,,DAN CHAVEZ,REP,159,11,99,0,269,170,99
El Paso,004-CANUTILLO ELEMENTARY,STATE SENATOR DISTRICT 29,,JOSE R. RODRIGUEZ,DEM,300,7,237,0,544,307,237
El Paso,004-CANUTILLO ELEMENTARY,STATE REPRESENTATIVE DISTRICT 78,,DONALD R. DEE MARGO,REP,176,11,124,0,311,187,124
El Paso,004-CANUTILLO ELEMENTARY,STATE REPRESENTATIVE DISTRICT 78,,JOE MOODY,DEM,293,8,227,0,528,301,227
El Paso,004-CANUTILLO ELEMENTARY,"CHIEF JUSTICE, COURT OF APPEALS 8TH DISTRICT",,ANN CRAWFORD MCCLURE,DEM,331,8,246,0,585,339,246
El Paso,004-CANUTILLO ELEMENTARY,"JUSTICE, 8TH COURT OF APPEALS DISTRICT, PLACE 2",,CHRIS ANTCLIFF,REP,176,10,99,0,285,186,99
El Paso,004-CANUTILLO ELEMENTARY,"JUSTICE, 8TH COURT OF APPEALS DISTRICT, PLACE 2",,YVONNE RODRIGUEZ,DEM,282,6,234,0,522,288,234
El Paso,004-CANUTILLO ELEMENTARY,"JUSTICE, 8TH COURT OF APPEALS DISTRICT, PLACE 3",,GUADALUPE LUPE RIVER,DEM,327,8,250,0,585,335,250
El Paso,004-CANUTILLO ELEMENTARY,"DISTRICT JUDGE, 34TH JUDICIAL DISTRICT",,BILL MOODY,DEM,323,9,250,0,582,332,250
El Paso,004-CANUTILLO ELEMENTARY,"DISTRICT JUDGE, 41ST JUDICIAL DISTRICT",,ANNA PEREZ,DEM,315,8,244,0,567,323,244
El Paso,004-CANUTILLO ELEMENTARY,"DISTRICT JUDGE, 243RD JUDICIAL DISTRICT",,BILLY DON HICKS,REP,169,11,109,0,289,180,109
El Paso,004-CANUTILLO ELEMENTARY,"DISTRICT JUDGE, 243RD JUDICIAL DISTRICT",,LUIS AGUILAR,DEM,275,6,220,0,501,281,220
El Paso,004-CANUTILLO ELEMENTARY,"DISTRICT JUDGE, 346TH JUDICIAL DISTRICT",,ANGIE J. BARILL,DEM,324,8,243,0,575,332,243
El Paso,004-CANUTILLO ELEMENTARY,"DISTRICT JUDGE, 383RD JUDICIAL DISTRICT",,MIKE HERRERA,DEM,316,8,244,0,568,324,244
El Paso,004-CANUTILLO ELEMENTARY,"DISTRICT JUDGE, 384TH JUDICIAL DISTRICT",,PATRICK M. GARCIA,DEM,317,9,244,0,570,326,244
El Paso,004-CANUTILLO ELEMENTARY,"DISTRICT JUDGE, 388TH JUDICIAL DISTRICT",,LAURA STRATHMANN,DEM,321,8,242,0,571,329,242
El Paso,004-CANUTILLO ELEMENTARY,"DISTRICT JUDGE, 409TH JUDICIAL DISTRICT",,SAM MEDRANO JR,DEM,312,8,247,0,567,320,247
El Paso,004-CANUTILLO ELEMENTARY,"DISTRICT JUDGE, 448TH JUDICIAL DISTRICT",,SERGIO H. ENRIQUEZ,DEM,311,8,240,0,559,319,240
El Paso,004-CANUTILLO ELEMENTARY,"CRIMINAL DISTRICT JUDGE, COURT NO. 1",,DIANE NAVARRETE,DEM,309,8,245,0,562,317,245
El Paso,004-CANUTILLO ELEMENTARY,"FAMILY DISTRICT JUDGE, 65TH JUDICIAL DISTRICT",,YAHARA L. GUTIERREZ,DEM,308,8,242,0,558,316,242
El Paso,004-CANUTILLO ELEMENTARY,"DISTRICT ATTORNEY, 34TH JUDICIAL DISTRICT",,JAIME ESPARZA,DEM,314,8,248,0,570,322,248
El Paso,004-CANUTILLO ELEMENTARY,"JUDGE, COUNTY CRIMINAL COURT NO. 3",,CARLOS CARRASCO,DEM,319,8,254,0,581,327,254
El Paso,004-CANUTILLO ELEMENTARY,"JUDGE, COUNTY CRIMINAL COURT NO. 4",,JESUS HERRERA,DEM,307,8,241,0,556,315,241
El Paso,004-CANUTILLO ELEMENTARY,COUNTY ATTORNEY,,JO ANNE BERNAL,DEM,317,8,244,0,569,325,244
El Paso,004-CANUTILLO ELEMENTARY,SHERIFF,,RICHARD D. WILES,DEM,344,7,247,0,598,351,247
El Paso,004-CANUTILLO ELEMENTARY,COUNTY TAX ASSESSOR COLLECTOR,,VICTOR A. FLORES,DEM,322,8,253,0,583,330,253
El Paso,004-CANUTILLO ELEMENTARY,"CONSTABLE, PRECINCT NO. 7",,KING MERRITT,REP,144,10,91,0,245,154,91
El Paso,004-CANUTILLO ELEMENTARY,"CONSTABLE, PRECINCT NO. 7",,ANGIE SOMMERS,DEM,306,7,242,0,555,313,242
El Paso,005-FIRE STATION 2,CANUTILLO ISD BOARD OF TRUSTEES,,NICHOLAS MALKANI,NP,287,9,131,0,427,296,131
El Paso,005-FIRE STATION 2,CANUTILLO ISD BOARD OF TRUSTEES,,GILBERT GARCIA,NP,318,8,206,0,532,326,206
El Paso,005-FIRE STATION 2,CANUTILLO ISD BOARD OF TRUSTEES,,LETICIA LETTY GONZAL,NP,525,13,371,1,910,538,372
El Paso,005-FIRE STATION 2,CANUTILLO ISD BOARD OF TRUSTEES,,ALFONSO AL FLORES,NP,292,7,285,0,584,299,285
El Paso,005-FIRE STATION 2,CANUTILLO ISD BOARD OF TRUSTEES,,ARMANDO RODRIGUEZ,NP,404,12,306,0,722,416,306
El Paso,005-FIRE STATION 2,CANUTILLO ISD BOARD OF TRUSTEES,,RACHEL MENDOZA QUINT,NP,466,11,297,1,775,477,298
El Paso,005-FIRE STATION 2,CANUTILLO ISD BOARD OF TRUSTEES,,ADRIAN MEDINA,NP,365,10,332,0,707,375,332
El Paso,005-FIRE STATION 2,"CITY OF EL PASO, PROPOSITION",,FOR (A FAVOR),NP,826,18,648,0,1492,844,648
El Paso,005-FIRE STATION 2,"CITY OF EL PASO, PROPOSITION",,AGAINST (EN CONTRA),NP,285,19,163,2,469,304,165
El Paso,005-FIRE STATION 2,"CITY OF EL PASO, PROPOSITION",,FOR (A FAVOR),NP,790,17,619,1,1427,807,620
El Paso,005-FIRE STATION 2,"CITY OF EL PASO, PROPOSITION",,AGAINST (EN CONTRA),NP,343,18,197,0,558,361,197
El Paso,005-FIRE STATION 2,"CITY OF EL PASO, PROPOSITION",,FOR (A FAVOR),NP,735,17,544,0,1296,752,544
El Paso,005-FIRE STATION 2,"CITY OF EL PASO, PROPOSITION",,AGAINST (EN CONTRA),NP,415,19,274,2,710,434,276
El Paso,005-FIRE STATION 2,STRAIGHT PARTY,,REPUBLICAN,REP,285,14,174,0,473,299,174
El Paso,005-FIRE STATION 2,STRAIGHT PARTY,,DEMOCRAT,DEM,411,3,374,1,789,414,375
El Paso,005-FIRE STATION 2,STRAIGHT PARTY,,LIBERTARIAN,LIB,4,0,3,0,7,4,3
El Paso,005-FIRE STATION 2,STRAIGHT PARTY,,GREEN,GRN,2,0,2,0,4,2,2
El Paso,005-FIRE STATION 2,US PRESIDENT,,MITT ROMNEY,REP,515,30,308,1,854,545,309
El Paso,005-FIRE STATION 2,US PRESIDENT,,BARACK OBAMA,DEM,637,9,516,1,1163,646,517
El Paso,005-FIRE STATION 2,US PRESIDENT,,GARY JOHNSON,LIB,15,0,4,0,19,15,4
El Paso,005-FIRE STATION 2,US PRESIDENT,,JILL STEIN,GRN,0,0,1,0,1,0,1
El Paso,005-FIRE STATION 2,US PRESIDENT,,WRITE-IN,NP,1,0,1,0,2,1,1
El Paso,005-FIRE STATION 2,US SENATOR,,TED CRUZ,REP,526,28,331,1,886,554,332
El Paso,005-FIRE STATION 2,US SENATOR,,PAUL SADLER,DEM,568,9,452,1,1030,577,453
El Paso,005-FIRE STATION 2,US SENATOR,,JOHN JAY MYERS,LIB,25,1,11,0,37,26,11
El Paso,005-FIRE STATION 2,US SENATOR,,DAVID B. COLLINS,GRN,9,0,11,0,20,9,11
El Paso,005-FIRE STATION 2,US REP DISTRICT 16,,BARBARA CARRASCO,REP,466,24,306,1,797,490,307
El Paso,005-FIRE STATION 2,US REP DISTRICT 16,,BETO OROURKE,DEM,677,14,502,1,1194,691,503
El Paso,005-FIRE STATION 2,US REP DISTRICT 16,,JUNART SODOY,LIB,12,1,13,0,26,13,13
El Paso,005-FIRE STATION 2,RAILROAD COMMISSIONER,,CHRISTI CRADDICK,REP,483,28,272,1,784,511,273
El Paso,005-FIRE STATION 2,RAILROAD COMMISSIONER,,DALE HENRY,DEM,557,8,460,1,1026,565,461
El Paso,005-FIRE STATION 2,RAILROAD COMMISSIONER,,VIVEKANANDA (VIK) WA,LIB,33,1,10,0,44,34,10
El Paso,005-FIRE STATION 2,RAILROAD COMMISSIONER,,CHRIS KENNEDY,GRN,31,1,38,0,70,32,38
El Paso,005-FIRE STATION 2,RAILROAD COMMISSIONER,,BARRY SMITHERMAN,REP,529,33,315,1,878,562,316
El Paso,005-FIRE STATION 2,RAILROAD COMMISSIONER,,JAIME O. PEREZ,LIB,309,1,262,0,572,310,262
El Paso,005-FIRE STATION 2,RAILROAD COMMISSIONER,,JOSH WENDEL,GRN,81,0,74,1,156,81,75
El Paso,005-FIRE STATION 2,"JUSTICE, SUPREME COURT, PLACE 2",,DON WILLETT,REP,596,31,396,1,1024,627,397
El Paso,005-FIRE STATION 2,"JUSTICE, SUPREME COURT, PLACE 2",,RS ROBERT KOELSCH,LIB,298,3,244,1,546,301,245
El Paso,005-FIRE STATION 2,"JUSTICE, SUPREME COURT, PLACE 4",,JOHN DEVINE,REP,581,30,363,0,974,611,363
El Paso,005-FIRE STATION 2,"JUSTICE, SUPREME COURT, PLACE 4",,TOM OXFORD,LIB,228,5,186,2,421,233,188
El Paso,005-FIRE STATION 2,"JUSTICE, SUPREME COURT, PLACE 4",,CHARLES E. WATERBURY,GRN,94,0,96,0,190,94,96
El Paso,005-FIRE STATION 2,"JUSTICE, SUPREME COURT, PLACE 6",,NATHAN HECHT,REP,454,28,246,0,728,482,246
El Paso,005-FIRE STATION 2,"JUSTICE, SUPREME COURT, PLACE 6",,MICHELE PETTY,DEM,582,8,482,1,1073,590,483
El Paso,005-FIRE STATION 2,"JUSTICE, SUPREME COURT, PLACE 6",,MARK ASH,LIB,39,2,23,1,65,41,24
El Paso,005-FIRE STATION 2,"JUSTICE, SUPREME COURT, PLACE 6",,JIM CHISHOLM,GRN,21,0,25,0,46,21,25
El Paso,005-FIRE STATION 2,"PRESIDING JUDGE, COURT OF CRIMINAL APPEALS",,SHARON KELLER,REP,488,29,274,0,791,517,274
El Paso,005-FIRE STATION 2,"PRESIDING JUDGE, COURT OF CRIMINAL APPEALS",,KEITH HAMPTON,DEM,562,9,468,0,1039,571,468
El Paso,005-FIRE STATION 2,"PRESIDING JUDGE, COURT OF CRIMINAL APPEALS",,LANCE STOTT,LIB,38,0,29,1,68,38,30
El Paso,005-FIRE STATION 2,"JUDGE, COURT OF CRIMINAL APPEALS, PLACE 7",,BARBARA PARKER HERVE,REP,608,33,403,0,1044,641,403
El Paso,005-FIRE STATION 2,"JUDGE, COURT OF CRIMINAL APPEALS, PLACE 7",,MARK W. BENNETT,LIB,274,1,232,1,508,275,233
El Paso,005-FIRE STATION 2,"JUDGE, COURT OF CRIMINAL APPEALS, PLACE 8",,ELSA ALCALA,REP,605,32,438,0,1075,637,438
El Paso,005-FIRE STATION 2,"JUDGE, COURT OF CRIMINAL APPEALS, PLACE 8",,WILLIAM BRYAN STRANG,LIB,271,2,198,1,472,273,199
El Paso,005-FIRE STATION 2,MEMBER STATE BOARD OF EDUCATION DISTRICT 1,,CARLOS CHARLIE GARZA,REP,489,30,280,0,799,519,280
El Paso,005-FIRE STATION 2,MEMBER STATE BOARD OF EDUCATION DISTRICT 1,,MARTHA M. DOMINGUEZ,DEM,598,8,494,1,1101,606,495
El Paso,005-FIRE STATION 2,STATE SENATOR DISTRICT 29,,DAN CHAVEZ,REP,472,27,276,0,775,499,276
El Paso,005-FIRE STATION 2,STATE SENATOR DISTRICT 29,,JOSE R. RODRIGUEZ,DEM,640,11,513,2,1166,651,515
El Paso,005-FIRE STATION 2,STATE REPRESENTATIVE DISTRICT 78,,DONALD R. DEE MARGO,REP,558,28,316,0,902,586,316
El Paso,005-FIRE STATION 2,STATE REPRESENTATIVE DISTRICT 78,,JOE MOODY,DEM,587,10,495,2,1094,597,497
El Paso,005-FIRE STATION 2,"CHIEF JUSTICE, COURT OF APPEALS 8TH DISTRICT",,ANN CRAWFORD MCCLURE,DEM,718,16,571,2,1307,734,573
El Paso,005-FIRE STATION 2,"JUSTICE, 8TH COURT OF APPEALS DISTRICT, PLACE 2",,CHRIS ANTCLIFF,REP,530,31,289,1,851,561,290
El Paso,005-FIRE STATION 2,"JUSTICE, 8TH COURT OF APPEALS DISTRICT, PLACE 2",,YVONNE RODRIGUEZ,DEM,569,7,490,1,1067,576,491
El Paso,005-FIRE STATION 2,"JUSTICE, 8TH COURT OF APPEALS DISTRICT, PLACE 3",,GUADALUPE LUPE RIVER,DEM,713,16,574,2,1305,729,576
El Paso,005-FIRE STATION 2,"DISTRICT JUDGE, 34TH JUDICIAL DISTRICT",,BILL MOODY,DEM,719,17,578,1,1315,736,579
El Paso,005-FIRE STATION 2,"DISTRICT JUDGE, 41ST JUDICIAL DISTRICT",,ANNA PEREZ,DEM,710,15,569,2,1296,725,571
El Paso,005-FIRE STATION 2,"DISTRICT JUDGE, 243RD JUDICIAL DISTRICT",,BILLY DON HICKS,REP,526,31,292,0,849,557,292
El Paso,005-FIRE STATION 2,"DISTRICT JUDGE, 243RD JUDICIAL DISTRICT",,LUIS AGUILAR,DEM,582,7,486,2,1077,589,488
El Paso,005-FIRE STATION 2,"DISTRICT JUDGE, 346TH JUDICIAL DISTRICT",,ANGIE J. BARILL,DEM,710,16,564,2,1292,726,566
El Paso,005-FIRE STATION 2,"DISTRICT JUDGE, 383RD JUDICIAL DISTRICT",,MIKE HERRERA,DEM,704,16,566,2,1288,720,568
El Paso,005-FIRE STATION 2,"DISTRICT JUDGE, 384TH JUDICIAL DISTRICT",,PATRICK M. GARCIA,DEM,690,16,561,2,1269,706,563
El Paso,005-FIRE STATION 2,"DISTRICT JUDGE, 388TH JUDICIAL DISTRICT",,LAURA STRATHMANN,DEM,727,16,567,1,1311,743,568
El Paso,005-FIRE STATION 2,"DISTRICT JUDGE, 409TH JUDICIAL DISTRICT",,SAM MEDRANO JR,DEM,695,16,563,1,1275,711,564
El Paso,005-FIRE STATION 2,"DISTRICT JUDGE, 448TH JUDICIAL DISTRICT",,SERGIO H. ENRIQUEZ,DEM,684,16,568,1,1269,700,569
El Paso,005-FIRE STATION 2,"CRIMINAL DISTRICT JUDGE, COURT NO. 1",,DIANE NAVARRETE,DEM,706,16,567,1,1290,722,568
El Paso,005-FIRE STATION 2,"FAMILY DISTRICT JUDGE, 65TH JUDICIAL DISTRICT",,YAHARA L. GUTIERREZ,DEM,700,16,561,1,1278,716,562
El Paso,005-FIRE STATION 2,"DISTRICT ATTORNEY, 34TH JUDICIAL DISTRICT",,JAIME ESPARZA,DEM,715,16,560,2,1293,731,562
El Paso,005-FIRE STATION 2,"JUDGE, COUNTY CRIMINAL COURT NO. 3",,CARLOS CARRASCO,DEM,701,16,573,2,1292,717,575
El Paso,005-FIRE STATION 2,"JUDGE, COUNTY CRIMINAL COURT NO. 4",,JESUS HERRERA,DEM,692,16,566,1,1275,708,567
El Paso,005-FIRE STATION 2,COUNTY ATTORNEY,,JO ANNE BERNAL,DEM,700,16,558,1,1275,716,559
El Paso,005-FIRE STATION 2,SHERIFF,,RICHARD D. WILES,DEM,755,17,588,1,1361,772,589
El Paso,005-FIRE STATION 2,COUNTY TAX ASSESSOR COLLECTOR,,VICTOR A. FLORES,DEM,732,18,578,1,1329,750,579
El Paso,005-FIRE STATION 2,"CONSTABLE, PRECINCT NO. 7",,KING MERRITT,REP,489,28,298,0,815,517,298
El Paso,005-FIRE STATION 2,"CONSTABLE, PRECINCT NO. 7",,ANGIE SOMMERS,DEM,607,10,494,1,1112,617,495
El Paso,006-TENNIS WEST,"CITY OF EL PASO, PROPOSITION",,FOR (A FAVOR),NP,406,21,247,0,674,427,247
El Paso,006-TENNIS WEST,"CITY OF EL PASO, PROPOSITION",,AGAINST (EN CONTRA),NP,187,8,88,1,284,195,89
El Paso,006-TENNIS WEST,"CITY OF EL PASO, PROPOSITION",,FOR (A FAVOR),NP,384,18,234,0,636,402,234
El Paso,006-TENNIS WEST,"CITY OF EL PASO, PROPOSITION",,AGAINST (EN CONTRA),NP,199,11,97,1,308,210,98
El Paso,006-TENNIS WEST,"CITY OF EL PASO, PROPOSITION",,FOR (A FAVOR),NP,391,16,235,0,642,407,235
El Paso,006-TENNIS WEST,"CITY OF EL PASO, PROPOSITION",,AGAINST (EN CONTRA),NP,198,9,96,1,304,207,97
El Paso,006-TENNIS WEST,STRAIGHT PARTY,,REPUBLICAN,REP,167,8,86,0,261,175,86
El Paso,006-TENNIS WEST,STRAIGHT PARTY,,DEMOCRAT,DEM,68,1,65,0,134,69,65
El Paso,006-TENNIS WEST,STRAIGHT PARTY,,LIBERTARIAN,LIB,3,0,1,0,4,3,1
El Paso,006-TENNIS WEST,STRAIGHT PARTY,,GREEN,GRN,0,0,1,0,1,0,1
El Paso,006-TENNIS WEST,US PRESIDENT,,MITT ROMNEY,REP,406,25,198,1,630,431,199
El Paso,006-TENNIS WEST,US PRESIDENT,,BARACK OBAMA,DEM,183,8,134,0,325,191,134
El Paso,006-TENNIS WEST,US PRESIDENT,,GARY JOHNSON,LIB,4,0,2,0,6,4,2
El Paso,006-TENNIS WEST,US PRESIDENT,,JILL STEIN,GRN,3,1,0,0,4,4,0
El Paso,006-TENNIS WEST,US PRESIDENT,,WRITE-IN,NP,0,0,1,0,1,0,1
El Paso,006-TENNIS WEST,US SENATOR,,TED CRUZ,REP,405,25,182,1,613,430,183
El Paso,006-TENNIS WEST,US SENATOR,,PAUL SADLER,DEM,174,6,119,0,299,180,119
El Paso,006-TENNIS WEST,US SENATOR,,JOHN JAY MYERS,LIB,3,0,9,0,12,3,9
El Paso,006-TENNIS WEST,US SENATOR,,DAVID B. COLLINS,GRN,3,2,7,0,12,5,7
El Paso,006-TENNIS WEST,US REP DISTRICT 16,,BARBARA CARRASCO,REP,314,19,160,1,494,333,161
El Paso,006-TENNIS WEST,US REP DISTRICT 16,,BETO OROURKE,DEM,276,14,171,0,461,290,171
El Paso,006-TENNIS WEST,US REP DISTRICT 16,,JUNART SODOY,LIB,3,0,4,0,7,3,4
El Paso,006-TENNIS WEST,RAILROAD COMMISSIONER,,CHRISTI CRADDICK,REP,379,22,173,1,575,401,174
El Paso,006-TENNIS WEST,RAILROAD COMMISSIONER,,DALE HENRY,DEM,156,3,111,0,270,159,111
El Paso,006-TENNIS WEST,RAILROAD COMMISSIONER,,VIVEKANANDA (VIK) WA,LIB,9,2,11,0,22,11,11
El Paso,006-TENNIS WEST,RAILROAD COMMISSIONER,,CHRIS KENNEDY,GRN,10,2,12,0,24,12,12
El Paso,006-TENNIS WEST,RAILROAD COMMISSIONER,,BARRY SMITHERMAN,REP,403,23,194,1,621,426,195
El Paso,006-TENNIS WEST,RAILROAD COMMISSIONER,,JAIME O. PEREZ,LIB,85,1,63,0,149,86,63
El Paso,006-TENNIS WEST,RAILROAD COMMISSIONER,,JOSH WENDEL,GRN,33,5,19,0,57,38,19
El Paso,006-TENNIS WEST,"JUSTICE, SUPREME COURT, PLACE 2",,DON WILLETT,REP,425,25,204,1,655,450,205
El Paso,006-TENNIS WEST,"JUSTICE, SUPREME COURT, PLACE 2",,RS ROBERT KOELSCH,LIB,95,2,65,0,162,97,65
El Paso,006-TENNIS WEST,"JUSTICE, SUPREME COURT, PLACE 4",,JOHN DEVINE,REP,405,25,198,1,629,430,199
El Paso,006-TENNIS WEST,"JUSTICE, SUPREME COURT, PLACE 4",,TOM OXFORD,LIB,76,0,47,0,123,76,47
El Paso,006-TENNIS WEST,"JUSTICE, SUPREME COURT, PLACE 4",,CHARLES E. WATERBURY,GRN,35,4,25,0,64,39,25
El Paso,006-TENNIS WEST,"JUSTICE, SUPREME COURT, PLACE 6",,NATHAN HECHT,REP,368,24,172,1,565,392,173
El Paso,006-TENNIS WEST,"JUSTICE, SUPREME COURT, PLACE 6",,MICHELE PETTY,DEM,157,3,116,0,276,160,116
El Paso,006-TENNIS WEST,"JUSTICE, SUPREME COURT, PLACE 6",,MARK ASH,LIB,21,0,8,0,29,21,8
El Paso,006-TENNIS WEST,"JUSTICE, SUPREME COURT, PLACE 6",,JIM CHISHOLM,GRN,9,2,8,0,19,11,8
El Paso,006-TENNIS WEST,"PRESIDING JUDGE, COURT OF CRIMINAL APPEALS",,SHARON KELLER,REP,379,23,181,1,584,402,182
El Paso,006-TENNIS WEST,"PRESIDING JUDGE, COURT OF CRIMINAL APPEALS",,KEITH HAMPTON,DEM,159,5,109,0,273,164,109
El Paso,006-TENNIS WEST,"PRESIDING JUDGE, COURT OF CRIMINAL APPEALS",,LANCE STOTT,LIB,17,1,10,0,28,18,10
El Paso,006-TENNIS WEST,"JUDGE, COURT OF CRIMINAL APPEALS, PLACE 7",,BARBARA PARKER HERVE,REP,411,23,207,1,642,434,208
El Paso,006-TENNIS WEST,"JUDGE, COURT OF CRIMINAL APPEALS, PLACE 7",,MARK W. BENNETT,LIB,99,5,65,0,169,104,65
El Paso,006-TENNIS WEST,"JUDGE, COURT OF CRIMINAL APPEALS, PLACE 8",,ELSA ALCALA,REP,419,24,212,1,656,443,213
El Paso,006-TENNIS WEST,"JUDGE, COURT OF CRIMINAL APPEALS, PLACE 8",,WILLIAM BRYAN STRANG,LIB,91,4,56,0,151,95,56
El Paso,006-TENNIS WEST,MEMBER STATE BOARD OF EDUCATION DISTRICT 1,,CARLOS CHARLIE GARZA,REP,381,25,185,1,592,406,186
El Paso,006-TENNIS WEST,MEMBER STATE BOARD OF EDUCATION DISTRICT 1,,MARTHA M. DOMINGUEZ,DEM,173,3,115,0,291,176,115
El Paso,006-TENNIS WEST,STATE SENATOR DISTRICT 29,,DAN CHAVEZ,REP,360,24,169,1,554,384,170
El Paso,006-TENNIS WEST,STATE SENATOR DISTRICT 29,,JOSE R. RODRIGUEZ,DEM,205,7,137,0,349,212,137
El Paso,006-TENNIS WEST,STATE REPRESENTATIVE DISTRICT 78,,DONALD R. DEE MARGO,REP,415,27,199,1,642,442,200
El Paso,006-TENNIS WEST,STATE REPRESENTATIVE DISTRICT 78,,JOE MOODY,DEM,175,4,124,0,303,179,124
El Paso,006-TENNIS WEST,"CHIEF JUSTICE, COURT OF APPEALS 8TH DISTRICT",,ANN CRAWFORD MCCLURE,DEM,267,12,166,0,445,279,166
El Paso,006-TENNIS WEST,"JUSTICE, 8TH COURT OF APPEALS DISTRICT, PLACE 2",,CHRIS ANTCLIFF,REP,425,28,195,1,649,453,196
El Paso,006-TENNIS WEST,"JUSTICE, 8TH COURT OF APPEALS DISTRICT, PLACE 2",,YVONNE RODRIGUEZ,DEM,139,2,110,0,251,141,110
El Paso,006-TENNIS WEST,"JUSTICE, 8TH COURT OF APPEALS DISTRICT, PLACE 3",,GUADALUPE LUPE RIVER,DEM,260,12,161,0,433,272,161
El Paso,006-TENNIS WEST,"DISTRICT JUDGE, 34TH JUDICIAL DISTRICT",,BILL MOODY,DEM,269,12,160,0,441,281,160
El Paso,006-TENNIS WEST,"DISTRICT JUDGE, 41ST JUDICIAL DISTRICT",,ANNA PEREZ,DEM,251,10,158,0,419,261,158
El Paso,006-TENNIS WEST,"DISTRICT JUDGE, 243RD JUDICIAL DISTRICT",,BILLY DON HICKS,REP,418,28,198,1,645,446,199
El Paso,006-TENNIS WEST,"DISTRICT JUDGE, 243RD JUDICIAL DISTRICT",,LUIS AGUILAR,DEM,148,2,108,0,258,150,108
El Paso,006-TENNIS WEST,"DISTRICT JUDGE, 346TH JUDICIAL DISTRICT",,ANGIE J. BARILL,DEM,251,9,158,0,418,260,158
El Paso,006-TENNIS WEST,"DISTRICT JUDGE, 383RD JUDICIAL DISTRICT",,MIKE HERRERA,DEM,245,9,156,0,410,254,156
El Paso,006-TENNIS WEST,"DISTRICT JUDGE, 384TH JUDICIAL DISTRICT",,PATRICK M. GARCIA,DEM,242,10,153,0,405,252,153
El Paso,006-TENNIS WEST,"DISTRICT JUDGE, 388TH JUDICIAL DISTRICT",,LAURA STRATHMANN,DEM,265,11,159,0,435,276,159
El Paso,006-TENNIS WEST,"DISTRICT JUDGE, 409TH JUDICIAL DISTRICT",,SAM MEDRANO JR,DEM,248,10,156,0,414,258,156
El Paso,006-TENNIS WEST,"DISTRICT JUDGE, 448TH JUDICIAL DISTRICT",,SERGIO H. ENRIQUEZ,DEM,239,9,154,0,402,248,154
El Paso,006-TENNIS WEST,"CRIMINAL DISTRICT JUDGE, COURT NO. 1",,DIANE NAVARRETE,DEM,241,11,153,1,406,252,154
El Paso,006-TENNIS WEST,"FAMILY DISTRICT JUDGE, 65TH JUDICIAL DISTRICT",,YAHARA L. GUTIERREZ,DEM,240,9,152,0,401,249,152
El Paso,006-TENNIS WEST,"DISTRICT ATTORNEY, 34TH JUDICIAL DISTRICT",,JAIME ESPARZA,DEM,266,11,154,0,431,277,154
El Paso,006-TENNIS WEST,"JUDGE, COUNTY CRIMINAL COURT NO. 3",,CARLOS CARRASCO,DEM,240,10,153,0,403,250,153
El Paso,006-TENNIS WEST,"JUDGE, COUNTY CRIMINAL COURT NO. 4",,JESUS HERRERA,DEM,236,9,149,0,394,245,149
El Paso,006-TENNIS WEST,COUNTY ATTORNEY,,JO ANNE BERNAL,DEM,254,10,151,0,415,264,151
El Paso,006-TENNIS WEST,SHERIFF,,RICHARD D. WILES,DEM,283,13,160,0,456,296,160
El Paso,006-TENNIS WEST,COUNTY TAX ASSESSOR COLLECTOR,,VICTOR A. FLORES,DEM,264,17,164,0,445,281,164
El Paso,006-TENNIS WEST,"CONSTABLE, PRECINCT NO. 7",,KING MERRITT,REP,359,23,168,1,551,382,169
El Paso,006-TENNIS WEST,"CONSTABLE, PRECINCT NO. 7",,ANGIE SOMMERS,DEM,200,4,137,0,341,204,137
El Paso,007-LINCOLN MIDDLE,"CITY OF EL PASO, PROPOSITION",,FOR (A FAVOR),NP,614,28,426,1,1069,642,427
El Paso,007-LINCOLN MIDDLE,"CITY OF EL PASO, PROPOSITION",,AGAINST (EN CONTRA),NP,305,15,146,1,467,320,147
El Paso,007-LINCOLN MIDDLE,"CITY OF EL PASO, PROPOSITION",,FOR (A FAVOR),NP,576,23,392,1,992,599,393
El Paso,007-LINCOLN MIDDLE,"CITY OF EL PASO, PROPOSITION",,AGAINST (EN CONTRA),NP,325,20,177,1,523,345,178
El Paso,007-LINCOLN MIDDLE,"CITY OF EL PASO, PROPOSITION",,FOR (A FAVOR),NP,519,20,378,1,918,539,379
El Paso,007-LINCOLN MIDDLE,"CITY OF EL PASO, PROPOSITION",,AGAINST (EN CONTRA),NP,385,22,199,1,607,407,200
El Paso,007-LINCOLN MIDDLE,STRAIGHT PARTY,,REPUBLICAN,REP,216,14,131,0,361,230,131
El Paso,007-LINCOLN MIDDLE,STRAIGHT PARTY,,DEMOCRAT,DEM,209,7,142,1,359,216,143
El Paso,007-LINCOLN MIDDLE,STRAIGHT PARTY,,LIBERTARIAN,LIB,2,1,3,0,6,3,3
El Paso,007-LINCOLN MIDDLE,STRAIGHT PARTY,,GREEN,GRN,0,0,0,0,0,0,0
El Paso,007-LINCOLN MIDDLE,US PRESIDENT,,MITT ROMNEY,REP,495,30,281,0,806,525,281
El Paso,007-LINCOLN MIDDLE,US PRESIDENT,,BARACK OBAMA,DEM,410,15,292,2,719,425,294
El Paso,007-LINCOLN MIDDLE,US PRESIDENT,,GARY JOHNSON,LIB,12,1,5,0,18,13,5
El Paso,007-LINCOLN MIDDLE,US PRESIDENT,,JILL STEIN,GRN,3,0,4,0,7,3,4
El Paso,007-LINCOLN MIDDLE,US PRESIDENT,,WRITE-IN,NP,3,2,1,0,6,5,1
El Paso,007-LINCOLN MIDDLE,US SENATOR,,TED CRUZ,REP,505,28,270,0,803,533,270
El Paso,007-LINCOLN MIDDLE,US SENATOR,,PAUL SADLER,DEM,374,14,250,1,639,388,251
El Paso,007-LINCOLN MIDDLE,US SENATOR,,JOHN JAY MYERS,LIB,13,1,13,0,27,14,13
El Paso,007-LINCOLN MIDDLE,US SENATOR,,DAVID B. COLLINS,GRN,8,0,16,1,25,8,17
El Paso,007-LINCOLN MIDDLE,US REP DISTRICT 16,,BARBARA CARRASCO,REP,424,18,235,0,677,442,235
El Paso,007-LINCOLN MIDDLE,US REP DISTRICT 16,,BETO OROURKE,DEM,481,26,318,2,827,507,320
El Paso,007-LINCOLN MIDDLE,US REP DISTRICT 16,,JUNART SODOY,LIB,10,1,12,0,23,11,12
El Paso,007-LINCOLN MIDDLE,RAILROAD COMMISSIONER,,CHRISTI CRADDICK,REP,463,29,239,1,732,492,240
El Paso,007-LINCOLN MIDDLE,RAILROAD COMMISSIONER,,DALE HENRY,DEM,353,11,242,1,607,364,243
El Paso,007-LINCOLN MIDDLE,RAILROAD COMMISSIONER,,VIVEKANANDA (VIK) WA,LIB,19,1,25,0,45,20,25
El Paso,007-LINCOLN MIDDLE,RAILROAD COMMISSIONER,,CHRIS KENNEDY,GRN,34,1,23,0,58,35,23
El Paso,007-LINCOLN MIDDLE,RAILROAD COMMISSIONER,,BARRY SMITHERMAN,REP,496,32,261,0,789,528,261
El Paso,007-LINCOLN MIDDLE,RAILROAD COMMISSIONER,,JAIME O. PEREZ,LIB,208,5,130,2,345,213,132
El Paso,007-LINCOLN MIDDLE,RAILROAD COMMISSIONER,,JOSH WENDEL,GRN,81,1,65,0,147,82,65
El Paso,007-LINCOLN MIDDLE,"JUSTICE, SUPREME COURT, PLACE 2",,DON WILLETT,REP,548,32,313,1,894,580,314
El Paso,007-LINCOLN MIDDLE,"JUSTICE, SUPREME COURT, PLACE 2",,RS ROBERT KOELSCH,LIB,224,5,143,1,373,229,144
El Paso,007-LINCOLN MIDDLE,"JUSTICE, SUPREME COURT, PLACE 4",,JOHN DEVINE,REP,510,31,294,1,836,541,295
El Paso,007-LINCOLN MIDDLE,"JUSTICE, SUPREME COURT, PLACE 4",,TOM OXFORD,LIB,177,5,115,1,298,182,116
El Paso,007-LINCOLN MIDDLE,"JUSTICE, SUPREME COURT, PLACE 4",,CHARLES E. WATERBURY,GRN,85,2,51,0,138,87,51
El Paso,007-LINCOLN MIDDLE,"JUSTICE, SUPREME COURT, PLACE 6",,NATHAN HECHT,REP,444,26,232,0,702,470,232
El Paso,007-LINCOLN MIDDLE,"JUSTICE, SUPREME COURT, PLACE 6",,MICHELE PETTY,DEM,383,14,254,2,653,397,256
El Paso,007-LINCOLN MIDDLE,"JUSTICE, SUPREME COURT, PLACE 6",,MARK ASH,LIB,23,2,27,0,52,25,27
El Paso,007-LINCOLN MIDDLE,"JUSTICE, SUPREME COURT, PLACE 6",,JIM CHISHOLM,GRN,21,0,18,0,39,21,18
El Paso,007-LINCOLN MIDDLE,"PRESIDING JUDGE, COURT OF CRIMINAL APPEALS",,SHARON KELLER,REP,478,29,245,0,752,507,245
El Paso,007-LINCOLN MIDDLE,"PRESIDING JUDGE, COURT OF CRIMINAL APPEALS",,KEITH HAMPTON,DEM,358,12,249,2,621,370,251
El Paso,007-LINCOLN MIDDLE,"PRESIDING JUDGE, COURT OF CRIMINAL APPEALS",,LANCE STOTT,LIB,31,2,27,0,60,33,27
El Paso,007-LINCOLN MIDDLE,"JUDGE, COURT OF CRIMINAL APPEALS, PLACE 7",,BARBARA PARKER HERVE,REP,551,33,303,0,887,584,303
El Paso,007-LINCOLN MIDDLE,"JUDGE, COURT OF CRIMINAL APPEALS, PLACE 7",,MARK W. BENNETT,LIB,215,5,155,2,377,220,157
El Paso,007-LINCOLN MIDDLE,"JUDGE, COURT OF CRIMINAL APPEALS, PLACE 8",,ELSA ALCALA,REP,549,30,317,0,896,579,317
El Paso,007-LINCOLN MIDDLE,"JUDGE, COURT OF CRIMINAL APPEALS, PLACE 8",,WILLIAM BRYAN STRANG,LIB,210,8,138,2,358,218,140
El Paso,007-LINCOLN MIDDLE,MEMBER STATE BOARD OF EDUCATION DISTRICT 1,,CARLOS CHARLIE GARZA,REP,458,26,249,0,733,484,249
El Paso,007-LINCOLN MIDDLE,MEMBER STATE BOARD OF EDUCATION DISTRICT 1,,MARTHA M. DOMINGUEZ,DEM,413,14,278,2,707,427,280
El Paso,007-LINCOLN MIDDLE,STATE SENATOR DISTRICT 29,,DAN CHAVEZ,REP,446,23,242,0,711,469,242
El Paso,007-LINCOLN MIDDLE,STATE SENATOR DISTRICT 29,,JOSE R. RODRIGUEZ,DEM,444,18,299,2,763,462,301
El Paso,007-LINCOLN MIDDLE,STATE REPRESENTATIVE DISTRICT 78,,DONALD R. DEE MARGO,REP,506,24,296,0,826,530,296
El Paso,007-LINCOLN MIDDLE,STATE REPRESENTATIVE DISTRICT 78,,JOE MOODY,DEM,405,20,267,2,694,425,269
El Paso,007-LINCOLN MIDDLE,"CHIEF JUSTICE, COURT OF APPEALS 8TH DISTRICT",,ANN CRAWFORD MCCLURE,DEM,516,24,342,2,884,540,344
El Paso,007-LINCOLN MIDDLE,"JUSTICE, 8TH COURT OF APPEALS DISTRICT, PLACE 2",,CHRIS ANTCLIFF,REP,506,28,283,0,817,534,283
El Paso,007-LINCOLN MIDDLE,"JUSTICE, 8TH COURT OF APPEALS DISTRICT, PLACE 2",,YVONNE RODRIGUEZ,DEM,369,14,250,2,635,383,252
El Paso,007-LINCOLN MIDDLE,"JUSTICE, 8TH COURT OF APPEALS DISTRICT, PLACE 3",,GUADALUPE LUPE RIVER,DEM,522,22,348,2,894,544,350
El Paso,007-LINCOLN MIDDLE,"DISTRICT JUDGE, 34TH JUDICIAL DISTRICT",,BILL MOODY,DEM,535,24,343,2,904,559,345
El Paso,007-LINCOLN MIDDLE,"DISTRICT JUDGE, 41ST JUDICIAL DISTRICT",,ANNA PEREZ,DEM,510,22,340,2,874,532,342
El Paso,007-LINCOLN MIDDLE,"DISTRICT JUDGE, 243RD JUDICIAL DISTRICT",,BILLY DON HICKS,REP,523,30,265,0,818,553,265
El Paso,007-LINCOLN MIDDLE,"DISTRICT JUDGE, 243RD JUDICIAL DISTRICT",,LUIS AGUILAR,DEM,362,12,263,2,639,374,265
El Paso,007-LINCOLN MIDDLE,"DISTRICT JUDGE, 346TH JUDICIAL DISTRICT",,ANGIE J. BARILL,DEM,512,22,330,2,866,534,332
El Paso,007-LINCOLN MIDDLE,"DISTRICT JUDGE, 383RD JUDICIAL DISTRICT",,MIKE HERRERA,DEM,499,23,339,2,863,522,341
El Paso,007-LINCOLN MIDDLE,"DISTRICT JUDGE, 384TH JUDICIAL DISTRICT",,PATRICK M. GARCIA,DEM,493,23,328,2,846,516,330
El Paso,007-LINCOLN MIDDLE,"DISTRICT JUDGE, 388TH JUDICIAL DISTRICT",,LAURA STRATHMANN,DEM,508,23,333,2,866,531,335
El Paso,007-LINCOLN MIDDLE,"DISTRICT JUDGE, 409TH JUDICIAL DISTRICT",,SAM MEDRANO JR,DEM,491,22,326,2,841,513,328
El Paso,007-LINCOLN MIDDLE,"DISTRICT JUDGE, 448TH JUDICIAL DISTRICT",,SERGIO H. ENRIQUEZ,DEM,487,23,328,2,840,510,330
El Paso,007-LINCOLN MIDDLE,"CRIMINAL DISTRICT JUDGE, COURT NO. 1",,DIANE NAVARRETE,DEM,488,22,329,2,841,510,331
El Paso,007-LINCOLN MIDDLE,"FAMILY DISTRICT JUDGE, 65TH JUDICIAL DISTRICT",,YAHARA L. GUTIERREZ,DEM,483,23,327,2,835,506,329
El Paso,007-LINCOLN MIDDLE,"DISTRICT ATTORNEY, 34TH JUDICIAL DISTRICT",,JAIME ESPARZA,DEM,512,25,349,2,888,537,351
El Paso,007-LINCOLN MIDDLE,"JUDGE, COUNTY CRIMINAL COURT NO. 3",,CARLOS CARRASCO,DEM,487,22,329,2,840,509,331
El Paso,007-LINCOLN MIDDLE,"JUDGE, COUNTY CRIMINAL COURT NO. 4",,JESUS HERRERA,DEM,486,22,325,2,835,508,327
El Paso,007-LINCOLN MIDDLE,COUNTY ATTORNEY,,JO ANNE BERNAL,DEM,504,25,338,2,869,529,340
El Paso,007-LINCOLN MIDDLE,SHERIFF,,RICHARD D. WILES,DEM,538,26,353,2,919,564,355
El Paso,007-LINCOLN MIDDLE,COUNTY TAX ASSESSOR COLLECTOR,,VICTOR A. FLORES,DEM,510,23,339,2,874,533,341
El Paso,007-LINCOLN MIDDLE,"CONSTABLE, PRECINCT NO. 7",,KING MERRITT,REP,443,25,223,0,691,468,223
El Paso,007-LINCOLN MIDDLE,"CONSTABLE, PRECINCT NO. 7",,ANGIE SOMMERS,DEM,449,15,322,2,788,464,324
El Paso,008-FIRE STATION 15,"CITY OF EL PASO, PROPOSITION",,FOR (A FAVOR),NP,897,39,351,0,1287,936,351
El Paso,008-FIRE STATION 15,"CITY OF EL PASO, PROPOSITION",,AGAINST (EN CONTRA),NP,316,18,110,2,446,334,112
El Paso,008-FIRE STATION 15,"CITY OF EL PASO, PROPOSITION",,FOR (A FAVOR),NP,833,41,344,1,1219,874,345
El Paso,008-FIRE STATION 15,"CITY OF EL PASO, PROPOSITION",,AGAINST (EN CONTRA),NP,371,18,112,1,502,389,113
El Paso,008-FIRE STATION 15,"CITY OF EL PASO, PROPOSITION",,FOR (A FAVOR),NP,840,31,323,0,1194,871,323
El Paso,008-FIRE STATION 15,"CITY OF EL PASO, PROPOSITION",,AGAINST (EN CONTRA),NP,365,23,131,2,521,388,133
El Paso,008-FIRE STATION 15,STRAIGHT PARTY,,REPUBLICAN,REP,317,18,128,0,463,335,128
El Paso,008-FIRE STATION 15,STRAIGHT PARTY,,DEMOCRAT,DEM,124,9,63,1,197,133,64
El Paso,008-FIRE STATION 15,STRAIGHT PARTY,,LIBERTARIAN,LIB,2,1,2,0,5,3,2
El Paso,008-FIRE STATION 15,STRAIGHT PARTY,,GREEN,GRN,0,0,0,0,0,0,0
El Paso,008-FIRE STATION 15,US PRESIDENT,,MITT ROMNEY,REP,874,44,310,2,1230,918,312
El Paso,008-FIRE STATION 15,US PRESIDENT,,BARACK OBAMA,DEM,343,15,150,0,508,358,150
El Paso,008-FIRE STATION 15,US PRESIDENT,,GARY JOHNSON,LIB,6,2,6,0,14,8,6
El Paso,008-FIRE STATION 15,US PRESIDENT,,JILL STEIN,GRN,1,1,0,0,2,2,0
El Paso,008-FIRE STATION 15,US PRESIDENT,,WRITE-IN,NP,3,0,2,0,5,3,2
El Paso,008-FIRE STATION 15,US SENATOR,,TED CRUZ,REP,850,44,301,2,1197,894,303
El Paso,008-FIRE STATION 15,US SENATOR,,PAUL SADLER,DEM,330,14,134,0,478,344,134
El Paso,008-FIRE STATION 15,US SENATOR,,JOHN JAY MYERS,LIB,8,2,10,0,20,10,10
El Paso,008-FIRE STATION 15,US SENATOR,,DAVID B. COLLINS,GRN,8,1,1,0,10,9,1
El Paso,008-FIRE STATION 15,US REP DISTRICT 16,,BARBARA CARRASCO,REP,598,30,228,1,857,628,229
El Paso,008-FIRE STATION 15,US REP DISTRICT 16,,BETO OROURKE,DEM,615,29,230,1,875,644,231
El Paso,008-FIRE STATION 15,US REP DISTRICT 16,,JUNART SODOY,LIB,10,2,8,0,20,12,8
El Paso,008-FIRE STATION 15,RAILROAD COMMISSIONER,,CHRISTI CRADDICK,REP,815,41,273,1,1130,856,274
El Paso,008-FIRE STATION 15,RAILROAD COMMISSIONER,,DALE HENRY,DEM,277,11,121,0,409,288,121
El Paso,008-FIRE STATION 15,RAILROAD COMMISSIONER,,VIVEKANANDA (VIK) WA,LIB,18,3,8,0,29,21,8
El Paso,008-FIRE STATION 15,RAILROAD COMMISSIONER,,CHRIS KENNEDY,GRN,30,1,20,1,52,31,21
El Paso,008-FIRE STATION 15,RAILROAD COMMISSIONER,,BARRY SMITHERMAN,REP,846,43,280,1,1170,889,281
El Paso,008-FIRE STATION 15,RAILROAD COMMISSIONER,,JAIME O. PEREZ,LIB,144,2,88,1,235,146,89
El Paso,008-FIRE STATION 15,RAILROAD COMMISSIONER,,JOSH WENDEL,GRN,76,3,33,0,112,79,33
El Paso,008-FIRE STATION 15,"JUSTICE, SUPREME COURT, PLACE 2",,DON WILLETT,REP,894,38,313,2,1247,932,315
El Paso,008-FIRE STATION 15,"JUSTICE, SUPREME COURT, PLACE 2",,RS ROBERT KOELSCH,LIB,156,9,81,0,246,165,81
El Paso,008-FIRE STATION 15,"JUSTICE, SUPREME COURT, PLACE 4",,JOHN DEVINE,REP,875,39,294,1,1209,914,295
El Paso,008-FIRE STATION 15,"JUSTICE, SUPREME COURT, PLACE 4",,TOM OXFORD,LIB,108,6,67,1,182,114,68
El Paso,008-FIRE STATION 15,"JUSTICE, SUPREME COURT, PLACE 4",,CHARLES E. WATERBURY,GRN,73,3,33,0,109,76,33
El Paso,008-FIRE STATION 15,"JUSTICE, SUPREME COURT, PLACE 6",,NATHAN HECHT,REP,796,35,264,2,1097,831,266
El Paso,008-FIRE STATION 15,"JUSTICE, SUPREME COURT, PLACE 6",,MICHELE PETTY,DEM,308,16,127,0,451,324,127
El Paso,008-FIRE STATION 15,"JUSTICE, SUPREME COURT, PLACE 6",,MARK ASH,LIB,29,4,21,0,54,33,21
El Paso,008-FIRE STATION 15,"JUSTICE, SUPREME COURT, PLACE 6",,JIM CHISHOLM,GRN,9,2,9,0,20,11,9
El Paso,008-FIRE STATION 15,"PRESIDING JUDGE, COURT OF CRIMINAL APPEALS",,SHARON KELLER,REP,790,34,273,1,1098,824,274
El Paso,008-FIRE STATION 15,"PRESIDING JUDGE, COURT OF CRIMINAL APPEALS",,KEITH HAMPTON,DEM,319,20,124,0,463,339,124
El Paso,008-FIRE STATION 15,"PRESIDING JUDGE, COURT OF CRIMINAL APPEALS",,LANCE STOTT,LIB,27,3,25,1,56,30,26
El Paso,008-FIRE STATION 15,"JUDGE, COURT OF CRIMINAL APPEALS, PLACE 7",,BARBARA PARKER HERVE,REP,895,39,311,1,1246,934,312
El Paso,008-FIRE STATION 15,"JUDGE, COURT OF CRIMINAL APPEALS, PLACE 7",,MARK W. BENNETT,LIB,153,8,82,1,244,161,83
El Paso,008-FIRE STATION 15,"JUDGE, COURT OF CRIMINAL APPEALS, PLACE 8",,ELSA ALCALA,REP,874,39,305,1,1219,913,306
El Paso,008-FIRE STATION 15,"JUDGE, COURT OF CRIMINAL APPEALS, PLACE 8",,WILLIAM BRYAN STRANG,LIB,173,9,82,1,265,182,83
El Paso,008-FIRE STATION 15,MEMBER STATE BOARD OF EDUCATION DISTRICT 1,,CARLOS CHARLIE GARZA,REP,795,36,277,2,1110,831,279
El Paso,008-FIRE STATION 15,MEMBER STATE BOARD OF EDUCATION DISTRICT 1,,MARTHA M. DOMINGUEZ,DEM,321,21,147,0,489,342,147
El Paso,008-FIRE STATION 15,STATE SENATOR DISTRICT 29,,DAN CHAVEZ,REP,754,39,266,2,1061,793,268
El Paso,008-FIRE STATION 15,STATE SENATOR DISTRICT 29,,JOSE R. RODRIGUEZ,DEM,404,18,166,0,588,422,166
El Paso,008-FIRE STATION 15,STATE REPRESENTATIVE DISTRICT 78,,DONALD R. DEE MARGO,REP,889,45,305,2,1241,934,307
El Paso,008-FIRE STATION 15,STATE REPRESENTATIVE DISTRICT 78,,JOE MOODY,DEM,332,15,156,0,503,347,156
El Paso,008-FIRE STATION 15,"CHIEF JUSTICE, COURT OF APPEALS 8TH DISTRICT",,ANN CRAWFORD MCCLURE,DEM,587,25,230,2,844,612,232
El Paso,008-FIRE STATION 15,"JUSTICE, 8TH COURT OF APPEALS DISTRICT, PLACE 2",,CHRIS ANTCLIFF,REP,920,44,298,1,1263,964,299
El Paso,008-FIRE STATION 15,"JUSTICE, 8TH COURT OF APPEALS DISTRICT, PLACE 2",,YVONNE RODRIGUEZ,DEM,253,14,132,1,400,267,133
El Paso,008-FIRE STATION 15,"JUSTICE, 8TH COURT OF APPEALS DISTRICT, PLACE 3",,GUADALUPE LUPE RIVER,DEM,576,24,226,2,828,600,228
El Paso,008-FIRE STATION 15,"DISTRICT JUDGE, 34TH JUDICIAL DISTRICT",,BILL MOODY,DEM,585,26,232,2,845,611,234
El Paso,008-FIRE STATION 15,"DISTRICT JUDGE, 41ST JUDICIAL DISTRICT",,ANNA PEREZ,DEM,553,22,217,2,794,575,219
El Paso,008-FIRE STATION 15,"DISTRICT JUDGE, 243RD JUDICIAL DISTRICT",,BILLY DON HICKS,REP,912,44,302,1,1259,956,303
El Paso,008-FIRE STATION 15,"DISTRICT JUDGE, 243RD JUDICIAL DISTRICT",,LUIS AGUILAR,DEM,255,13,127,1,396,268,128
El Paso,008-FIRE STATION 15,"DISTRICT JUDGE, 346TH JUDICIAL DISTRICT",,ANGIE J. BARILL,DEM,528,22,216,2,768,550,218
El Paso,008-FIRE STATION 15,"DISTRICT JUDGE, 383RD JUDICIAL DISTRICT",,MIKE HERRERA,DEM,515,21,214,2,752,536,216
El Paso,008-FIRE STATION 15,"DISTRICT JUDGE, 384TH JUDICIAL DISTRICT",,PATRICK M. GARCIA,DEM,516,21,208,2,747,537,210
El Paso,008-FIRE STATION 15,"DISTRICT JUDGE, 388TH JUDICIAL DISTRICT",,LAURA STRATHMANN,DEM,559,23,220,2,804,582,222
El Paso,008-FIRE STATION 15,"DISTRICT JUDGE, 409TH JUDICIAL DISTRICT",,SAM MEDRANO JR,DEM,521,22,211,2,756,543,213
El Paso,008-FIRE STATION 15,"DISTRICT JUDGE, 448TH JUDICIAL DISTRICT",,SERGIO H. ENRIQUEZ,DEM,508,22,206,2,738,530,208
El Paso,008-FIRE STATION 15,"CRIMINAL DISTRICT JUDGE, COURT NO. 1",,DIANE NAVARRETE,DEM,517,22,208,2,749,539,210
El Paso,008-FIRE STATION 15,"FAMILY DISTRICT JUDGE, 65TH JUDICIAL DISTRICT",,YAHARA L. GUTIERREZ,DEM,513,21,209,2,745,534,211
El Paso,008-FIRE STATION 15,"DISTRICT ATTORNEY, 34TH JUDICIAL DISTRICT",,JAIME ESPARZA,DEM,561,25,224,2,812,586,226
El Paso,008-FIRE STATION 15,"JUDGE, COUNTY CRIMINAL COURT NO. 3",,CARLOS CARRASCO,DEM,506,22,208,2,738,528,210
El Paso,008-FIRE STATION 15,"JUDGE, COUNTY CRIMINAL COURT NO. 4",,JESUS HERRERA,DEM,503,24,203,2,732,527,205
El Paso,008-FIRE STATION 15,COUNTY ATTORNEY,,JO ANNE BERNAL,DEM,533,24,216,2,775,557,218
El Paso,008-FIRE STATION 15,SHERIFF,,RICHARD D. WILES,DEM,625,26,246,2,899,651,248
El Paso,008-FIRE STATION 15,COUNTY TAX ASSESSOR COLLECTOR,,VICTOR A. FLORES,DEM,556,30,227,2,815,586,229
El Paso,008-FIRE STATION 15,"CONSTABLE, PRECINCT NO. 7",,KING MERRITT,REP,771,39,259,1,1070,810,260
El Paso,008-FIRE STATION 15,"CONSTABLE, PRECINCT NO. 7",,ANGIE SOMMERS,DEM,366,18,170,1,555,384,171
El Paso,009-ZACK WHITE ELEMENTARY,"CITY OF EL PASO, PROPOSITION",,FOR (A FAVOR),NP,791,27,490,6,1314,818,496
El Paso,009-ZACK WHITE ELEMENTARY,"CITY OF EL PASO, PROPOSITION",,AGAINST (EN CONTRA),NP,311,12,159,0,482,323,159
El Paso,009-ZACK WHITE ELEMENTARY,"CITY OF EL PASO, PROPOSITION",,FOR (A FAVOR),NP,740,21,447,5,1213,761,452
El Paso,009-ZACK WHITE ELEMENTARY,"CITY OF EL PASO, PROPOSITION",,AGAINST (EN CONTRA),NP,354,15,196,1,566,369,197
El Paso,009-ZACK WHITE ELEMENTARY,"CITY OF EL PASO, PROPOSITION",,FOR (A FAVOR),NP,705,19,420,5,1149,724,425
El Paso,009-ZACK WHITE ELEMENTARY,"CITY OF EL PASO, PROPOSITION",,AGAINST (EN CONTRA),NP,383,22,221,1,627,405,222
El Paso,009-ZACK WHITE ELEMENTARY,STRAIGHT PARTY,,REPUBLICAN,REP,246,13,137,0,396,259,137
El Paso,009-ZACK WHITE ELEMENTARY,STRAIGHT PARTY,,DEMOCRAT,DEM,231,6,213,2,452,237,215
El Paso,009-ZACK WHITE ELEMENTARY,STRAIGHT PARTY,,LIBERTARIAN,LIB,7,0,0,0,7,7,0
El Paso,009-ZACK WHITE ELEMENTARY,STRAIGHT PARTY,,GREEN,GRN,5,0,3,0,8,5,3
El Paso,009-ZACK WHITE ELEMENTARY,US PRESIDENT,,MITT ROMNEY,REP,610,26,279,3,918,636,282
El Paso,009-ZACK WHITE ELEMENTARY,US PRESIDENT,,BARACK OBAMA,DEM,493,14,365,3,875,507,368
El Paso,009-ZACK WHITE ELEMENTARY,US PRESIDENT,,GARY JOHNSON,LIB,9,3,9,0,21,12,9
El Paso,009-ZACK WHITE ELEMENTARY,US PRESIDENT,,JILL STEIN,GRN,4,1,3,0,8,5,3
El Paso,009-ZACK WHITE ELEMENTARY,US PRESIDENT,,WRITE-IN,NP,0,0,4,0,4,0,4
El Paso,009-ZACK WHITE ELEMENTARY,US SENATOR,,TED CRUZ,REP,594,22,299,4,919,616,303
El Paso,009-ZACK WHITE ELEMENTARY,US SENATOR,,PAUL SADLER,DEM,444,14,318,2,778,458,320
El Paso,009-ZACK WHITE ELEMENTARY,US SENATOR,,JOHN JAY MYERS,LIB,27,4,12,0,43,31,12
El Paso,009-ZACK WHITE ELEMENTARY,US SENATOR,,DAVID B. COLLINS,GRN,14,1,10,0,25,15,10
El Paso,009-ZACK WHITE ELEMENTARY,US REP DISTRICT 16,,BARBARA CARRASCO,REP,484,23,235,3,745,507,238
El Paso,009-ZACK WHITE ELEMENTARY,US REP DISTRICT 16,,BETO OROURKE,DEM,612,16,405,3,1036,628,408
El Paso,009-ZACK WHITE ELEMENTARY,US REP DISTRICT 16,,JUNART SODOY,LIB,14,1,11,0,26,15,11
El Paso,009-ZACK WHITE ELEMENTARY,RAILROAD COMMISSIONER,,CHRISTI CRADDICK,REP,549,24,244,2,819,573,246
El Paso,009-ZACK WHITE ELEMENTARY,RAILROAD COMMISSIONER,,DALE HENRY,DEM,407,14,312,1,734,421,313
El Paso,009-ZACK WHITE ELEMENTARY,RAILROAD COMMISSIONER,,VIVEKANANDA (VIK) WA,LIB,34,0,22,1,57,34,23
El Paso,009-ZACK WHITE ELEMENTARY,RAILROAD COMMISSIONER,,CHRIS KENNEDY,GRN,36,1,33,2,72,37,35
El Paso,009-ZACK WHITE ELEMENTARY,RAILROAD COMMISSIONER,,BARRY SMITHERMAN,REP,596,23,283,3,905,619,286
El Paso,009-ZACK WHITE ELEMENTARY,RAILROAD COMMISSIONER,,JAIME O. PEREZ,LIB,226,5,155,2,388,231,157
El Paso,009-ZACK WHITE ELEMENTARY,RAILROAD COMMISSIONER,,JOSH WENDEL,GRN,99,3,74,1,177,102,75
El Paso,009-ZACK WHITE ELEMENTARY,"JUSTICE, SUPREME COURT, PLACE 2",,DON WILLETT,REP,654,24,330,3,1011,678,333
El Paso,009-ZACK WHITE ELEMENTARY,"JUSTICE, SUPREME COURT, PLACE 2",,RS ROBERT KOELSCH,LIB,236,7,164,2,409,243,166
El Paso,009-ZACK WHITE ELEMENTARY,"JUSTICE, SUPREME COURT, PLACE 4",,JOHN DEVINE,REP,627,22,306,2,957,649,308
El Paso,009-ZACK WHITE ELEMENTARY,"JUSTICE, SUPREME COURT, PLACE 4",,TOM OXFORD,LIB,188,5,125,1,319,193,126
El Paso,009-ZACK WHITE ELEMENTARY,"JUSTICE, SUPREME COURT, PLACE 4",,CHARLES E. WATERBURY,GRN,88,4,70,2,164,92,72
El Paso,009-ZACK WHITE ELEMENTARY,"JUSTICE, SUPREME COURT, PLACE 6",,NATHAN HECHT,REP,535,24,235,2,796,559,237
El Paso,009-ZACK WHITE ELEMENTARY,"JUSTICE, SUPREME COURT, PLACE 6",,MICHELE PETTY,DEM,434,13,332,3,782,447,335
El Paso,009-ZACK WHITE ELEMENTARY,"JUSTICE, SUPREME COURT, PLACE 6",,MARK ASH,LIB,40,1,20,0,61,41,20
El Paso,009-ZACK WHITE ELEMENTARY,"JUSTICE, SUPREME COURT, PLACE 6",,JIM CHISHOLM,GRN,31,1,21,0,53,32,21
El Paso,009-ZACK WHITE ELEMENTARY,"PRESIDING JUDGE, COURT OF CRIMINAL APPEALS",,SHARON KELLER,REP,567,24,271,3,865,591,274
El Paso,009-ZACK WHITE ELEMENTARY,"PRESIDING JUDGE, COURT OF CRIMINAL APPEALS",,KEITH HAMPTON,DEM,424,11,313,2,750,435,315
El Paso,009-ZACK WHITE ELEMENTARY,"PRESIDING JUDGE, COURT OF CRIMINAL APPEALS",,LANCE STOTT,LIB,40,2,24,0,66,42,24
El Paso,009-ZACK WHITE ELEMENTARY,"JUDGE, COURT OF CRIMINAL APPEALS, PLACE 7",,BARBARA PARKER HERVE,REP,666,24,317,3,1010,690,320
El Paso,009-ZACK WHITE ELEMENTARY,"JUDGE, COURT OF CRIMINAL APPEALS, PLACE 7",,MARK W. BENNETT,LIB,240,7,166,1,414,247,167
El Paso,009-ZACK WHITE ELEMENTARY,"JUDGE, COURT OF CRIMINAL APPEALS, PLACE 8",,ELSA ALCALA,REP,664,26,353,3,1046,690,356
El Paso,009-ZACK WHITE ELEMENTARY,"JUDGE, COURT OF CRIMINAL APPEALS, PLACE 8",,WILLIAM BRYAN STRANG,LIB,236,5,133,2,376,241,135
El Paso,009-ZACK WHITE ELEMENTARY,MEMBER STATE BOARD OF EDUCATION DISTRICT 1,,CARLOS CHARLIE GARZA,REP,561,22,254,2,839,583,256
El Paso,009-ZACK WHITE ELEMENTARY,MEMBER STATE BOARD OF EDUCATION DISTRICT 1,,MARTHA M. DOMINGUEZ,DEM,466,15,349,3,833,481,352
El Paso,009-ZACK WHITE ELEMENTARY,STATE SENATOR DISTRICT 29,,DAN CHAVEZ,REP,544,24,244,2,814,568,246
El Paso,009-ZACK WHITE ELEMENTARY,STATE SENATOR DISTRICT 29,,JOSE R. RODRIGUEZ,DEM,509,12,375,4,900,521,379
El Paso,009-ZACK WHITE ELEMENTARY,STATE REPRESENTATIVE DISTRICT 78,,DONALD R. DEE MARGO,REP,625,24,299,3,951,649,302
El Paso,009-ZACK WHITE ELEMENTARY,STATE REPRESENTATIVE DISTRICT 78,,JOE MOODY,DEM,480,14,352,3,849,494,355
El Paso,009-ZACK WHITE ELEMENTARY,"CHIEF JUSTICE, COURT OF APPEALS 8TH DISTRICT",,ANN CRAWFORD MCCLURE,DEM,606,20,406,4,1036,626,410
El Paso,009-ZACK WHITE ELEMENTARY,"JUSTICE, 8TH COURT OF APPEALS DISTRICT, PLACE 2",,CHRIS ANTCLIFF,REP,629,26,281,4,940,655,285
El Paso,009-ZACK WHITE ELEMENTARY,"JUSTICE, 8TH COURT OF APPEALS DISTRICT, PLACE 2",,YVONNE RODRIGUEZ,DEM,414,13,335,2,764,427,337
El Paso,009-ZACK WHITE ELEMENTARY,"JUSTICE, 8TH COURT OF APPEALS DISTRICT, PLACE 3",,GUADALUPE LUPE RIVER,DEM,599,18,420,4,1041,617,424
El Paso,009-ZACK WHITE ELEMENTARY,"DISTRICT JUDGE, 34TH JUDICIAL DISTRICT",,BILL MOODY,DEM,611,18,433,5,1067,629,438
El Paso,009-ZACK WHITE ELEMENTARY,"DISTRICT JUDGE, 41ST JUDICIAL DISTRICT",,ANNA PEREZ,DEM,578,18,403,4,1003,596,407
El Paso,009-ZACK WHITE ELEMENTARY,"DISTRICT JUDGE, 243RD JUDICIAL DISTRICT",,BILLY DON HICKS,REP,619,25,279,2,925,644,281
El Paso,009-ZACK WHITE ELEMENTARY,"DISTRICT JUDGE, 243RD JUDICIAL DISTRICT",,LUIS AGUILAR,DEM,420,12,340,3,775,432,343
El Paso,009-ZACK WHITE ELEMENTARY,"DISTRICT JUDGE, 346TH JUDICIAL DISTRICT",,ANGIE J. BARILL,DEM,574,17,403,4,998,591,407
El Paso,009-ZACK WHITE ELEMENTARY,"DISTRICT JUDGE, 383RD JUDICIAL DISTRICT",,MIKE HERRERA,DEM,572,17,405,4,998,589,409
El Paso,009-ZACK WHITE ELEMENTARY,"DISTRICT JUDGE, 384TH JUDICIAL DISTRICT",,PATRICK M. GARCIA,DEM,568,17,393,4,982,585,397
El Paso,009-ZACK WHITE ELEMENTARY,"DISTRICT JUDGE, 388TH JUDICIAL DISTRICT",,LAURA STRATHMANN,DEM,584,18,398,5,1005,602,403
El Paso,009-ZACK WHITE ELEMENTARY,"DISTRICT JUDGE, 409TH JUDICIAL DISTRICT",,SAM MEDRANO JR,DEM,568,17,388,4,977,585,392
El Paso,009-ZACK WHITE ELEMENTARY,"DISTRICT JUDGE, 448TH JUDICIAL DISTRICT",,SERGIO H. ENRIQUEZ,DEM,568,17,389,4,978,585,393
El Paso,009-ZACK WHITE ELEMENTARY,"CRIMINAL DISTRICT JUDGE, COURT NO. 1",,DIANE NAVARRETE,DEM,564,17,389,4,974,581,393
El Paso,009-ZACK WHITE ELEMENTARY,"FAMILY DISTRICT JUDGE, 65TH JUDICIAL DISTRICT",,YAHARA L. GUTIERREZ,DEM,561,17,391,4,973,578,395
El Paso,009-ZACK WHITE ELEMENTARY,"DISTRICT ATTORNEY, 34TH JUDICIAL DISTRICT",,JAIME ESPARZA,DEM,592,17,408,5,1022,609,413
El Paso,009-ZACK WHITE ELEMENTARY,"JUDGE, COUNTY CRIMINAL COURT NO. 3",,CARLOS CARRASCO,DEM,573,18,394,4,989,591,398
El Paso,009-ZACK WHITE ELEMENTARY,"JUDGE, COUNTY CRIMINAL COURT NO. 4",,JESUS HERRERA,DEM,571,17,392,4,984,588,396
El Paso,009-ZACK WHITE ELEMENTARY,COUNTY ATTORNEY,,JO ANNE BERNAL,DEM,587,18,396,5,1006,605,401
El Paso,009-ZACK WHITE ELEMENTARY,SHERIFF,,RICHARD D. WILES,DEM,643,22,421,5,1091,665,426
El Paso,009-ZACK WHITE ELEMENTARY,COUNTY TAX ASSESSOR COLLECTOR,,VICTOR A. FLORES,DEM,605,19,406,5,1035,624,411
El Paso,009-ZACK WHITE ELEMENTARY,"CONSTABLE, PRECINCT NO. 7",,KING MERRITT,REP,543,22,246,1,812,565,247
El Paso,009-ZACK WHITE ELEMENTARY,"CONSTABLE, PRECINCT NO. 7",,ANGIE SOMMERS,DEM,499,14,366,5,884,513,371
El Paso,010-ROBERTS ELEMENTARY,"CITY OF EL PASO, PROPOSITION",,FOR (A FAVOR),NP,577,20,597,0,1194,597,597
El Paso,010-ROBERTS ELEMENTARY,"CITY OF EL PASO, PROPOSITION",,AGAINST (EN CONTRA),NP,169,8,131,0,308,177,131
El Paso,010-ROBERTS ELEMENTARY,"CITY OF EL PASO, PROPOSITION",,FOR (A FAVOR),NP,520,17,541,0,1078,537,541
El Paso,010-ROBERTS ELEMENTARY,"CITY OF EL PASO, PROPOSITION",,AGAINST (EN CONTRA),NP,201,11,163,0,375,212,163
El Paso,010-ROBERTS ELEMENTARY,"CITY OF EL PASO, PROPOSITION",,FOR (A FAVOR),NP,450,8,436,0,894,458,436
El Paso,010-ROBERTS ELEMENTARY,"CITY OF EL PASO, PROPOSITION",,AGAINST (EN CONTRA),NP,282,18,272,0,572,300,272
El Paso,010-ROBERTS ELEMENTARY,STRAIGHT PARTY,,REPUBLICAN,REP,154,11,102,0,267,165,102
El Paso,010-ROBERTS ELEMENTARY,STRAIGHT PARTY,,DEMOCRAT,DEM,364,6,423,0,793,370,423
El Paso,010-ROBERTS ELEMENTARY,STRAIGHT PARTY,,LIBERTARIAN,LIB,3,0,7,0,10,3,7
El Paso,010-ROBERTS ELEMENTARY,STRAIGHT PARTY,,GREEN,GRN,1,0,6,0,7,1,6
El Paso,010-ROBERTS ELEMENTARY,US PRESIDENT,,MITT ROMNEY,REP,264,18,183,0,465,282,183
El Paso,010-ROBERTS ELEMENTARY,US PRESIDENT,,BARACK OBAMA,DEM,506,14,554,0,1074,520,554
El Paso,010-ROBERTS ELEMENTARY,US PRESIDENT,,GARY JOHNSON,LIB,3,0,6,0,9,3,6
El Paso,010-ROBERTS ELEMENTARY,US PRESIDENT,,JILL STEIN,GRN,2,0,3,0,5,2,3
El Paso,010-ROBERTS ELEMENTARY,US PRESIDENT,,WRITE-IN,NP,0,1,0,0,1,1,0
El Paso,010-ROBERTS ELEMENTARY,US SENATOR,,TED CRUZ,REP,273,20,182,0,475,293,182
El Paso,010-ROBERTS ELEMENTARY,US SENATOR,,PAUL SADLER,DEM,462,12,509,0,983,474,509
El Paso,010-ROBERTS ELEMENTARY,US SENATOR,,JOHN JAY MYERS,LIB,9,0,26,0,35,9,26
El Paso,010-ROBERTS ELEMENTARY,US SENATOR,,DAVID B. COLLINS,GRN,9,0,12,0,21,9,12
El Paso,010-ROBERTS ELEMENTARY,US REP DISTRICT 16,,BARBARA CARRASCO,REP,248,19,178,0,445,267,178
El Paso,010-ROBERTS ELEMENTARY,US REP DISTRICT 16,,BETO OROURKE,DEM,505,13,532,0,1050,518,532
El Paso,010-ROBERTS ELEMENTARY,US REP DISTRICT 16,,JUNART SODOY,LIB,10,0,20,0,30,10,20
El Paso,010-ROBERTS ELEMENTARY,RAILROAD COMMISSIONER,,CHRISTI CRADDICK,REP,223,18,162,0,403,241,162
El Paso,010-ROBERTS ELEMENTARY,RAILROAD COMMISSIONER,,DALE HENRY,DEM,474,11,513,0,998,485,513
El Paso,010-ROBERTS ELEMENTARY,RAILROAD COMMISSIONER,,VIVEKANANDA (VIK) WA,LIB,11,0,12,0,23,11,12
El Paso,010-ROBERTS ELEMENTARY,RAILROAD COMMISSIONER,,CHRIS KENNEDY,GRN,25,0,30,0,55,25,30
El Paso,010-ROBERTS ELEMENTARY,RAILROAD COMMISSIONER,,BARRY SMITHERMAN,REP,269,17,198,0,484,286,198
El Paso,010-ROBERTS ELEMENTARY,RAILROAD COMMISSIONER,,JAIME O. PEREZ,LIB,259,6,273,0,538,265,273
El Paso,010-ROBERTS ELEMENTARY,RAILROAD COMMISSIONER,,JOSH WENDEL,GRN,51,1,63,0,115,52,63
El Paso,010-ROBERTS ELEMENTARY,"JUSTICE, SUPREME COURT, PLACE 2",,DON WILLETT,REP,329,20,271,0,620,349,271
El Paso,010-ROBERTS ELEMENTARY,"JUSTICE, SUPREME COURT, PLACE 2",,RS ROBERT KOELSCH,LIB,223,6,244,0,473,229,244
El Paso,010-ROBERTS ELEMENTARY,"JUSTICE, SUPREME COURT, PLACE 4",,JOHN DEVINE,REP,310,18,244,0,572,328,244
El Paso,010-ROBERTS ELEMENTARY,"JUSTICE, SUPREME COURT, PLACE 4",,TOM OXFORD,LIB,169,6,187,0,362,175,187
El Paso,010-ROBERTS ELEMENTARY,"JUSTICE, SUPREME COURT, PLACE 4",,CHARLES E. WATERBURY,GRN,60,0,84,0,144,60,84
El Paso,010-ROBERTS ELEMENTARY,"JUSTICE, SUPREME COURT, PLACE 6",,NATHAN HECHT,REP,223,15,146,0,384,238,146
El Paso,010-ROBERTS ELEMENTARY,"JUSTICE, SUPREME COURT, PLACE 6",,MICHELE PETTY,DEM,470,12,526,0,1008,482,526
El Paso,010-ROBERTS ELEMENTARY,"JUSTICE, SUPREME COURT, PLACE 6",,MARK ASH,LIB,12,1,26,0,39,13,26
El Paso,010-ROBERTS ELEMENTARY,"JUSTICE, SUPREME COURT, PLACE 6",,JIM CHISHOLM,GRN,18,0,14,0,32,18,14
El Paso,010-ROBERTS ELEMENTARY,"PRESIDING JUDGE, COURT OF CRIMINAL APPEALS",,SHARON KELLER,REP,238,14,171,0,423,252,171
El Paso,010-ROBERTS ELEMENTARY,"PRESIDING JUDGE, COURT OF CRIMINAL APPEALS",,KEITH HAMPTON,DEM,467,12,513,0,992,479,513
El Paso,010-ROBERTS ELEMENTARY,"PRESIDING JUDGE, COURT OF CRIMINAL APPEALS",,LANCE STOTT,LIB,24,2,26,0,52,26,26
El Paso,010-ROBERTS ELEMENTARY,"JUDGE, COURT OF CRIMINAL APPEALS, PLACE 7",,BARBARA PARKER HERVE,REP,330,18,279,0,627,348,279
El Paso,010-ROBERTS ELEMENTARY,"JUDGE, COURT OF CRIMINAL APPEALS, PLACE 7",,MARK W. BENNETT,LIB,212,6,245,0,463,218,245
El Paso,010-ROBERTS ELEMENTARY,"JUDGE, COURT OF CRIMINAL APPEALS, PLACE 8",,ELSA ALCALA,REP,362,17,304,0,683,379,304
El Paso,010-ROBERTS ELEMENTARY,"JUDGE, COURT OF CRIMINAL APPEALS, PLACE 8",,WILLIAM BRYAN STRANG,LIB,187,6,217,0,410,193,217
El Paso,010-ROBERTS ELEMENTARY,MEMBER STATE BOARD OF EDUCATION DISTRICT 1,,CARLOS CHARLIE GARZA,REP,239,16,177,0,432,255,177
El Paso,010-ROBERTS ELEMENTARY,MEMBER STATE BOARD OF EDUCATION DISTRICT 1,,MARTHA M. DOMINGUEZ,DEM,494,11,538,0,1043,505,538
El Paso,010-ROBERTS ELEMENTARY,STATE SENATOR DISTRICT 29,,DAN CHAVEZ,REP,248,17,159,0,424,265,159
El Paso,010-ROBERTS ELEMENTARY,STATE SENATOR DISTRICT 29,,JOSE R. RODRIGUEZ,DEM,501,12,557,0,1070,513,557
El Paso,010-ROBERTS ELEMENTARY,STATE REPRESENTATIVE DISTRICT 78,,DONALD R. DEE MARGO,REP,268,19,191,0,478,287,191
El Paso,010-ROBERTS ELEMENTARY,STATE REPRESENTATIVE DISTRICT 78,,JOE MOODY,DEM,497,10,542,0,1049,507,542
El Paso,010-ROBERTS ELEMENTARY,"CHIEF JUSTICE, COURT OF APPEALS 8TH DISTRICT",,ANN CRAWFORD MCCLURE,DEM,545,13,596,0,1154,558,596
El Paso,010-ROBERTS ELEMENTARY,"JUSTICE, 8TH COURT OF APPEALS DISTRICT, PLACE 2",,CHRIS ANTCLIFF,REP,255,17,173,0,445,272,173
El Paso,010-ROBERTS ELEMENTARY,"JUSTICE, 8TH COURT OF APPEALS DISTRICT, PLACE 2",,YVONNE RODRIGUEZ,DEM,487,11,545,0,1043,498,545
El Paso,010-ROBERTS ELEMENTARY,"JUSTICE, 8TH COURT OF APPEALS DISTRICT, PLACE 3",,GUADALUPE LUPE RIVER,DEM,548,12,610,0,1170,560,610
El Paso,010-ROBERTS ELEMENTARY,"DISTRICT JUDGE, 34TH JUDICIAL DISTRICT",,BILL MOODY,DEM,553,13,596,0,1162,566,596
El Paso,010-ROBERTS ELEMENTARY,"DISTRICT JUDGE, 41ST JUDICIAL DISTRICT",,ANNA PEREZ,DEM,544,13,600,0,1157,557,600
El Paso,010-ROBERTS ELEMENTARY,"DISTRICT JUDGE, 243RD JUDICIAL DISTRICT",,BILLY DON HICKS,REP,265,17,174,0,456,282,174
El Paso,010-ROBERTS ELEMENTARY,"DISTRICT JUDGE, 243RD JUDICIAL DISTRICT",,LUIS AGUILAR,DEM,484,10,541,0,1035,494,541
El Paso,010-ROBERTS ELEMENTARY,"DISTRICT JUDGE, 346TH JUDICIAL DISTRICT",,ANGIE J. BARILL,DEM,549,12,596,0,1157,561,596
El Paso,010-ROBERTS ELEMENTARY,"DISTRICT JUDGE, 383RD JUDICIAL DISTRICT",,MIKE HERRERA,DEM,541,12,601,0,1154,553,601
El Paso,010-ROBERTS ELEMENTARY,"DISTRICT JUDGE, 384TH JUDICIAL DISTRICT",,PATRICK M. GARCIA,DEM,538,12,591,0,1141,550,591
El Paso,010-ROBERTS ELEMENTARY,"DISTRICT JUDGE, 388TH JUDICIAL DISTRICT",,LAURA STRATHMANN,DEM,545,13,589,0,1147,558,589
El Paso,010-ROBERTS ELEMENTARY,"DISTRICT JUDGE, 409TH JUDICIAL DISTRICT",,SAM MEDRANO JR,DEM,539,13,588,0,1140,552,588
El Paso,010-ROBERTS ELEMENTARY,"DISTRICT JUDGE, 448TH JUDICIAL DISTRICT",,SERGIO H. ENRIQUEZ,DEM,539,12,589,0,1140,551,589
El Paso,010-ROBERTS ELEMENTARY,"CRIMINAL DISTRICT JUDGE, COURT NO. 1",,DIANE NAVARRETE,DEM,543,13,596,0,1152,556,596
El Paso,010-ROBERTS ELEMENTARY,"FAMILY DISTRICT JUDGE, 65TH JUDICIAL DISTRICT",,YAHARA L. GUTIERREZ,DEM,546,13,592,0,1151,559,592
El Paso,010-ROBERTS ELEMENTARY,"DISTRICT ATTORNEY, 34TH JUDICIAL DISTRICT",,JAIME ESPARZA,DEM,532,13,598,0,1143,545,598
El Paso,010-ROBERTS ELEMENTARY,"JUDGE, COUNTY CRIMINAL COURT NO. 3",,CARLOS CARRASCO,DEM,534,12,592,0,1138,546,592
El Paso,010-ROBERTS ELEMENTARY,"JUDGE, COUNTY CRIMINAL COURT NO. 4",,JESUS HERRERA,DEM,531,12,589,0,1132,543,589
El Paso,010-ROBERTS ELEMENTARY,COUNTY ATTORNEY,,JO ANNE BERNAL,DEM,531,13,588,0,1132,544,588
El Paso,010-ROBERTS ELEMENTARY,SHERIFF,,RICHARD D. WILES,DEM,553,13,600,0,1166,566,600
El Paso,010-ROBERTS ELEMENTARY,COUNTY TAX ASSESSOR COLLECTOR,,VICTOR A. FLORES,DEM,537,13,597,0,1147,550,597
El Paso,010-ROBERTS ELEMENTARY,"CONSTABLE, PRECINCT NO. 7",,KING MERRITT,REP,260,17,177,0,454,277,177
El Paso,010-ROBERTS ELEMENTARY,"CONSTABLE, PRECINCT NO. 7",,ANGIE SOMMERS,DEM,480,10,538,0,1028,490,538
El Paso,011-OLGA KOHLBERG ELEMENTARY,CANUTILLO ISD BOARD OF TRUSTEES,,NICHOLAS MALKANI,NP,54,1,13,0,68,55,13
El Paso,011-OLGA KOHLBERG ELEMENTARY,CANUTILLO ISD BOARD OF TRUSTEES,,GILBERT GARCIA,NP,74,5,17,0,96,79,17
El Paso,011-OLGA KOHLBERG ELEMENTARY,CANUTILLO ISD BOARD OF TRUSTEES,,LETICIA LETTY GONZAL,NP,100,3,24,0,127,103,24
El Paso,011-OLGA KOHLBERG ELEMENTARY,CANUTILLO ISD BOARD OF TRUSTEES,,ALFONSO AL FLORES,NP,62,3,18,0,83,65,18
El Paso,011-OLGA KOHLBERG ELEMENTARY,CANUTILLO ISD BOARD OF TRUSTEES,,ARMANDO RODRIGUEZ,NP,70,3,16,0,89,73,16
El Paso,011-OLGA KOHLBERG ELEMENTARY,CANUTILLO ISD BOARD OF TRUSTEES,,RACHEL MENDOZA QUINT,NP,97,4,21,0,122,101,21
El Paso,011-OLGA KOHLBERG ELEMENTARY,CANUTILLO ISD BOARD OF TRUSTEES,,ADRIAN MEDINA,NP,76,5,16,0,97,81,16
El Paso,011-OLGA KOHLBERG ELEMENTARY,"CITY OF EL PASO, PROPOSITION",,FOR (A FAVOR),NP,824,36,570,4,1434,860,574
El Paso,011-OLGA KOHLBERG ELEMENTARY,"CITY OF EL PASO, PROPOSITION",,AGAINST (EN CONTRA),NP,273,15,144,0,432,288,144
El Paso,011-OLGA KOHLBERG ELEMENTARY,"CITY OF EL PASO, PROPOSITION",,FOR (A FAVOR),NP,790,30,539,4,1363,820,543
El Paso,011-OLGA KOHLBERG ELEMENTARY,"CITY OF EL PASO, PROPOSITION",,AGAINST (EN CONTRA),NP,297,19,172,0,488,316,172
El Paso,011-OLGA KOHLBERG ELEMENTARY,"CITY OF EL PASO, PROPOSITION",,FOR (A FAVOR),NP,698,23,485,3,1209,721,488
El Paso,011-OLGA KOHLBERG ELEMENTARY,"CITY OF EL PASO, PROPOSITION",,AGAINST (EN CONTRA),NP,389,23,222,1,635,412,223
El Paso,011-OLGA KOHLBERG ELEMENTARY,STRAIGHT PARTY,,REPUBLICAN,REP,227,17,186,1,431,244,187
El Paso,011-OLGA KOHLBERG ELEMENTARY,STRAIGHT PARTY,,DEMOCRAT,DEM,395,11,266,1,673,406,267
El Paso,011-OLGA KOHLBERG ELEMENTARY,STRAIGHT PARTY,,LIBERTARIAN,LIB,7,0,2,0,9,7,2
El Paso,011-OLGA KOHLBERG ELEMENTARY,STRAIGHT PARTY,,GREEN,GRN,3,0,4,0,7,3,4
El Paso,011-OLGA KOHLBERG ELEMENTARY,US PRESIDENT,,MITT ROMNEY,REP,456,31,304,1,792,487,305
El Paso,011-OLGA KOHLBERG ELEMENTARY,US PRESIDENT,,BARACK OBAMA,DEM,639,25,411,2,1077,664,413
El Paso,011-OLGA KOHLBERG ELEMENTARY,US PRESIDENT,,GARY JOHNSON,LIB,15,1,8,0,24,16,8
El Paso,011-OLGA KOHLBERG ELEMENTARY,US PRESIDENT,,JILL STEIN,GRN,6,0,4,1,11,6,5
El Paso,011-OLGA KOHLBERG ELEMENTARY,US PRESIDENT,,WRITE-IN,NP,3,0,3,0,6,3,3
El Paso,011-OLGA KOHLBERG ELEMENTARY,US SENATOR,,TED CRUZ,REP,474,30,304,1,809,504,305
El Paso,011-OLGA KOHLBERG ELEMENTARY,US SENATOR,,PAUL SADLER,DEM,580,18,367,2,967,598,369
El Paso,011-OLGA KOHLBERG ELEMENTARY,US SENATOR,,JOHN JAY MYERS,LIB,18,3,17,0,38,21,17
El Paso,011-OLGA KOHLBERG ELEMENTARY,US SENATOR,,DAVID B. COLLINS,GRN,10,0,14,1,25,10,15
El Paso,011-OLGA KOHLBERG ELEMENTARY,US REP DISTRICT 16,,BARBARA CARRASCO,REP,423,29,285,1,738,452,286
El Paso,011-OLGA KOHLBERG ELEMENTARY,US REP DISTRICT 16,,BETO OROURKE,DEM,656,18,414,3,1091,674,417
El Paso,011-OLGA KOHLBERG ELEMENTARY,US REP DISTRICT 16,,JUNART SODOY,LIB,19,5,16,0,40,24,16
El Paso,011-OLGA KOHLBERG ELEMENTARY,RAILROAD COMMISSIONER,,CHRISTI CRADDICK,REP,422,28,281,1,732,450,282
El Paso,011-OLGA KOHLBERG ELEMENTARY,RAILROAD COMMISSIONER,,DALE HENRY,DEM,579,14,359,2,954,593,361
El Paso,011-OLGA KOHLBERG ELEMENTARY,RAILROAD COMMISSIONER,,VIVEKANANDA (VIK) WA,LIB,27,4,21,0,52,31,21
El Paso,011-OLGA KOHLBERG ELEMENTARY,RAILROAD COMMISSIONER,,CHRIS KENNEDY,GRN,22,2,27,1,52,24,28
El Paso,011-OLGA KOHLBERG ELEMENTARY,RAILROAD COMMISSIONER,,BARRY SMITHERMAN,REP,461,26,321,1,809,487,322
El Paso,011-OLGA KOHLBERG ELEMENTARY,RAILROAD COMMISSIONER,,JAIME O. PEREZ,LIB,346,16,219,0,581,362,219
El Paso,011-OLGA KOHLBERG ELEMENTARY,RAILROAD COMMISSIONER,,JOSH WENDEL,GRN,88,1,57,2,148,89,59
El Paso,011-OLGA KOHLBERG ELEMENTARY,"JUSTICE, SUPREME COURT, PLACE 2",,DON WILLETT,REP,561,29,388,1,979,590,389
El Paso,011-OLGA KOHLBERG ELEMENTARY,"JUSTICE, SUPREME COURT, PLACE 2",,RS ROBERT KOELSCH,LIB,329,13,212,2,556,342,214
El Paso,011-OLGA KOHLBERG ELEMENTARY,"JUSTICE, SUPREME COURT, PLACE 4",,JOHN DEVINE,REP,519,30,365,1,915,549,366
El Paso,011-OLGA KOHLBERG ELEMENTARY,"JUSTICE, SUPREME COURT, PLACE 4",,TOM OXFORD,LIB,268,11,159,1,439,279,160
El Paso,011-OLGA KOHLBERG ELEMENTARY,"JUSTICE, SUPREME COURT, PLACE 4",,CHARLES E. WATERBURY,GRN,104,1,74,1,180,105,75
El Paso,011-OLGA KOHLBERG ELEMENTARY,"JUSTICE, SUPREME COURT, PLACE 6",,NATHAN HECHT,REP,388,23,268,1,680,411,269
El Paso,011-OLGA KOHLBERG ELEMENTARY,"JUSTICE, SUPREME COURT, PLACE 6",,MICHELE PETTY,DEM,618,17,373,2,1010,635,375
El Paso,011-OLGA KOHLBERG ELEMENTARY,"JUSTICE, SUPREME COURT, PLACE 6",,MARK ASH,LIB,32,4,29,0,65,36,29
El Paso,011-OLGA KOHLBERG ELEMENTARY,"JUSTICE, SUPREME COURT, PLACE 6",,JIM CHISHOLM,GRN,16,3,15,1,35,19,16
El Paso,011-OLGA KOHLBERG ELEMENTARY,"PRESIDING JUDGE, COURT OF CRIMINAL APPEALS",,SHARON KELLER,REP,439,25,291,1,756,464,292
El Paso,011-OLGA KOHLBERG ELEMENTARY,"PRESIDING JUDGE, COURT OF CRIMINAL APPEALS",,KEITH HAMPTON,DEM,578,16,361,2,957,594,363
El Paso,011-OLGA KOHLBERG ELEMENTARY,"PRESIDING JUDGE, COURT OF CRIMINAL APPEALS",,LANCE STOTT,LIB,38,7,32,1,78,45,33
El Paso,011-OLGA KOHLBERG ELEMENTARY,"JUDGE, COURT OF CRIMINAL APPEALS, PLACE 7",,BARBARA PARKER HERVE,REP,567,28,386,1,982,595,387
El Paso,011-OLGA KOHLBERG ELEMENTARY,"JUDGE, COURT OF CRIMINAL APPEALS, PLACE 7",,MARK W. BENNETT,LIB,330,12,208,2,552,342,210
El Paso,011-OLGA KOHLBERG ELEMENTARY,"JUDGE, COURT OF CRIMINAL APPEALS, PLACE 8",,ELSA ALCALA,REP,591,30,398,1,1020,621,399
El Paso,011-OLGA KOHLBERG ELEMENTARY,"JUDGE, COURT OF CRIMINAL APPEALS, PLACE 8",,WILLIAM BRYAN STRANG,LIB,304,10,195,2,511,314,197
El Paso,011-OLGA KOHLBERG ELEMENTARY,MEMBER STATE BOARD OF EDUCATION DISTRICT 1,,CARLOS CHARLIE GARZA,REP,433,30,295,1,759,463,296
El Paso,011-OLGA KOHLBERG ELEMENTARY,MEMBER STATE BOARD OF EDUCATION DISTRICT 1,,MARTHA M. DOMINGUEZ,DEM,624,18,390,3,1035,642,393
El Paso,011-OLGA KOHLBERG ELEMENTARY,STATE SENATOR DISTRICT 29,,DAN CHAVEZ,REP,402,28,279,1,710,430,280
El Paso,011-OLGA KOHLBERG ELEMENTARY,STATE SENATOR DISTRICT 29,,JOSE R. RODRIGUEZ,DEM,670,21,415,3,1109,691,418
El Paso,011-OLGA KOHLBERG ELEMENTARY,STATE REPRESENTATIVE DISTRICT 78,,DONALD R. DEE MARGO,REP,461,29,316,1,807,490,317
El Paso,011-OLGA KOHLBERG ELEMENTARY,STATE REPRESENTATIVE DISTRICT 78,,JOE MOODY,DEM,637,22,392,3,1054,659,395
El Paso,011-OLGA KOHLBERG ELEMENTARY,"CHIEF JUSTICE, COURT OF APPEALS 8TH DISTRICT",,ANN CRAWFORD MCCLURE,DEM,751,23,465,3,1242,774,468
El Paso,011-OLGA KOHLBERG ELEMENTARY,"JUSTICE, 8TH COURT OF APPEALS DISTRICT, PLACE 2",,CHRIS ANTCLIFF,REP,445,28,298,1,772,473,299
El Paso,011-OLGA KOHLBERG ELEMENTARY,"JUSTICE, 8TH COURT OF APPEALS DISTRICT, PLACE 2",,YVONNE RODRIGUEZ,DEM,618,19,394,3,1034,637,397
El Paso,011-OLGA KOHLBERG ELEMENTARY,"JUSTICE, 8TH COURT OF APPEALS DISTRICT, PLACE 3",,GUADALUPE LUPE RIVER,DEM,756,24,472,3,1255,780,475
El Paso,011-OLGA KOHLBERG ELEMENTARY,"DISTRICT JUDGE, 34TH JUDICIAL DISTRICT",,BILL MOODY,DEM,760,24,472,3,1259,784,475
El Paso,011-OLGA KOHLBERG ELEMENTARY,"DISTRICT JUDGE, 41ST JUDICIAL DISTRICT",,ANNA PEREZ,DEM,755,22,470,3,1250,777,473
El Paso,011-OLGA KOHLBERG ELEMENTARY,"DISTRICT JUDGE, 243RD JUDICIAL DISTRICT",,BILLY DON HICKS,REP,463,27,304,1,795,490,305
El Paso,011-OLGA KOHLBERG ELEMENTARY,"DISTRICT JUDGE, 243RD JUDICIAL DISTRICT",,LUIS AGUILAR,DEM,611,20,378,3,1012,631,381
El Paso,011-OLGA KOHLBERG ELEMENTARY,"DISTRICT JUDGE, 346TH JUDICIAL DISTRICT",,ANGIE J. BARILL,DEM,743,23,455,3,1224,766,458
El Paso,011-OLGA KOHLBERG ELEMENTARY,"DISTRICT JUDGE, 383RD JUDICIAL DISTRICT",,MIKE HERRERA,DEM,745,24,453,3,1225,769,456
El Paso,011-OLGA KOHLBERG ELEMENTARY,"DISTRICT JUDGE, 384TH JUDICIAL DISTRICT",,PATRICK M. GARCIA,DEM,735,23,452,3,1213,758,455
El Paso,011-OLGA KOHLBERG ELEMENTARY,"DISTRICT JUDGE, 388TH JUDICIAL DISTRICT",,LAURA STRATHMANN,DEM,733,24,451,3,1211,757,454
El Paso,011-OLGA KOHLBERG ELEMENTARY,"DISTRICT JUDGE, 409TH JUDICIAL DISTRICT",,SAM MEDRANO JR,DEM,742,23,450,3,1218,765,453
El Paso,011-OLGA KOHLBERG ELEMENTARY,"DISTRICT JUDGE, 448TH JUDICIAL DISTRICT",,SERGIO H. ENRIQUEZ,DEM,732,23,450,3,1208,755,453
El Paso,011-OLGA KOHLBERG ELEMENTARY,"CRIMINAL DISTRICT JUDGE, COURT NO. 1",,DIANE NAVARRETE,DEM,745,23,450,3,1221,768,453
El Paso,011-OLGA KOHLBERG ELEMENTARY,"FAMILY DISTRICT JUDGE, 65TH JUDICIAL DISTRICT",,YAHARA L. GUTIERREZ,DEM,735,24,450,3,1212,759,453
El Paso,011-OLGA KOHLBERG ELEMENTARY,"DISTRICT ATTORNEY, 34TH JUDICIAL DISTRICT",,JAIME ESPARZA,DEM,751,24,465,3,1243,775,468
El Paso,011-OLGA KOHLBERG ELEMENTARY,"JUDGE, COUNTY CRIMINAL COURT NO. 3",,CARLOS CARRASCO,DEM,734,23,447,3,1207,757,450
El Paso,011-OLGA KOHLBERG ELEMENTARY,"JUDGE, COUNTY CRIMINAL COURT NO. 4",,JESUS HERRERA,DEM,732,24,448,3,1207,756,451
El Paso,011-OLGA KOHLBERG ELEMENTARY,COUNTY ATTORNEY,,JO ANNE BERNAL,DEM,747,24,457,3,1231,771,460
El Paso,011-OLGA KOHLBERG ELEMENTARY,SHERIFF,,RICHARD D. WILES,DEM,765,28,470,3,1266,793,473
El Paso,011-OLGA KOHLBERG ELEMENTARY,COUNTY TAX ASSESSOR COLLECTOR,,VICTOR A. FLORES,DEM,762,28,472,3,1265,790,475
El Paso,011-OLGA KOHLBERG ELEMENTARY,"CONSTABLE, PRECINCT NO. 1",,ROBERT WHITE,DEM,742,24,450,2,1218,766,452
El Paso,012-OLGA KOHLBERG ELEMENTARY,CANUTILLO ISD BOARD OF TRUSTEES,,NICHOLAS MALKANI,NP,62,2,23,4,91,64,27
El Paso,012-OLGA KOHLBERG ELEMENTARY,CANUTILLO ISD BOARD OF TRUSTEES,,GILBERT GARCIA,NP,38,0,28,2,68,38,30
El Paso,012-OLGA KOHLBERG ELEMENTARY,CANUTILLO ISD BOARD OF TRUSTEES,,LETICIA LETTY GONZAL,NP,92,4,38,4,138,96,42
El Paso,012-OLGA KOHLBERG ELEMENTARY,CANUTILLO ISD BOARD OF TRUSTEES,,ALFONSO AL FLORES,NP,56,0,27,2,85,56,29
El Paso,012-OLGA KOHLBERG ELEMENTARY,CANUTILLO ISD BOARD OF TRUSTEES,,ARMANDO RODRIGUEZ,NP,56,0,21,1,78,56,22
El Paso,012-OLGA KOHLBERG ELEMENTARY,CANUTILLO ISD BOARD OF TRUSTEES,,RACHEL MENDOZA QUINT,NP,89,4,30,2,125,93,32
El Paso,012-OLGA KOHLBERG ELEMENTARY,CANUTILLO ISD BOARD OF TRUSTEES,,ADRIAN MEDINA,NP,63,1,22,2,88,64,24
El Paso,012-OLGA KOHLBERG ELEMENTARY,"CITY OF EL PASO, PROPOSITION",,FOR (A FAVOR),NP,158,8,71,9,246,166,80
El Paso,012-OLGA KOHLBERG ELEMENTARY,"CITY OF EL PASO, PROPOSITION",,AGAINST (EN CONTRA),NP,57,1,23,3,84,58,26
El Paso,012-OLGA KOHLBERG ELEMENTARY,"CITY OF EL PASO, PROPOSITION",,FOR (A FAVOR),NP,156,9,60,9,234,165,69
El Paso,012-OLGA KOHLBERG ELEMENTARY,"CITY OF EL PASO, PROPOSITION",,AGAINST (EN CONTRA),NP,59,0,32,3,94,59,35
El Paso,012-OLGA KOHLBERG ELEMENTARY,"CITY OF EL PASO, PROPOSITION",,FOR (A FAVOR),NP,143,4,60,8,215,147,68
El Paso,012-OLGA KOHLBERG ELEMENTARY,"CITY OF EL PASO, PROPOSITION",,AGAINST (EN CONTRA),NP,72,5,33,4,114,77,37
El Paso,012-OLGA KOHLBERG ELEMENTARY,STRAIGHT PARTY,,REPUBLICAN,REP,61,1,29,3,94,62,32
El Paso,012-OLGA KOHLBERG ELEMENTARY,STRAIGHT PARTY,,DEMOCRAT,DEM,56,3,22,7,88,59,29
El Paso,012-OLGA KOHLBERG ELEMENTARY,STRAIGHT PARTY,,LIBERTARIAN,LIB,2,0,0,0,2,2,0
El Paso,012-OLGA KOHLBERG ELEMENTARY,STRAIGHT PARTY,,GREEN,GRN,0,0,0,0,0,0,0
El Paso,012-OLGA KOHLBERG ELEMENTARY,US PRESIDENT,,MITT ROMNEY,REP,103,4,56,4,167,107,60
El Paso,012-OLGA KOHLBERG ELEMENTARY,US PRESIDENT,,BARACK OBAMA,DEM,104,5,42,8,159,109,50
El Paso,012-OLGA KOHLBERG ELEMENTARY,US PRESIDENT,,GARY JOHNSON,LIB,4,0,0,0,4,4,0
El Paso,012-OLGA KOHLBERG ELEMENTARY,US PRESIDENT,,JILL STEIN,GRN,3,0,0,0,3,3,0
El Paso,012-OLGA KOHLBERG ELEMENTARY,US PRESIDENT,,WRITE-IN,NP,0,0,0,0,0,0,0
El Paso,012-OLGA KOHLBERG ELEMENTARY,US SENATOR,,TED CRUZ,REP,106,4,52,3,165,110,55
El Paso,012-OLGA KOHLBERG ELEMENTARY,US SENATOR,,PAUL SADLER,DEM,96,5,32,9,142,101,41
El Paso,012-OLGA KOHLBERG ELEMENTARY,US SENATOR,,JOHN JAY MYERS,LIB,8,0,7,0,15,8,7
El Paso,012-OLGA KOHLBERG ELEMENTARY,US SENATOR,,DAVID B. COLLINS,GRN,1,0,1,0,2,1,1
El Paso,012-OLGA KOHLBERG ELEMENTARY,US REP DISTRICT 16,,BARBARA CARRASCO,REP,85,3,50,3,141,88,53
El Paso,012-OLGA KOHLBERG ELEMENTARY,US REP DISTRICT 16,,BETO OROURKE,DEM,126,5,37,9,177,131,46
El Paso,012-OLGA KOHLBERG ELEMENTARY,US REP DISTRICT 16,,JUNART SODOY,LIB,3,0,5,0,8,3,5
El Paso,012-OLGA KOHLBERG ELEMENTARY,RAILROAD COMMISSIONER,,CHRISTI CRADDICK,REP,99,2,48,3,152,101,51
El Paso,012-OLGA KOHLBERG ELEMENTARY,RAILROAD COMMISSIONER,,DALE HENRY,DEM,83,5,32,9,129,88,41
El Paso,012-OLGA KOHLBERG ELEMENTARY,RAILROAD COMMISSIONER,,VIVEKANANDA (VIK) WA,LIB,8,0,2,0,10,8,2
El Paso,012-OLGA KOHLBERG ELEMENTARY,RAILROAD COMMISSIONER,,CHRIS KENNEDY,GRN,5,0,2,0,7,5,2
El Paso,012-OLGA KOHLBERG ELEMENTARY,RAILROAD COMMISSIONER,,BARRY SMITHERMAN,REP,110,1,56,4,171,111,60
El Paso,012-OLGA KOHLBERG ELEMENTARY,RAILROAD COMMISSIONER,,JAIME O. PEREZ,LIB,45,0,13,2,60,45,15
El Paso,012-OLGA KOHLBERG ELEMENTARY,RAILROAD COMMISSIONER,,JOSH WENDEL,GRN,19,2,5,0,26,21,5
El Paso,012-OLGA KOHLBERG ELEMENTARY,"JUSTICE, SUPREME COURT, PLACE 2",,DON WILLETT,REP,124,2,62,4,192,126,66
El Paso,012-OLGA KOHLBERG ELEMENTARY,"JUSTICE, SUPREME COURT, PLACE 2",,RS ROBERT KOELSCH,LIB,49,1,11,2,63,50,13
El Paso,012-OLGA KOHLBERG ELEMENTARY,"JUSTICE, SUPREME COURT, PLACE 4",,JOHN DEVINE,REP,118,3,57,3,181,121,60
El Paso,012-OLGA KOHLBERG ELEMENTARY,"JUSTICE, SUPREME COURT, PLACE 4",,TOM OXFORD,LIB,33,0,13,3,49,33,16
El Paso,012-OLGA KOHLBERG ELEMENTARY,"JUSTICE, SUPREME COURT, PLACE 4",,CHARLES E. WATERBURY,GRN,27,0,2,0,29,27,2
El Paso,012-OLGA KOHLBERG ELEMENTARY,"JUSTICE, SUPREME COURT, PLACE 6",,NATHAN HECHT,REP,92,3,48,3,146,95,51
El Paso,012-OLGA KOHLBERG ELEMENTARY,"JUSTICE, SUPREME COURT, PLACE 6",,MICHELE PETTY,DEM,95,5,33,8,141,100,41
El Paso,012-OLGA KOHLBERG ELEMENTARY,"JUSTICE, SUPREME COURT, PLACE 6",,MARK ASH,LIB,6,0,3,0,9,6,3
El Paso,012-OLGA KOHLBERG ELEMENTARY,"JUSTICE, SUPREME COURT, PLACE 6",,JIM CHISHOLM,GRN,5,0,1,0,6,5,1
El Paso,012-OLGA KOHLBERG ELEMENTARY,"PRESIDING JUDGE, COURT OF CRIMINAL APPEALS",,SHARON KELLER,REP,101,3,49,3,156,104,52
El Paso,012-OLGA KOHLBERG ELEMENTARY,"PRESIDING JUDGE, COURT OF CRIMINAL APPEALS",,KEITH HAMPTON,DEM,90,5,33,8,136,95,41
El Paso,012-OLGA KOHLBERG ELEMENTARY,"PRESIDING JUDGE, COURT OF CRIMINAL APPEALS",,LANCE STOTT,LIB,6,0,2,0,8,6,2
El Paso,012-OLGA KOHLBERG ELEMENTARY,"JUDGE, COURT OF CRIMINAL APPEALS, PLACE 7",,BARBARA PARKER HERVE,REP,121,3,57,4,185,124,61
El Paso,012-OLGA KOHLBERG ELEMENTARY,"JUDGE, COURT OF CRIMINAL APPEALS, PLACE 7",,MARK W. BENNETT,LIB,53,0,12,2,67,53,14
El Paso,012-OLGA KOHLBERG ELEMENTARY,"JUDGE, COURT OF CRIMINAL APPEALS, PLACE 8",,ELSA ALCALA,REP,125,2,54,4,185,127,58
El Paso,012-OLGA KOHLBERG ELEMENTARY,"JUDGE, COURT OF CRIMINAL APPEALS, PLACE 8",,WILLIAM BRYAN STRANG,LIB,46,1,15,2,64,47,17
El Paso,012-OLGA KOHLBERG ELEMENTARY,MEMBER STATE BOARD OF EDUCATION DISTRICT 1,,CARLOS CHARLIE GARZA,REP,97,1,49,4,151,98,53
El Paso,012-OLGA KOHLBERG ELEMENTARY,MEMBER STATE BOARD OF EDUCATION DISTRICT 1,,MARTHA M. DOMINGUEZ,DEM,98,5,35,8,146,103,43
El Paso,012-OLGA KOHLBERG ELEMENTARY,STATE SENATOR DISTRICT 29,,DAN CHAVEZ,REP,102,2,48,3,155,104,51
El Paso,012-OLGA KOHLBERG ELEMENTARY,STATE SENATOR DISTRICT 29,,JOSE R. RODRIGUEZ,DEM,102,5,38,9,154,107,47
El Paso,012-OLGA KOHLBERG ELEMENTARY,STATE REPRESENTATIVE DISTRICT 78,,DONALD R. DEE MARGO,REP,108,2,54,3,167,110,57
El Paso,012-OLGA KOHLBERG ELEMENTARY,STATE REPRESENTATIVE DISTRICT 78,,JOE MOODY,DEM,102,5,38,8,153,107,46
El Paso,012-OLGA KOHLBERG ELEMENTARY,"CHIEF JUSTICE, COURT OF APPEALS 8TH DISTRICT",,ANN CRAWFORD MCCLURE,DEM,112,5,49,9,175,117,58
El Paso,012-OLGA KOHLBERG ELEMENTARY,"JUSTICE, 8TH COURT OF APPEALS DISTRICT, PLACE 2",,CHRIS ANTCLIFF,REP,113,3,51,4,171,116,55
El Paso,012-OLGA KOHLBERG ELEMENTARY,"JUSTICE, 8TH COURT OF APPEALS DISTRICT, PLACE 2",,YVONNE RODRIGUEZ,DEM,84,5,35,8,132,89,43
El Paso,012-OLGA KOHLBERG ELEMENTARY,"JUSTICE, 8TH COURT OF APPEALS DISTRICT, PLACE 3",,GUADALUPE LUPE RIVER,DEM,119,5,50,9,183,124,59
El Paso,012-OLGA KOHLBERG ELEMENTARY,"DISTRICT JUDGE, 34TH JUDICIAL DISTRICT",,BILL MOODY,DEM,123,6,51,9,189,129,60
El Paso,012-OLGA KOHLBERG ELEMENTARY,"DISTRICT JUDGE, 41ST JUDICIAL DISTRICT",,ANNA PEREZ,DEM,119,5,49,9,182,124,58
El Paso,012-OLGA KOHLBERG ELEMENTARY,"DISTRICT JUDGE, 243RD JUDICIAL DISTRICT",,BILLY DON HICKS,REP,100,2,51,4,157,102,55
El Paso,012-OLGA KOHLBERG ELEMENTARY,"DISTRICT JUDGE, 243RD JUDICIAL DISTRICT",,LUIS AGUILAR,DEM,94,5,36,8,143,99,44
El Paso,012-OLGA KOHLBERG ELEMENTARY,"DISTRICT JUDGE, 346TH JUDICIAL DISTRICT",,ANGIE J. BARILL,DEM,114,5,49,9,177,119,58
El Paso,012-OLGA KOHLBERG ELEMENTARY,"DISTRICT JUDGE, 383RD JUDICIAL DISTRICT",,MIKE HERRERA,DEM,112,5,48,9,174,117,57
El Paso,012-OLGA KOHLBERG ELEMENTARY,"DISTRICT JUDGE, 384TH JUDICIAL DISTRICT",,PATRICK M. GARCIA,DEM,112,5,47,9,173,117,56
El Paso,012-OLGA KOHLBERG ELEMENTARY,"DISTRICT JUDGE, 388TH JUDICIAL DISTRICT",,LAURA STRATHMANN,DEM,112,6,47,9,174,118,56
El Paso,012-OLGA KOHLBERG ELEMENTARY,"DISTRICT JUDGE, 409TH JUDICIAL DISTRICT",,SAM MEDRANO JR,DEM,112,5,48,9,174,117,57
El Paso,012-OLGA KOHLBERG ELEMENTARY,"DISTRICT JUDGE, 448TH JUDICIAL DISTRICT",,SERGIO H. ENRIQUEZ,DEM,112,5,44,9,170,117,53
El Paso,012-OLGA KOHLBERG ELEMENTARY,"CRIMINAL DISTRICT JUDGE, COURT NO. 1",,DIANE NAVARRETE,DEM,114,5,47,9,175,119,56
El Paso,012-OLGA KOHLBERG ELEMENTARY,"FAMILY DISTRICT JUDGE, 65TH JUDICIAL DISTRICT",,YAHARA L. GUTIERREZ,DEM,111,5,45,9,170,116,54
El Paso,012-OLGA KOHLBERG ELEMENTARY,"DISTRICT ATTORNEY, 34TH JUDICIAL DISTRICT",,JAIME ESPARZA,DEM,111,5,46,9,171,116,55
El Paso,012-OLGA KOHLBERG ELEMENTARY,"JUDGE, COUNTY CRIMINAL COURT NO. 3",,CARLOS CARRASCO,DEM,111,5,47,9,172,116,56
El Paso,012-OLGA KOHLBERG ELEMENTARY,"JUDGE, COUNTY CRIMINAL COURT NO. 4",,JESUS HERRERA,DEM,109,5,47,9,170,114,56
El Paso,012-OLGA KOHLBERG ELEMENTARY,COUNTY ATTORNEY,,JO ANNE BERNAL,DEM,114,5,47,9,175,119,56
El Paso,012-OLGA KOHLBERG ELEMENTARY,SHERIFF,,RICHARD D. WILES,DEM,120,6,49,9,184,126,58
El Paso,012-OLGA KOHLBERG ELEMENTARY,COUNTY TAX ASSESSOR COLLECTOR,,VICTOR A. FLORES,DEM,114,5,45,9,173,119,54
El Paso,012-OLGA KOHLBERG ELEMENTARY,"CONSTABLE, PRECINCT NO. 7",,KING MERRITT,REP,98,2,44,3,147,100,47
El Paso,012-OLGA KOHLBERG ELEMENTARY,"CONSTABLE, PRECINCT NO. 7",,ANGIE SOMMERS,DEM,99,6,39,9,153,105,48
El Paso,013-FRANKLIN 9TH GRADE,"CITY OF EL PASO, PROPOSITION",,FOR (A FAVOR),NP,614,24,465,1,1104,638,466
El Paso,013-FRANKLIN 9TH GRADE,"CITY OF EL PASO, PROPOSITION",,AGAINST (EN CONTRA),NP,221,12,118,0,351,233,118
El Paso,013-FRANKLIN 9TH GRADE,"CITY OF EL PASO, PROPOSITION",,FOR (A FAVOR),NP,571,26,451,1,1049,597,452
El Paso,013-FRANKLIN 9TH GRADE,"CITY OF EL PASO, PROPOSITION",,AGAINST (EN CONTRA),NP,253,10,130,0,393,263,130
El Paso,013-FRANKLIN 9TH GRADE,"CITY OF EL PASO, PROPOSITION",,FOR (A FAVOR),NP,537,14,378,1,930,551,379
El Paso,013-FRANKLIN 9TH GRADE,"CITY OF EL PASO, PROPOSITION",,AGAINST (EN CONTRA),NP,288,23,196,0,507,311,196
El Paso,013-FRANKLIN 9TH GRADE,STRAIGHT PARTY,,REPUBLICAN,REP,173,11,139,0,323,184,139
El Paso,013-FRANKLIN 9TH GRADE,STRAIGHT PARTY,,DEMOCRAT,DEM,231,9,205,2,447,240,207
El Paso,013-FRANKLIN 9TH GRADE,STRAIGHT PARTY,,LIBERTARIAN,LIB,1,0,3,0,4,1,3
El Paso,013-FRANKLIN 9TH GRADE,STRAIGHT PARTY,,GREEN,GRN,1,0,2,0,3,1,2
El Paso,013-FRANKLIN 9TH GRADE,US PRESIDENT,,MITT ROMNEY,REP,383,31,244,0,658,414,244
El Paso,013-FRANKLIN 9TH GRADE,US PRESIDENT,,BARACK OBAMA,DEM,457,16,340,2,815,473,342
El Paso,013-FRANKLIN 9TH GRADE,US PRESIDENT,,GARY JOHNSON,LIB,3,0,7,0,10,3,7
El Paso,013-FRANKLIN 9TH GRADE,US PRESIDENT,,JILL STEIN,GRN,3,0,2,0,5,3,2
El Paso,013-FRANKLIN 9TH GRADE,US PRESIDENT,,WRITE-IN,NP,1,0,2,0,3,1,2
El Paso,013-FRANKLIN 9TH GRADE,US SENATOR,,TED CRUZ,REP,392,30,251,0,673,422,251
El Paso,013-FRANKLIN 9TH GRADE,US SENATOR,,PAUL SADLER,DEM,408,11,296,2,717,419,298
El Paso,013-FRANKLIN 9TH GRADE,US SENATOR,,JOHN JAY MYERS,LIB,16,1,10,0,27,17,10
El Paso,013-FRANKLIN 9TH GRADE,US SENATOR,,DAVID B. COLLINS,GRN,7,0,7,0,14,7,7
El Paso,013-FRANKLIN 9TH GRADE,US REP DISTRICT 16,,BARBARA CARRASCO,REP,341,26,222,0,589,367,222
El Paso,013-FRANKLIN 9TH GRADE,US REP DISTRICT 16,,BETO OROURKE,DEM,494,17,355,2,868,511,357
El Paso,013-FRANKLIN 9TH GRADE,US REP DISTRICT 16,,JUNART SODOY,LIB,5,1,4,0,10,6,4
El Paso,013-FRANKLIN 9TH GRADE,RAILROAD COMMISSIONER,,CHRISTI CRADDICK,REP,353,28,231,0,612,381,231
El Paso,013-FRANKLIN 9TH GRADE,RAILROAD COMMISSIONER,,DALE HENRY,DEM,395,9,288,2,694,404,290
El Paso,013-FRANKLIN 9TH GRADE,RAILROAD COMMISSIONER,,VIVEKANANDA (VIK) WA,LIB,16,0,15,0,31,16,15
El Paso,013-FRANKLIN 9TH GRADE,RAILROAD COMMISSIONER,,CHRIS KENNEDY,GRN,20,2,14,0,36,22,14
El Paso,013-FRANKLIN 9TH GRADE,RAILROAD COMMISSIONER,,BARRY SMITHERMAN,REP,397,27,264,0,688,424,264
El Paso,013-FRANKLIN 9TH GRADE,RAILROAD COMMISSIONER,,JAIME O. PEREZ,LIB,229,2,184,0,415,231,184
El Paso,013-FRANKLIN 9TH GRADE,RAILROAD COMMISSIONER,,JOSH WENDEL,GRN,64,3,46,0,113,67,46
El Paso,013-FRANKLIN 9TH GRADE,"JUSTICE, SUPREME COURT, PLACE 2",,DON WILLETT,REP,467,26,319,0,812,493,319
El Paso,013-FRANKLIN 9TH GRADE,"JUSTICE, SUPREME COURT, PLACE 2",,RS ROBERT KOELSCH,LIB,207,5,173,0,385,212,173
El Paso,013-FRANKLIN 9TH GRADE,"JUSTICE, SUPREME COURT, PLACE 4",,JOHN DEVINE,REP,451,26,312,0,789,477,312
El Paso,013-FRANKLIN 9TH GRADE,"JUSTICE, SUPREME COURT, PLACE 4",,TOM OXFORD,LIB,171,3,132,0,306,174,132
El Paso,013-FRANKLIN 9TH GRADE,"JUSTICE, SUPREME COURT, PLACE 4",,CHARLES E. WATERBURY,GRN,61,3,48,0,112,64,48
El Paso,013-FRANKLIN 9TH GRADE,"JUSTICE, SUPREME COURT, PLACE 6",,NATHAN HECHT,REP,336,25,215,0,576,361,215
El Paso,013-FRANKLIN 9TH GRADE,"JUSTICE, SUPREME COURT, PLACE 6",,MICHELE PETTY,DEM,411,11,306,2,730,422,308
El Paso,013-FRANKLIN 9TH GRADE,"JUSTICE, SUPREME COURT, PLACE 6",,MARK ASH,LIB,29,0,18,0,47,29,18
El Paso,013-FRANKLIN 9TH GRADE,"JUSTICE, SUPREME COURT, PLACE 6",,JIM CHISHOLM,GRN,15,0,11,0,26,15,11
El Paso,013-FRANKLIN 9TH GRADE,"PRESIDING JUDGE, COURT OF CRIMINAL APPEALS",,SHARON KELLER,REP,354,26,232,0,612,380,232
El Paso,013-FRANKLIN 9TH GRADE,"PRESIDING JUDGE, COURT OF CRIMINAL APPEALS",,KEITH HAMPTON,DEM,405,10,296,2,713,415,298
El Paso,013-FRANKLIN 9TH GRADE,"PRESIDING JUDGE, COURT OF CRIMINAL APPEALS",,LANCE STOTT,LIB,32,1,18,0,51,33,18
El Paso,013-FRANKLIN 9TH GRADE,"JUDGE, COURT OF CRIMINAL APPEALS, PLACE 7",,BARBARA PARKER HERVE,REP,468,27,303,0,798,495,303
El Paso,013-FRANKLIN 9TH GRADE,"JUDGE, COURT OF CRIMINAL APPEALS, PLACE 7",,MARK W. BENNETT,LIB,203,5,182,0,390,208,182
El Paso,013-FRANKLIN 9TH GRADE,"JUDGE, COURT OF CRIMINAL APPEALS, PLACE 8",,ELSA ALCALA,REP,468,26,331,0,825,494,331
El Paso,013-FRANKLIN 9TH GRADE,"JUDGE, COURT OF CRIMINAL APPEALS, PLACE 8",,WILLIAM BRYAN STRANG,LIB,202,6,156,0,364,208,156
El Paso,013-FRANKLIN 9TH GRADE,MEMBER STATE BOARD OF EDUCATION DISTRICT 1,,CARLOS CHARLIE GARZA,REP,347,27,232,0,606,374,232
El Paso,013-FRANKLIN 9TH GRADE,MEMBER STATE BOARD OF EDUCATION DISTRICT 1,,MARTHA M. DOMINGUEZ,DEM,450,10,318,2,780,460,320
El Paso,013-FRANKLIN 9TH GRADE,STATE SENATOR DISTRICT 29,,DAN CHAVEZ,REP,340,25,217,0,582,365,217
El Paso,013-FRANKLIN 9TH GRADE,STATE SENATOR DISTRICT 29,,JOSE R. RODRIGUEZ,DEM,465,13,339,2,819,478,341
El Paso,013-FRANKLIN 9TH GRADE,STATE REPRESENTATIVE DISTRICT 78,,DONALD R. DEE MARGO,REP,400,29,261,0,690,429,261
El Paso,013-FRANKLIN 9TH GRADE,STATE REPRESENTATIVE DISTRICT 78,,JOE MOODY,DEM,428,11,312,2,753,439,314
El Paso,013-FRANKLIN 9TH GRADE,"CHIEF JUSTICE, COURT OF APPEALS 8TH DISTRICT",,ANN CRAWFORD MCCLURE,DEM,531,14,382,2,929,545,384
El Paso,013-FRANKLIN 9TH GRADE,"JUSTICE, 8TH COURT OF APPEALS DISTRICT, PLACE 2",,CHRIS ANTCLIFF,REP,403,26,239,0,668,429,239
El Paso,013-FRANKLIN 9TH GRADE,"JUSTICE, 8TH COURT OF APPEALS DISTRICT, PLACE 2",,YVONNE RODRIGUEZ,DEM,396,12,306,2,716,408,308
El Paso,013-FRANKLIN 9TH GRADE,"JUSTICE, 8TH COURT OF APPEALS DISTRICT, PLACE 3",,GUADALUPE LUPE RIVER,DEM,525,15,387,2,929,540,389
El Paso,013-FRANKLIN 9TH GRADE,"DISTRICT JUDGE, 34TH JUDICIAL DISTRICT",,BILL MOODY,DEM,536,17,391,2,946,553,393
El Paso,013-FRANKLIN 9TH GRADE,"DISTRICT JUDGE, 41ST JUDICIAL DISTRICT",,ANNA PEREZ,DEM,522,15,383,2,922,537,385
El Paso,013-FRANKLIN 9TH GRADE,"DISTRICT JUDGE, 243RD JUDICIAL DISTRICT",,BILLY DON HICKS,REP,399,29,241,0,669,428,241
El Paso,013-FRANKLIN 9TH GRADE,"DISTRICT JUDGE, 243RD JUDICIAL DISTRICT",,LUIS AGUILAR,DEM,396,9,302,2,709,405,304
El Paso,013-FRANKLIN 9TH GRADE,"DISTRICT JUDGE, 346TH JUDICIAL DISTRICT",,ANGIE J. BARILL,DEM,518,16,379,2,915,534,381
El Paso,013-FRANKLIN 9TH GRADE,"DISTRICT JUDGE, 383RD JUDICIAL DISTRICT",,MIKE HERRERA,DEM,512,16,378,2,908,528,380
El Paso,013-FRANKLIN 9TH GRADE,"DISTRICT JUDGE, 384TH JUDICIAL DISTRICT",,PATRICK M. GARCIA,DEM,507,16,377,2,902,523,379
El Paso,013-FRANKLIN 9TH GRADE,"DISTRICT JUDGE, 388TH JUDICIAL DISTRICT",,LAURA STRATHMANN,DEM,514,16,378,2,910,530,380
El Paso,013-FRANKLIN 9TH GRADE,"DISTRICT JUDGE, 409TH JUDICIAL DISTRICT",,SAM MEDRANO JR,DEM,513,16,379,2,910,529,381
El Paso,013-FRANKLIN 9TH GRADE,"DISTRICT JUDGE, 448TH JUDICIAL DISTRICT",,SERGIO H. ENRIQUEZ,DEM,506,16,373,2,897,522,375
El Paso,013-FRANKLIN 9TH GRADE,"CRIMINAL DISTRICT JUDGE, COURT NO. 1",,DIANE NAVARRETE,DEM,510,15,375,2,902,525,377
El Paso,013-FRANKLIN 9TH GRADE,"FAMILY DISTRICT JUDGE, 65TH JUDICIAL DISTRICT",,YAHARA L. GUTIERREZ,DEM,510,15,375,2,902,525,377
El Paso,013-FRANKLIN 9TH GRADE,"DISTRICT ATTORNEY, 34TH JUDICIAL DISTRICT",,JAIME ESPARZA,DEM,517,17,380,2,916,534,382
El Paso,013-FRANKLIN 9TH GRADE,"JUDGE, COUNTY CRIMINAL COURT NO. 3",,CARLOS CARRASCO,DEM,506,15,372,2,895,521,374
El Paso,013-FRANKLIN 9TH GRADE,"JUDGE, COUNTY CRIMINAL COURT NO. 4",,JESUS HERRERA,DEM,509,15,373,2,899,524,375
El Paso,013-FRANKLIN 9TH GRADE,COUNTY ATTORNEY,,JO ANNE BERNAL,DEM,517,15,375,2,909,532,377
El Paso,013-FRANKLIN 9TH GRADE,SHERIFF,,RICHARD D. WILES,DEM,537,18,396,2,953,555,398
El Paso,013-FRANKLIN 9TH GRADE,COUNTY TAX ASSESSOR COLLECTOR,,VICTOR A. FLORES,DEM,521,23,384,2,930,544,386
El Paso,013-FRANKLIN 9TH GRADE,"CONSTABLE, PRECINCT NO. 7",,KING MERRITT,REP,365,24,225,0,614,389,225
El Paso,013-FRANKLIN 9TH GRADE,"CONSTABLE, PRECINCT NO. 7",,ANGIE SOMMERS,DEM,429,11,315,2,757,440,317
El Paso,014-TIPPIN ELEMENTARY,"CITY OF EL PASO, PROPOSITION",,FOR (A FAVOR),NP,718,46,461,0,1225,764,461
El Paso,014-TIPPIN ELEMENTARY,"CITY OF EL PASO, PROPOSITION",,AGAINST (EN CONTRA),NP,256,22,136,1,415,278,137
El Paso,014-TIPPIN ELEMENTARY,"CITY OF EL PASO, PROPOSITION",,FOR (A FAVOR),NP,650,43,431,0,1124,693,431
El Paso,014-TIPPIN ELEMENTARY,"CITY OF EL PASO, PROPOSITION",,AGAINST (EN CONTRA),NP,314,24,164,1,503,338,165
El Paso,014-TIPPIN ELEMENTARY,"CITY OF EL PASO, PROPOSITION",,FOR (A FAVOR),NP,632,42,413,0,1087,674,413
El Paso,014-TIPPIN ELEMENTARY,"CITY OF EL PASO, PROPOSITION",,AGAINST (EN CONTRA),NP,328,21,179,1,529,349,180
El Paso,014-TIPPIN ELEMENTARY,STRAIGHT PARTY,,REPUBLICAN,REP,239,30,165,1,435,269,166
El Paso,014-TIPPIN ELEMENTARY,STRAIGHT PARTY,,DEMOCRAT,DEM,214,11,152,0,377,225,152
El Paso,014-TIPPIN ELEMENTARY,STRAIGHT PARTY,,LIBERTARIAN,LIB,4,0,1,0,5,4,1
El Paso,014-TIPPIN ELEMENTARY,STRAIGHT PARTY,,GREEN,GRN,2,0,2,0,4,2,2
El Paso,014-TIPPIN ELEMENTARY,US PRESIDENT,,MITT ROMNEY,REP,554,49,309,1,913,603,310
El Paso,014-TIPPIN ELEMENTARY,US PRESIDENT,,BARACK OBAMA,DEM,422,23,296,0,741,445,296
El Paso,014-TIPPIN ELEMENTARY,US PRESIDENT,,GARY JOHNSON,LIB,7,0,2,0,9,7,2
El Paso,014-TIPPIN ELEMENTARY,US PRESIDENT,,JILL STEIN,GRN,2,0,3,0,5,2,3
El Paso,014-TIPPIN ELEMENTARY,US PRESIDENT,,WRITE-IN,NP,0,0,2,0,2,0,2
El Paso,014-TIPPIN ELEMENTARY,US SENATOR,,TED CRUZ,REP,535,50,311,1,897,585,312
El Paso,014-TIPPIN ELEMENTARY,US SENATOR,,PAUL SADLER,DEM,396,18,245,0,659,414,245
El Paso,014-TIPPIN ELEMENTARY,US SENATOR,,JOHN JAY MYERS,LIB,12,1,10,0,23,13,10
El Paso,014-TIPPIN ELEMENTARY,US SENATOR,,DAVID B. COLLINS,GRN,8,0,10,0,18,8,10
El Paso,014-TIPPIN ELEMENTARY,US REP DISTRICT 16,,BARBARA CARRASCO,REP,441,45,276,1,763,486,277
El Paso,014-TIPPIN ELEMENTARY,US REP DISTRICT 16,,BETO OROURKE,DEM,522,21,305,0,848,543,305
El Paso,014-TIPPIN ELEMENTARY,US REP DISTRICT 16,,JUNART SODOY,LIB,9,1,9,0,19,10,9
El Paso,014-TIPPIN ELEMENTARY,RAILROAD COMMISSIONER,,CHRISTI CRADDICK,REP,490,46,290,1,827,536,291
El Paso,014-TIPPIN ELEMENTARY,RAILROAD COMMISSIONER,,DALE HENRY,DEM,386,19,234,0,639,405,234
El Paso,014-TIPPIN ELEMENTARY,RAILROAD COMMISSIONER,,VIVEKANANDA (VIK) WA,LIB,18,1,17,0,36,19,17
El Paso,014-TIPPIN ELEMENTARY,RAILROAD COMMISSIONER,,CHRIS KENNEDY,GRN,16,1,21,0,38,17,21
El Paso,014-TIPPIN ELEMENTARY,RAILROAD COMMISSIONER,,BARRY SMITHERMAN,REP,540,52,332,1,925,592,333
El Paso,014-TIPPIN ELEMENTARY,RAILROAD COMMISSIONER,,JAIME O. PEREZ,LIB,192,4,134,0,330,196,134
El Paso,014-TIPPIN ELEMENTARY,RAILROAD COMMISSIONER,,JOSH WENDEL,GRN,80,5,49,0,134,85,49
El Paso,014-TIPPIN ELEMENTARY,"JUSTICE, SUPREME COURT, PLACE 2",,DON WILLETT,REP,594,55,383,1,1033,649,384
El Paso,014-TIPPIN ELEMENTARY,"JUSTICE, SUPREME COURT, PLACE 2",,RS ROBERT KOELSCH,LIB,195,5,125,0,325,200,125
El Paso,014-TIPPIN ELEMENTARY,"JUSTICE, SUPREME COURT, PLACE 4",,JOHN DEVINE,REP,562,53,359,1,975,615,360
El Paso,014-TIPPIN ELEMENTARY,"JUSTICE, SUPREME COURT, PLACE 4",,TOM OXFORD,LIB,166,3,110,0,279,169,110
El Paso,014-TIPPIN ELEMENTARY,"JUSTICE, SUPREME COURT, PLACE 4",,CHARLES E. WATERBURY,GRN,70,5,44,0,119,75,44
El Paso,014-TIPPIN ELEMENTARY,"JUSTICE, SUPREME COURT, PLACE 6",,NATHAN HECHT,REP,463,46,284,1,794,509,285
El Paso,014-TIPPIN ELEMENTARY,"JUSTICE, SUPREME COURT, PLACE 6",,MICHELE PETTY,DEM,395,19,248,0,662,414,248
El Paso,014-TIPPIN ELEMENTARY,"JUSTICE, SUPREME COURT, PLACE 6",,MARK ASH,LIB,36,3,16,0,55,39,16
El Paso,014-TIPPIN ELEMENTARY,"JUSTICE, SUPREME COURT, PLACE 6",,JIM CHISHOLM,GRN,16,0,13,0,29,16,13
El Paso,014-TIPPIN ELEMENTARY,"PRESIDING JUDGE, COURT OF CRIMINAL APPEALS",,SHARON KELLER,REP,500,52,299,1,852,552,300
El Paso,014-TIPPIN ELEMENTARY,"PRESIDING JUDGE, COURT OF CRIMINAL APPEALS",,KEITH HAMPTON,DEM,383,14,233,0,630,397,233
El Paso,014-TIPPIN ELEMENTARY,"PRESIDING JUDGE, COURT OF CRIMINAL APPEALS",,LANCE STOTT,LIB,30,2,26,0,58,32,26
El Paso,014-TIPPIN ELEMENTARY,"JUDGE, COURT OF CRIMINAL APPEALS, PLACE 7",,BARBARA PARKER HERVE,REP,582,56,373,1,1012,638,374
El Paso,014-TIPPIN ELEMENTARY,"JUDGE, COURT OF CRIMINAL APPEALS, PLACE 7",,MARK W. BENNETT,LIB,213,4,134,0,351,217,134
El Paso,014-TIPPIN ELEMENTARY,"JUDGE, COURT OF CRIMINAL APPEALS, PLACE 8",,ELSA ALCALA,REP,594,54,375,1,1024,648,376
El Paso,014-TIPPIN ELEMENTARY,"JUDGE, COURT OF CRIMINAL APPEALS, PLACE 8",,WILLIAM BRYAN STRANG,LIB,196,6,133,0,335,202,133
El Paso,014-TIPPIN ELEMENTARY,MEMBER STATE BOARD OF EDUCATION DISTRICT 1,,CARLOS CHARLIE GARZA,REP,505,50,308,1,864,555,309
El Paso,014-TIPPIN ELEMENTARY,MEMBER STATE BOARD OF EDUCATION DISTRICT 1,,MARTHA M. DOMINGUEZ,DEM,405,19,255,0,679,424,255
El Paso,014-TIPPIN ELEMENTARY,STATE SENATOR DISTRICT 29,,DAN CHAVEZ,REP,485,49,295,1,830,534,296
El Paso,014-TIPPIN ELEMENTARY,STATE SENATOR DISTRICT 29,,JOSE R. RODRIGUEZ,DEM,440,17,280,0,737,457,280
El Paso,014-TIPPIN ELEMENTARY,STATE REPRESENTATIVE DISTRICT 78,,DONALD R. DEE MARGO,REP,538,50,320,1,909,588,321
El Paso,014-TIPPIN ELEMENTARY,STATE REPRESENTATIVE DISTRICT 78,,JOE MOODY,DEM,426,17,270,0,713,443,270
El Paso,014-TIPPIN ELEMENTARY,"CHIEF JUSTICE, COURT OF APPEALS 8TH DISTRICT",,ANN CRAWFORD MCCLURE,DEM,548,29,357,0,934,577,357
El Paso,014-TIPPIN ELEMENTARY,"JUSTICE, 8TH COURT OF APPEALS DISTRICT, PLACE 2",,CHRIS ANTCLIFF,REP,540,53,340,1,934,593,341
El Paso,014-TIPPIN ELEMENTARY,"JUSTICE, 8TH COURT OF APPEALS DISTRICT, PLACE 2",,YVONNE RODRIGUEZ,DEM,378,14,231,0,623,392,231
El Paso,014-TIPPIN ELEMENTARY,"JUSTICE, 8TH COURT OF APPEALS DISTRICT, PLACE 3",,GUADALUPE LUPE RIVER,DEM,544,29,351,0,924,573,351
El Paso,014-TIPPIN ELEMENTARY,"DISTRICT JUDGE, 34TH JUDICIAL DISTRICT",,BILL MOODY,DEM,541,30,351,0,922,571,351
El Paso,014-TIPPIN ELEMENTARY,"DISTRICT JUDGE, 41ST JUDICIAL DISTRICT",,ANNA PEREZ,DEM,534,27,343,0,904,561,343
El Paso,014-TIPPIN ELEMENTARY,"DISTRICT JUDGE, 243RD JUDICIAL DISTRICT",,BILLY DON HICKS,REP,536,51,324,1,912,587,325
El Paso,014-TIPPIN ELEMENTARY,"DISTRICT JUDGE, 243RD JUDICIAL DISTRICT",,LUIS AGUILAR,DEM,379,16,243,0,638,395,243
El Paso,014-TIPPIN ELEMENTARY,"DISTRICT JUDGE, 346TH JUDICIAL DISTRICT",,ANGIE J. BARILL,DEM,523,27,332,0,882,550,332
El Paso,014-TIPPIN ELEMENTARY,"DISTRICT JUDGE, 383RD JUDICIAL DISTRICT",,MIKE HERRERA,DEM,520,27,338,0,885,547,338
El Paso,014-TIPPIN ELEMENTARY,"DISTRICT JUDGE, 384TH JUDICIAL DISTRICT",,PATRICK M. GARCIA,DEM,522,27,329,0,878,549,329
El Paso,014-TIPPIN ELEMENTARY,"DISTRICT JUDGE, 388TH JUDICIAL DISTRICT",,LAURA STRATHMANN,DEM,536,27,346,0,909,563,346
El Paso,014-TIPPIN ELEMENTARY,"DISTRICT JUDGE, 409TH JUDICIAL DISTRICT",,SAM MEDRANO JR,DEM,518,27,332,0,877,545,332
El Paso,014-TIPPIN ELEMENTARY,"DISTRICT JUDGE, 448TH JUDICIAL DISTRICT",,SERGIO H. ENRIQUEZ,DEM,518,27,330,0,875,545,330
El Paso,014-TIPPIN ELEMENTARY,"CRIMINAL DISTRICT JUDGE, COURT NO. 1",,DIANE NAVARRETE,DEM,525,27,336,0,888,552,336
El Paso,014-TIPPIN ELEMENTARY,"FAMILY DISTRICT JUDGE, 65TH JUDICIAL DISTRICT",,YAHARA L. GUTIERREZ,DEM,519,27,333,0,879,546,333
El Paso,014-TIPPIN ELEMENTARY,"DISTRICT ATTORNEY, 34TH JUDICIAL DISTRICT",,JAIME ESPARZA,DEM,539,27,337,0,903,566,337
El Paso,014-TIPPIN ELEMENTARY,"JUDGE, COUNTY CRIMINAL COURT NO. 3",,CARLOS CARRASCO,DEM,522,27,329,0,878,549,329
El Paso,014-TIPPIN ELEMENTARY,"JUDGE, COUNTY CRIMINAL COURT NO. 4",,JESUS HERRERA,DEM,520,27,331,0,878,547,331
El Paso,014-TIPPIN ELEMENTARY,COUNTY ATTORNEY,,JO ANNE BERNAL,DEM,531,28,329,0,888,559,329
El Paso,014-TIPPIN ELEMENTARY,SHERIFF,,RICHARD D. WILES,DEM,566,30,358,0,954,596,358
El Paso,014-TIPPIN ELEMENTARY,COUNTY TAX ASSESSOR COLLECTOR,,VICTOR A. FLORES,DEM,536,36,333,0,905,572,333
El Paso,014-TIPPIN ELEMENTARY,"CONSTABLE, PRECINCT NO. 7",,KING MERRITT,REP,510,46,294,1,851,556,295
El Paso,014-TIPPIN ELEMENTARY,"CONSTABLE, PRECINCT NO. 7",,ANGIE SOMMERS,DEM,408,20,268,0,696,428,268
El Paso,015-FIRE STATION 27,"CITY OF EL PASO, PROPOSITION",,FOR (A FAVOR),NP,571,28,427,0,1026,599,427
El Paso,015-FIRE STATION 27,"CITY OF EL PASO, PROPOSITION",,AGAINST (EN CONTRA),NP,243,8,126,1,378,251,127
El Paso,015-FIRE STATION 27,"CITY OF EL PASO, PROPOSITION",,FOR (A FAVOR),NP,541,25,404,0,970,566,404
El Paso,015-FIRE STATION 27,"CITY OF EL PASO, PROPOSITION",,AGAINST (EN CONTRA),NP,264,10,142,1,417,274,143
El Paso,015-FIRE STATION 27,"CITY OF EL PASO, PROPOSITION",,FOR (A FAVOR),NP,528,28,401,0,957,556,401
El Paso,015-FIRE STATION 27,"CITY OF EL PASO, PROPOSITION",,AGAINST (EN CONTRA),NP,275,5,151,1,432,280,152
El Paso,015-FIRE STATION 27,STRAIGHT PARTY,,REPUBLICAN,REP,211,12,158,0,381,223,158
El Paso,015-FIRE STATION 27,STRAIGHT PARTY,,DEMOCRAT,DEM,144,9,134,0,287,153,134
El Paso,015-FIRE STATION 27,STRAIGHT PARTY,,LIBERTARIAN,LIB,4,0,1,0,5,4,1
El Paso,015-FIRE STATION 27,STRAIGHT PARTY,,GREEN,GRN,0,0,1,0,1,0,1
El Paso,015-FIRE STATION 27,US PRESIDENT,,MITT ROMNEY,REP,514,21,317,1,853,535,318
El Paso,015-FIRE STATION 27,US PRESIDENT,,BARACK OBAMA,DEM,301,15,242,0,558,316,242
El Paso,015-FIRE STATION 27,US PRESIDENT,,GARY JOHNSON,LIB,7,0,2,0,9,7,2
El Paso,015-FIRE STATION 27,US PRESIDENT,,JILL STEIN,GRN,3,0,1,0,4,3,1
El Paso,015-FIRE STATION 27,US PRESIDENT,,WRITE-IN,NP,2,1,1,0,4,3,1
El Paso,015-FIRE STATION 27,US SENATOR,,TED CRUZ,REP,500,19,314,1,834,519,315
El Paso,015-FIRE STATION 27,US SENATOR,,PAUL SADLER,DEM,286,15,216,0,517,301,216
El Paso,015-FIRE STATION 27,US SENATOR,,JOHN JAY MYERS,LIB,10,1,5,0,16,11,5
El Paso,015-FIRE STATION 27,US SENATOR,,DAVID B. COLLINS,GRN,4,2,4,0,10,6,4
El Paso,015-FIRE STATION 27,US REP DISTRICT 16,,BARBARA CARRASCO,REP,421,19,270,1,711,440,271
El Paso,015-FIRE STATION 27,US REP DISTRICT 16,,BETO OROURKE,DEM,394,18,272,0,684,412,272
El Paso,015-FIRE STATION 27,US REP DISTRICT 16,,JUNART SODOY,LIB,4,0,7,0,11,4,7
El Paso,015-FIRE STATION 27,RAILROAD COMMISSIONER,,CHRISTI CRADDICK,REP,453,20,283,1,757,473,284
El Paso,015-FIRE STATION 27,RAILROAD COMMISSIONER,,DALE HENRY,DEM,271,13,205,0,489,284,205
El Paso,015-FIRE STATION 27,RAILROAD COMMISSIONER,,VIVEKANANDA (VIK) WA,LIB,11,1,9,0,21,12,9
El Paso,015-FIRE STATION 27,RAILROAD COMMISSIONER,,CHRIS KENNEDY,GRN,23,1,12,0,36,24,12
El Paso,015-FIRE STATION 27,RAILROAD COMMISSIONER,,BARRY SMITHERMAN,REP,485,18,306,1,810,503,307
El Paso,015-FIRE STATION 27,RAILROAD COMMISSIONER,,JAIME O. PEREZ,LIB,126,6,101,0,233,132,101
El Paso,015-FIRE STATION 27,RAILROAD COMMISSIONER,,JOSH WENDEL,GRN,68,4,43,0,115,72,43
El Paso,015-FIRE STATION 27,"JUSTICE, SUPREME COURT, PLACE 2",,DON WILLETT,REP,538,20,360,1,919,558,361
El Paso,015-FIRE STATION 27,"JUSTICE, SUPREME COURT, PLACE 2",,RS ROBERT KOELSCH,LIB,144,7,91,0,242,151,91
El Paso,015-FIRE STATION 27,"JUSTICE, SUPREME COURT, PLACE 4",,JOHN DEVINE,REP,518,18,336,1,873,536,337
El Paso,015-FIRE STATION 27,"JUSTICE, SUPREME COURT, PLACE 4",,TOM OXFORD,LIB,108,7,81,0,196,115,81
El Paso,015-FIRE STATION 27,"JUSTICE, SUPREME COURT, PLACE 4",,CHARLES E. WATERBURY,GRN,59,4,36,0,99,63,36
El Paso,015-FIRE STATION 27,"JUSTICE, SUPREME COURT, PLACE 6",,NATHAN HECHT,REP,443,18,266,1,728,461,267
El Paso,015-FIRE STATION 27,"JUSTICE, SUPREME COURT, PLACE 6",,MICHELE PETTY,DEM,285,16,222,0,523,301,222
El Paso,015-FIRE STATION 27,"JUSTICE, SUPREME COURT, PLACE 6",,MARK ASH,LIB,20,0,14,0,34,20,14
El Paso,015-FIRE STATION 27,"JUSTICE, SUPREME COURT, PLACE 6",,JIM CHISHOLM,GRN,12,0,8,0,20,12,8
El Paso,015-FIRE STATION 27,"PRESIDING JUDGE, COURT OF CRIMINAL APPEALS",,SHARON KELLER,REP,463,18,284,1,766,481,285
El Paso,015-FIRE STATION 27,"PRESIDING JUDGE, COURT OF CRIMINAL APPEALS",,KEITH HAMPTON,DEM,278,16,212,0,506,294,212
El Paso,015-FIRE STATION 27,"PRESIDING JUDGE, COURT OF CRIMINAL APPEALS",,LANCE STOTT,LIB,18,0,15,0,33,18,15
El Paso,015-FIRE STATION 27,"JUDGE, COURT OF CRIMINAL APPEALS, PLACE 7",,BARBARA PARKER HERVE,REP,530,21,349,1,901,551,350
El Paso,015-FIRE STATION 27,"JUDGE, COURT OF CRIMINAL APPEALS, PLACE 7",,MARK W. BENNETT,LIB,148,7,99,0,254,155,99
El Paso,015-FIRE STATION 27,"JUDGE, COURT OF CRIMINAL APPEALS, PLACE 8",,ELSA ALCALA,REP,539,20,358,1,918,559,359
El Paso,015-FIRE STATION 27,"JUDGE, COURT OF CRIMINAL APPEALS, PLACE 8",,WILLIAM BRYAN STRANG,LIB,141,8,88,0,237,149,88
El Paso,015-FIRE STATION 27,MEMBER STATE BOARD OF EDUCATION DISTRICT 1,,CARLOS CHARLIE GARZA,REP,462,18,270,1,751,480,271
El Paso,015-FIRE STATION 27,MEMBER STATE BOARD OF EDUCATION DISTRICT 1,,MARTHA M. DOMINGUEZ,DEM,300,16,242,0,558,316,242
El Paso,015-FIRE STATION 27,STATE SENATOR DISTRICT 29,,DAN CHAVEZ,REP,443,20,272,1,736,463,273
El Paso,015-FIRE STATION 27,STATE SENATOR DISTRICT 29,,JOSE R. RODRIGUEZ,DEM,334,15,245,0,594,349,245
El Paso,015-FIRE STATION 27,STATE REPRESENTATIVE DISTRICT 78,,DONALD R. DEE MARGO,REP,520,19,314,1,854,539,315
El Paso,015-FIRE STATION 27,STATE REPRESENTATIVE DISTRICT 78,,JOE MOODY,DEM,297,16,234,0,547,313,234
El Paso,015-FIRE STATION 27,"CHIEF JUSTICE, COURT OF APPEALS 8TH DISTRICT",,ANN CRAWFORD MCCLURE,DEM,441,17,333,0,791,458,333
El Paso,015-FIRE STATION 27,"JUSTICE, 8TH COURT OF APPEALS DISTRICT, PLACE 2",,CHRIS ANTCLIFF,REP,506,17,299,1,823,523,300
El Paso,015-FIRE STATION 27,"JUSTICE, 8TH COURT OF APPEALS DISTRICT, PLACE 2",,YVONNE RODRIGUEZ,DEM,270,16,219,0,505,286,219
El Paso,015-FIRE STATION 27,"JUSTICE, 8TH COURT OF APPEALS DISTRICT, PLACE 3",,GUADALUPE LUPE RIVER,DEM,426,17,327,0,770,443,327
El Paso,015-FIRE STATION 27,"DISTRICT JUDGE, 34TH JUDICIAL DISTRICT",,BILL MOODY,DEM,438,17,328,0,783,455,328
El Paso,015-FIRE STATION 27,"DISTRICT JUDGE, 41ST JUDICIAL DISTRICT",,ANNA PEREZ,DEM,413,16,322,0,751,429,322
El Paso,015-FIRE STATION 27,"DISTRICT JUDGE, 243RD JUDICIAL DISTRICT",,BILLY DON HICKS,REP,498,18,288,1,805,516,289
El Paso,015-FIRE STATION 27,"DISTRICT JUDGE, 243RD JUDICIAL DISTRICT",,LUIS AGUILAR,DEM,264,15,229,0,508,279,229
El Paso,015-FIRE STATION 27,"DISTRICT JUDGE, 346TH JUDICIAL DISTRICT",,ANGIE J. BARILL,DEM,402,16,319,0,737,418,319
El Paso,015-FIRE STATION 27,"DISTRICT JUDGE, 383RD JUDICIAL DISTRICT",,MIKE HERRERA,DEM,409,16,314,0,739,425,314
El Paso,015-FIRE STATION 27,"DISTRICT JUDGE, 384TH JUDICIAL DISTRICT",,PATRICK M. GARCIA,DEM,401,16,313,0,730,417,313
El Paso,015-FIRE STATION 27,"DISTRICT JUDGE, 388TH JUDICIAL DISTRICT",,LAURA STRATHMANN,DEM,421,16,317,0,754,437,317
El Paso,015-FIRE STATION 27,"DISTRICT JUDGE, 409TH JUDICIAL DISTRICT",,SAM MEDRANO JR,DEM,395,16,309,0,720,411,309
El Paso,015-FIRE STATION 27,"DISTRICT JUDGE, 448TH JUDICIAL DISTRICT",,SERGIO H. ENRIQUEZ,DEM,400,16,307,0,723,416,307
El Paso,015-FIRE STATION 27,"CRIMINAL DISTRICT JUDGE, COURT NO. 1",,DIANE NAVARRETE,DEM,412,16,309,0,737,428,309
El Paso,015-FIRE STATION 27,"FAMILY DISTRICT JUDGE, 65TH JUDICIAL DISTRICT",,YAHARA L. GUTIERREZ,DEM,405,16,306,0,727,421,306
El Paso,015-FIRE STATION 27,"DISTRICT ATTORNEY, 34TH JUDICIAL DISTRICT",,JAIME ESPARZA,DEM,431,16,307,0,754,447,307
El Paso,015-FIRE STATION 27,"JUDGE, COUNTY CRIMINAL COURT NO. 3",,CARLOS CARRASCO,DEM,407,18,309,0,734,425,309
El Paso,015-FIRE STATION 27,"JUDGE, COUNTY CRIMINAL COURT NO. 4",,JESUS HERRERA,DEM,407,17,307,0,731,424,307
El Paso,015-FIRE STATION 27,COUNTY ATTORNEY,,JO ANNE BERNAL,DEM,415,16,310,0,741,431,310
El Paso,015-FIRE STATION 27,SHERIFF,,RICHARD D. WILES,DEM,461,17,327,0,805,478,327
El Paso,015-FIRE STATION 27,COUNTY TAX ASSESSOR COLLECTOR,,VICTOR A. FLORES,DEM,425,19,312,0,756,444,312
El Paso,015-FIRE STATION 27,"CONSTABLE, PRECINCT NO. 7",,KING MERRITT,REP,484,17,282,1,784,501,283
El Paso,015-FIRE STATION 27,"CONSTABLE, PRECINCT NO. 7",,ANGIE SOMMERS,DEM,282,14,226,0,522,296,226
El Paso,016-ROSA GUERRERO ELEMENTARY,"CITY OF EL PASO, PROPOSITION",,FOR (A FAVOR),NP,628,19,500,0,1147,647,500
El Paso,016-ROSA GUERRERO ELEMENTARY,"CITY OF EL PASO, PROPOSITION",,AGAINST (EN CONTRA),NP,229,7,125,1,362,236,126
El Paso,016-ROSA GUERRERO ELEMENTARY,"CITY OF EL PASO, PROPOSITION",,FOR (A FAVOR),NP,577,18,465,0,1060,595,465
El Paso,016-ROSA GUERRERO ELEMENTARY,"CITY OF EL PASO, PROPOSITION",,AGAINST (EN CONTRA),NP,266,8,149,1,424,274,150
El Paso,016-ROSA GUERRERO ELEMENTARY,"CITY OF EL PASO, PROPOSITION",,FOR (A FAVOR),NP,514,16,393,1,924,530,394
El Paso,016-ROSA GUERRERO ELEMENTARY,"CITY OF EL PASO, PROPOSITION",,AGAINST (EN CONTRA),NP,333,8,222,0,563,341,222
El Paso,016-ROSA GUERRERO ELEMENTARY,STRAIGHT PARTY,,REPUBLICAN,REP,144,8,95,1,248,152,96
El Paso,016-ROSA GUERRERO ELEMENTARY,STRAIGHT PARTY,,DEMOCRAT,DEM,349,11,281,0,641,360,281
El Paso,016-ROSA GUERRERO ELEMENTARY,STRAIGHT PARTY,,LIBERTARIAN,LIB,4,0,7,0,11,4,7
El Paso,016-ROSA GUERRERO ELEMENTARY,STRAIGHT PARTY,,GREEN,GRN,1,0,3,0,4,1,3
El Paso,016-ROSA GUERRERO ELEMENTARY,US PRESIDENT,,MITT ROMNEY,REP,291,16,179,1,487,307,180
El Paso,016-ROSA GUERRERO ELEMENTARY,US PRESIDENT,,BARACK OBAMA,DEM,553,14,441,0,1008,567,441
El Paso,016-ROSA GUERRERO ELEMENTARY,US PRESIDENT,,GARY JOHNSON,LIB,7,0,11,0,18,7,11
El Paso,016-ROSA GUERRERO ELEMENTARY,US PRESIDENT,,JILL STEIN,GRN,4,0,4,0,8,4,4
El Paso,016-ROSA GUERRERO ELEMENTARY,US PRESIDENT,,WRITE-IN,NP,5,0,2,0,7,5,2
El Paso,016-ROSA GUERRERO ELEMENTARY,US SENATOR,,TED CRUZ,REP,313,16,196,1,526,329,197
El Paso,016-ROSA GUERRERO ELEMENTARY,US SENATOR,,PAUL SADLER,DEM,503,11,394,0,908,514,394
El Paso,016-ROSA GUERRERO ELEMENTARY,US SENATOR,,JOHN JAY MYERS,LIB,18,0,17,0,35,18,17
El Paso,016-ROSA GUERRERO ELEMENTARY,US SENATOR,,DAVID B. COLLINS,GRN,11,0,8,0,19,11,8
El Paso,016-ROSA GUERRERO ELEMENTARY,US REP DISTRICT 16,,BARBARA CARRASCO,REP,271,12,171,1,455,283,172
El Paso,016-ROSA GUERRERO ELEMENTARY,US REP DISTRICT 16,,BETO OROURKE,DEM,566,16,445,0,1027,582,445
El Paso,016-ROSA GUERRERO ELEMENTARY,US REP DISTRICT 16,,JUNART SODOY,LIB,12,0,11,0,23,12,11
El Paso,016-ROSA GUERRERO ELEMENTARY,RAILROAD COMMISSIONER,,CHRISTI CRADDICK,REP,268,12,157,1,438,280,158
El Paso,016-ROSA GUERRERO ELEMENTARY,RAILROAD COMMISSIONER,,DALE HENRY,DEM,498,13,387,0,898,511,387
El Paso,016-ROSA GUERRERO ELEMENTARY,RAILROAD COMMISSIONER,,VIVEKANANDA (VIK) WA,LIB,23,1,22,0,46,24,22
El Paso,016-ROSA GUERRERO ELEMENTARY,RAILROAD COMMISSIONER,,CHRIS KENNEDY,GRN,31,0,34,0,65,31,34
El Paso,016-ROSA GUERRERO ELEMENTARY,RAILROAD COMMISSIONER,,BARRY SMITHERMAN,REP,308,12,217,1,538,320,218
El Paso,016-ROSA GUERRERO ELEMENTARY,RAILROAD COMMISSIONER,,JAIME O. PEREZ,LIB,297,5,228,0,530,302,228
El Paso,016-ROSA GUERRERO ELEMENTARY,RAILROAD COMMISSIONER,,JOSH WENDEL,GRN,83,0,63,0,146,83,63
El Paso,016-ROSA GUERRERO ELEMENTARY,"JUSTICE, SUPREME COURT, PLACE 2",,DON WILLETT,REP,407,13,275,1,696,420,276
El Paso,016-ROSA GUERRERO ELEMENTARY,"JUSTICE, SUPREME COURT, PLACE 2",,RS ROBERT KOELSCH,LIB,270,3,216,0,489,273,216
El Paso,016-ROSA GUERRERO ELEMENTARY,"JUSTICE, SUPREME COURT, PLACE 4",,JOHN DEVINE,REP,361,13,250,1,625,374,251
El Paso,016-ROSA GUERRERO ELEMENTARY,"JUSTICE, SUPREME COURT, PLACE 4",,TOM OXFORD,LIB,218,3,161,0,382,221,161
El Paso,016-ROSA GUERRERO ELEMENTARY,"JUSTICE, SUPREME COURT, PLACE 4",,CHARLES E. WATERBURY,GRN,98,0,89,0,187,98,89
El Paso,016-ROSA GUERRERO ELEMENTARY,"JUSTICE, SUPREME COURT, PLACE 6",,NATHAN HECHT,REP,258,11,160,1,430,269,161
El Paso,016-ROSA GUERRERO ELEMENTARY,"JUSTICE, SUPREME COURT, PLACE 6",,MICHELE PETTY,DEM,513,14,404,0,931,527,404
El Paso,016-ROSA GUERRERO ELEMENTARY,"JUSTICE, SUPREME COURT, PLACE 6",,MARK ASH,LIB,31,1,23,0,55,32,23
El Paso,016-ROSA GUERRERO ELEMENTARY,"JUSTICE, SUPREME COURT, PLACE 6",,JIM CHISHOLM,GRN,18,0,7,0,25,18,7
El Paso,016-ROSA GUERRERO ELEMENTARY,"PRESIDING JUDGE, COURT OF CRIMINAL APPEALS",,SHARON KELLER,REP,287,11,180,1,479,298,181
El Paso,016-ROSA GUERRERO ELEMENTARY,"PRESIDING JUDGE, COURT OF CRIMINAL APPEALS",,KEITH HAMPTON,DEM,507,13,384,0,904,520,384
El Paso,016-ROSA GUERRERO ELEMENTARY,"PRESIDING JUDGE, COURT OF CRIMINAL APPEALS",,LANCE STOTT,LIB,26,2,34,0,62,28,34
El Paso,016-ROSA GUERRERO ELEMENTARY,"JUDGE, COURT OF CRIMINAL APPEALS, PLACE 7",,BARBARA PARKER HERVE,REP,400,13,290,1,704,413,291
El Paso,016-ROSA GUERRERO ELEMENTARY,"JUDGE, COURT OF CRIMINAL APPEALS, PLACE 7",,MARK W. BENNETT,LIB,277,3,205,0,485,280,205
El Paso,016-ROSA GUERRERO ELEMENTARY,"JUDGE, COURT OF CRIMINAL APPEALS, PLACE 8",,ELSA ALCALA,REP,425,12,304,1,742,437,305
El Paso,016-ROSA GUERRERO ELEMENTARY,"JUDGE, COURT OF CRIMINAL APPEALS, PLACE 8",,WILLIAM BRYAN STRANG,LIB,245,4,186,0,435,249,186
El Paso,016-ROSA GUERRERO ELEMENTARY,MEMBER STATE BOARD OF EDUCATION DISTRICT 1,,CARLOS CHARLIE GARZA,REP,277,13,180,1,471,290,181
El Paso,016-ROSA GUERRERO ELEMENTARY,MEMBER STATE BOARD OF EDUCATION DISTRICT 1,,MARTHA M. DOMINGUEZ,DEM,545,13,424,0,982,558,424
El Paso,016-ROSA GUERRERO ELEMENTARY,STATE SENATOR DISTRICT 29,,DAN CHAVEZ,REP,265,13,165,1,444,278,166
El Paso,016-ROSA GUERRERO ELEMENTARY,STATE SENATOR DISTRICT 29,,JOSE R. RODRIGUEZ,DEM,565,14,442,0,1021,579,442
El Paso,016-ROSA GUERRERO ELEMENTARY,STATE REPRESENTATIVE DISTRICT 78,,DONALD R. DEE MARGO,REP,308,14,197,1,520,322,198
El Paso,016-ROSA GUERRERO ELEMENTARY,STATE REPRESENTATIVE DISTRICT 78,,JOE MOODY,DEM,542,12,428,0,982,554,428
El Paso,016-ROSA GUERRERO ELEMENTARY,"CHIEF JUSTICE, COURT OF APPEALS 8TH DISTRICT",,ANN CRAWFORD MCCLURE,DEM,609,16,488,0,1113,625,488
El Paso,016-ROSA GUERRERO ELEMENTARY,"JUSTICE, 8TH COURT OF APPEALS DISTRICT, PLACE 2",,CHRIS ANTCLIFF,REP,285,14,184,1,484,299,185
El Paso,016-ROSA GUERRERO ELEMENTARY,"JUSTICE, 8TH COURT OF APPEALS DISTRICT, PLACE 2",,YVONNE RODRIGUEZ,DEM,536,12,416,0,964,548,416
El Paso,016-ROSA GUERRERO ELEMENTARY,"JUSTICE, 8TH COURT OF APPEALS DISTRICT, PLACE 3",,GUADALUPE LUPE RIVER,DEM,608,16,488,0,1112,624,488
El Paso,016-ROSA GUERRERO ELEMENTARY,"DISTRICT JUDGE, 34TH JUDICIAL DISTRICT",,BILL MOODY,DEM,616,16,490,0,1122,632,490
El Paso,016-ROSA GUERRERO ELEMENTARY,"DISTRICT JUDGE, 41ST JUDICIAL DISTRICT",,ANNA PEREZ,DEM,599,16,488,0,1103,615,488
El Paso,016-ROSA GUERRERO ELEMENTARY,"DISTRICT JUDGE, 243RD JUDICIAL DISTRICT",,BILLY DON HICKS,REP,311,12,182,1,506,323,183
El Paso,016-ROSA GUERRERO ELEMENTARY,"DISTRICT JUDGE, 243RD JUDICIAL DISTRICT",,LUIS AGUILAR,DEM,514,14,421,0,949,528,421
El Paso,016-ROSA GUERRERO ELEMENTARY,"DISTRICT JUDGE, 346TH JUDICIAL DISTRICT",,ANGIE J. BARILL,DEM,605,17,476,0,1098,622,476
El Paso,016-ROSA GUERRERO ELEMENTARY,"DISTRICT JUDGE, 383RD JUDICIAL DISTRICT",,MIKE HERRERA,DEM,602,16,483,0,1101,618,483
El Paso,016-ROSA GUERRERO ELEMENTARY,"DISTRICT JUDGE, 384TH JUDICIAL DISTRICT",,PATRICK M. GARCIA,DEM,594,16,474,0,1084,610,474
El Paso,016-ROSA GUERRERO ELEMENTARY,"DISTRICT JUDGE, 388TH JUDICIAL DISTRICT",,LAURA STRATHMANN,DEM,604,16,480,0,1100,620,480
El Paso,016-ROSA GUERRERO ELEMENTARY,"DISTRICT JUDGE, 409TH JUDICIAL DISTRICT",,SAM MEDRANO JR,DEM,600,16,476,0,1092,616,476
El Paso,016-ROSA GUERRERO ELEMENTARY,"DISTRICT JUDGE, 448TH JUDICIAL DISTRICT",,SERGIO H. ENRIQUEZ,DEM,597,16,475,0,1088,613,475
El Paso,016-ROSA GUERRERO ELEMENTARY,"CRIMINAL DISTRICT JUDGE, COURT NO. 1",,DIANE NAVARRETE,DEM,596,16,474,0,1086,612,474
El Paso,016-ROSA GUERRERO ELEMENTARY,"FAMILY DISTRICT JUDGE, 65TH JUDICIAL DISTRICT",,YAHARA L. GUTIERREZ,DEM,592,16,476,0,1084,608,476
El Paso,016-ROSA GUERRERO ELEMENTARY,"DISTRICT ATTORNEY, 34TH JUDICIAL DISTRICT",,JAIME ESPARZA,DEM,595,17,474,0,1086,612,474
El Paso,016-ROSA GUERRERO ELEMENTARY,"JUDGE, COUNTY CRIMINAL COURT NO. 3",,CARLOS CARRASCO,DEM,594,16,479,0,1089,610,479
El Paso,016-ROSA GUERRERO ELEMENTARY,"JUDGE, COUNTY CRIMINAL COURT NO. 4",,JESUS HERRERA,DEM,599,16,476,0,1091,615,476
El Paso,016-ROSA GUERRERO ELEMENTARY,COUNTY ATTORNEY,,JO ANNE BERNAL,DEM,598,16,473,0,1087,614,473
El Paso,016-ROSA GUERRERO ELEMENTARY,SHERIFF,,RICHARD D. WILES,DEM,622,18,490,0,1130,640,490
El Paso,016-ROSA GUERRERO ELEMENTARY,COUNTY TAX ASSESSOR COLLECTOR,,VICTOR A. FLORES,DEM,618,19,487,0,1124,637,487
El Paso,016-ROSA GUERRERO ELEMENTARY,"CONSTABLE, PRECINCT NO. 1",,ROBERT WHITE,DEM,598,16,481,0,1095,614,481
El Paso,017-FRANKLIN HIGH,"CITY OF EL PASO, PROPOSITION",,FOR (A FAVOR),NP,399,10,221,0,630,409,221
El Paso,017-FRANKLIN HIGH,"CITY OF EL PASO, PROPOSITION",,AGAINST (EN CONTRA),NP,169,12,66,0,247,181,66
El Paso,017-FRANKLIN HIGH,"CITY OF EL PASO, PROPOSITION",,FOR (A FAVOR),NP,380,8,200,0,588,388,200
El Paso,017-FRANKLIN HIGH,"CITY OF EL PASO, PROPOSITION",,AGAINST (EN CONTRA),NP,185,11,82,0,278,196,82
El Paso,017-FRANKLIN HIGH,"CITY OF EL PASO, PROPOSITION",,FOR (A FAVOR),NP,347,9,184,0,540,356,184
El Paso,017-FRANKLIN HIGH,"CITY OF EL PASO, PROPOSITION",,AGAINST (EN CONTRA),NP,214,7,101,0,322,221,101
El Paso,017-FRANKLIN HIGH,STRAIGHT PARTY,,REPUBLICAN,REP,132,6,81,0,219,138,81
El Paso,017-FRANKLIN HIGH,STRAIGHT PARTY,,DEMOCRAT,DEM,126,2,83,0,211,128,83
El Paso,017-FRANKLIN HIGH,STRAIGHT PARTY,,LIBERTARIAN,LIB,3,0,3,0,6,3,3
El Paso,017-FRANKLIN HIGH,STRAIGHT PARTY,,GREEN,GRN,1,0,2,0,3,1,2
El Paso,017-FRANKLIN HIGH,US PRESIDENT,,MITT ROMNEY,REP,310,16,148,0,474,326,148
El Paso,017-FRANKLIN HIGH,US PRESIDENT,,BARACK OBAMA,DEM,266,8,139,0,413,274,139
El Paso,017-FRANKLIN HIGH,US PRESIDENT,,GARY JOHNSON,LIB,5,0,2,0,7,5,2
El Paso,017-FRANKLIN HIGH,US PRESIDENT,,JILL STEIN,GRN,1,0,1,0,2,1,1
El Paso,017-FRANKLIN HIGH,US PRESIDENT,,WRITE-IN,NP,0,0,3,0,3,0,3
El Paso,017-FRANKLIN HIGH,US SENATOR,,TED CRUZ,REP,296,17,137,0,450,313,137
El Paso,017-FRANKLIN HIGH,US SENATOR,,PAUL SADLER,DEM,255,4,119,0,378,259,119
El Paso,017-FRANKLIN HIGH,US SENATOR,,JOHN JAY MYERS,LIB,10,0,11,0,21,10,11
El Paso,017-FRANKLIN HIGH,US SENATOR,,DAVID B. COLLINS,GRN,4,0,8,0,12,4,8
El Paso,017-FRANKLIN HIGH,US REP DISTRICT 16,,BARBARA CARRASCO,REP,259,14,128,0,401,273,128
El Paso,017-FRANKLIN HIGH,US REP DISTRICT 16,,BETO OROURKE,DEM,300,6,152,0,458,306,152
El Paso,017-FRANKLIN HIGH,US REP DISTRICT 16,,JUNART SODOY,LIB,9,0,6,0,15,9,6
El Paso,017-FRANKLIN HIGH,RAILROAD COMMISSIONER,,CHRISTI CRADDICK,REP,269,14,126,0,409,283,126
El Paso,017-FRANKLIN HIGH,RAILROAD COMMISSIONER,,DALE HENRY,DEM,247,5,120,0,372,252,120
El Paso,017-FRANKLIN HIGH,RAILROAD COMMISSIONER,,VIVEKANANDA (VIK) WA,LIB,15,0,10,0,25,15,10
El Paso,017-FRANKLIN HIGH,RAILROAD COMMISSIONER,,CHRIS KENNEDY,GRN,21,0,8,0,29,21,8
El Paso,017-FRANKLIN HIGH,RAILROAD COMMISSIONER,,BARRY SMITHERMAN,REP,314,16,145,0,475,330,145
El Paso,017-FRANKLIN HIGH,RAILROAD COMMISSIONER,,JAIME O. PEREZ,LIB,122,1,69,0,192,123,69
El Paso,017-FRANKLIN HIGH,RAILROAD COMMISSIONER,,JOSH WENDEL,GRN,51,1,19,0,71,52,19
El Paso,017-FRANKLIN HIGH,"JUSTICE, SUPREME COURT, PLACE 2",,DON WILLETT,REP,336,16,160,0,512,352,160
El Paso,017-FRANKLIN HIGH,"JUSTICE, SUPREME COURT, PLACE 2",,RS ROBERT KOELSCH,LIB,136,2,73,0,211,138,73
El Paso,017-FRANKLIN HIGH,"JUSTICE, SUPREME COURT, PLACE 4",,JOHN DEVINE,REP,323,16,150,0,489,339,150
El Paso,017-FRANKLIN HIGH,"JUSTICE, SUPREME COURT, PLACE 4",,TOM OXFORD,LIB,109,1,58,0,168,110,58
El Paso,017-FRANKLIN HIGH,"JUSTICE, SUPREME COURT, PLACE 4",,CHARLES E. WATERBURY,GRN,50,1,24,0,75,51,24
El Paso,017-FRANKLIN HIGH,"JUSTICE, SUPREME COURT, PLACE 6",,NATHAN HECHT,REP,262,14,120,0,396,276,120
El Paso,017-FRANKLIN HIGH,"JUSTICE, SUPREME COURT, PLACE 6",,MICHELE PETTY,DEM,256,4,121,0,381,260,121
El Paso,017-FRANKLIN HIGH,"JUSTICE, SUPREME COURT, PLACE 6",,MARK ASH,LIB,17,1,14,0,32,18,14
El Paso,017-FRANKLIN HIGH,"JUSTICE, SUPREME COURT, PLACE 6",,JIM CHISHOLM,GRN,13,0,10,0,23,13,10
El Paso,017-FRANKLIN HIGH,"PRESIDING JUDGE, COURT OF CRIMINAL APPEALS",,SHARON KELLER,REP,276,16,136,0,428,292,136
El Paso,017-FRANKLIN HIGH,"PRESIDING JUDGE, COURT OF CRIMINAL APPEALS",,KEITH HAMPTON,DEM,253,4,116,0,373,257,116
El Paso,017-FRANKLIN HIGH,"PRESIDING JUDGE, COURT OF CRIMINAL APPEALS",,LANCE STOTT,LIB,19,0,12,0,31,19,12
El Paso,017-FRANKLIN HIGH,"JUDGE, COURT OF CRIMINAL APPEALS, PLACE 7",,BARBARA PARKER HERVE,REP,339,15,158,0,512,354,158
El Paso,017-FRANKLIN HIGH,"JUDGE, COURT OF CRIMINAL APPEALS, PLACE 7",,MARK W. BENNETT,LIB,142,2,76,0,220,144,76
El Paso,017-FRANKLIN HIGH,"JUDGE, COURT OF CRIMINAL APPEALS, PLACE 8",,ELSA ALCALA,REP,341,15,162,0,518,356,162
El Paso,017-FRANKLIN HIGH,"JUDGE, COURT OF CRIMINAL APPEALS, PLACE 8",,WILLIAM BRYAN STRANG,LIB,135,2,71,0,208,137,71
El Paso,017-FRANKLIN HIGH,MEMBER STATE BOARD OF EDUCATION DISTRICT 1,,CARLOS CHARLIE GARZA,REP,276,16,133,0,425,292,133
El Paso,017-FRANKLIN HIGH,MEMBER STATE BOARD OF EDUCATION DISTRICT 1,,MARTHA M. DOMINGUEZ,DEM,275,4,132,0,411,279,132
El Paso,017-FRANKLIN HIGH,STATE SENATOR DISTRICT 29,,DAN CHAVEZ,REP,266,15,131,0,412,281,131
El Paso,017-FRANKLIN HIGH,STATE SENATOR DISTRICT 29,,JOSE R. RODRIGUEZ,DEM,294,5,139,0,438,299,139
El Paso,017-FRANKLIN HIGH,STATE REPRESENTATIVE DISTRICT 78,,DONALD R. DEE MARGO,REP,310,13,146,0,469,323,146
El Paso,017-FRANKLIN HIGH,STATE REPRESENTATIVE DISTRICT 78,,JOE MOODY,DEM,264,7,139,0,410,271,139
El Paso,017-FRANKLIN HIGH,"CHIEF JUSTICE, COURT OF APPEALS 8TH DISTRICT",,ANN CRAWFORD MCCLURE,DEM,343,10,170,0,523,353,170
El Paso,017-FRANKLIN HIGH,"JUSTICE, 8TH COURT OF APPEALS DISTRICT, PLACE 2",,CHRIS ANTCLIFF,REP,308,16,141,0,465,324,141
El Paso,017-FRANKLIN HIGH,"JUSTICE, 8TH COURT OF APPEALS DISTRICT, PLACE 2",,YVONNE RODRIGUEZ,DEM,248,2,129,0,379,250,129
El Paso,017-FRANKLIN HIGH,"JUSTICE, 8TH COURT OF APPEALS DISTRICT, PLACE 3",,GUADALUPE LUPE RIVER,DEM,339,10,174,0,523,349,174
El Paso,017-FRANKLIN HIGH,"DISTRICT JUDGE, 34TH JUDICIAL DISTRICT",,BILL MOODY,DEM,343,10,171,0,524,353,171
El Paso,017-FRANKLIN HIGH,"DISTRICT JUDGE, 41ST JUDICIAL DISTRICT",,ANNA PEREZ,DEM,335,10,171,0,516,345,171
El Paso,017-FRANKLIN HIGH,"DISTRICT JUDGE, 243RD JUDICIAL DISTRICT",,BILLY DON HICKS,REP,303,14,135,0,452,317,135
El Paso,017-FRANKLIN HIGH,"DISTRICT JUDGE, 243RD JUDICIAL DISTRICT",,LUIS AGUILAR,DEM,251,4,133,0,388,255,133
El Paso,017-FRANKLIN HIGH,"DISTRICT JUDGE, 346TH JUDICIAL DISTRICT",,ANGIE J. BARILL,DEM,327,10,162,0,499,337,162
El Paso,017-FRANKLIN HIGH,"DISTRICT JUDGE, 383RD JUDICIAL DISTRICT",,MIKE HERRERA,DEM,330,10,163,0,503,340,163
El Paso,017-FRANKLIN HIGH,"DISTRICT JUDGE, 384TH JUDICIAL DISTRICT",,PATRICK M. GARCIA,DEM,324,10,165,0,499,334,165
El Paso,017-FRANKLIN HIGH,"DISTRICT JUDGE, 388TH JUDICIAL DISTRICT",,LAURA STRATHMANN,DEM,336,9,168,0,513,345,168
El Paso,017-FRANKLIN HIGH,"DISTRICT JUDGE, 409TH JUDICIAL DISTRICT",,SAM MEDRANO JR,DEM,326,10,165,0,501,336,165
El Paso,017-FRANKLIN HIGH,"DISTRICT JUDGE, 448TH JUDICIAL DISTRICT",,SERGIO H. ENRIQUEZ,DEM,325,10,161,0,496,335,161
El Paso,017-FRANKLIN HIGH,"CRIMINAL DISTRICT JUDGE, COURT NO. 1",,DIANE NAVARRETE,DEM,324,10,164,0,498,334,164
El Paso,017-FRANKLIN HIGH,"FAMILY DISTRICT JUDGE, 65TH JUDICIAL DISTRICT",,YAHARA L. GUTIERREZ,DEM,322,10,163,0,495,332,163
El Paso,017-FRANKLIN HIGH,"DISTRICT ATTORNEY, 34TH JUDICIAL DISTRICT",,JAIME ESPARZA,DEM,325,11,170,0,506,336,170
El Paso,017-FRANKLIN HIGH,"JUDGE, COUNTY CRIMINAL COURT NO. 3",,CARLOS CARRASCO,DEM,317,10,160,0,487,327,160
El Paso,017-FRANKLIN HIGH,"JUDGE, COUNTY CRIMINAL COURT NO. 4",,JESUS HERRERA,DEM,315,10,159,0,484,325,159
El Paso,017-FRANKLIN HIGH,COUNTY ATTORNEY,,JO ANNE BERNAL,DEM,327,10,160,0,497,337,160
El Paso,017-FRANKLIN HIGH,SHERIFF,,RICHARD D. WILES,DEM,341,11,175,0,527,352,175
El Paso,017-FRANKLIN HIGH,COUNTY TAX ASSESSOR COLLECTOR,,VICTOR A. FLORES,DEM,335,11,171,0,517,346,171
El Paso,017-FRANKLIN HIGH,"CONSTABLE, PRECINCT NO. 7",,KING MERRITT,REP,285,14,129,0,428,299,129
El Paso,017-FRANKLIN HIGH,"CONSTABLE, PRECINCT NO. 7",,ANGIE SOMMERS,DEM,270,5,137,0,412,275,137
El Paso,018-MONTE VISTA RETIRE CTR,"CITY OF EL PASO, PROPOSITION",,FOR (A FAVOR),NP,833,44,450,0,1327,877,450
El Paso,018-MONTE VISTA RETIRE CTR,"CITY OF EL PASO, PROPOSITION",,AGAINST (EN CONTRA),NP,362,16,152,0,530,378,152
El Paso,018-MONTE VISTA RETIRE CTR,"CITY OF EL PASO, PROPOSITION",,FOR (A FAVOR),NP,769,42,411,0,1222,811,411
El Paso,018-MONTE VISTA RETIRE CTR,"CITY OF EL PASO, PROPOSITION",,AGAINST (EN CONTRA),NP,413,17,179,0,609,430,179
El Paso,018-MONTE VISTA RETIRE CTR,"CITY OF EL PASO, PROPOSITION",,FOR (A FAVOR),NP,761,35,428,0,1224,796,428
El Paso,018-MONTE VISTA RETIRE CTR,"CITY OF EL PASO, PROPOSITION",,AGAINST (EN CONTRA),NP,422,21,169,0,612,443,169
El Paso,018-MONTE VISTA RETIRE CTR,STRAIGHT PARTY,,REPUBLICAN,REP,322,19,173,0,514,341,173
El Paso,018-MONTE VISTA RETIRE CTR,STRAIGHT PARTY,,DEMOCRAT,DEM,221,8,136,0,365,229,136
El Paso,018-MONTE VISTA RETIRE CTR,STRAIGHT PARTY,,LIBERTARIAN,LIB,0,0,3,0,3,0,3
El Paso,018-MONTE VISTA RETIRE CTR,STRAIGHT PARTY,,GREEN,GRN,0,0,3,0,3,0,3
El Paso,018-MONTE VISTA RETIRE CTR,US PRESIDENT,,MITT ROMNEY,REP,717,36,333,0,1086,753,333
El Paso,018-MONTE VISTA RETIRE CTR,US PRESIDENT,,BARACK OBAMA,DEM,478,29,280,0,787,507,280
El Paso,018-MONTE VISTA RETIRE CTR,US PRESIDENT,,GARY JOHNSON,LIB,12,0,5,0,17,12,5
El Paso,018-MONTE VISTA RETIRE CTR,US PRESIDENT,,JILL STEIN,GRN,1,0,3,0,4,1,3
El Paso,018-MONTE VISTA RETIRE CTR,US PRESIDENT,,WRITE-IN,NP,1,0,0,0,1,1,0
El Paso,018-MONTE VISTA RETIRE CTR,US SENATOR,,TED CRUZ,REP,697,38,327,0,1062,735,327
El Paso,018-MONTE VISTA RETIRE CTR,US SENATOR,,PAUL SADLER,DEM,457,26,247,0,730,483,247
El Paso,018-MONTE VISTA RETIRE CTR,US SENATOR,,JOHN JAY MYERS,LIB,15,0,15,0,30,15,15
El Paso,018-MONTE VISTA RETIRE CTR,US SENATOR,,DAVID B. COLLINS,GRN,9,0,9,0,18,9,9
El Paso,018-MONTE VISTA RETIRE CTR,US REP DISTRICT 16,,BARBARA CARRASCO,REP,582,34,267,0,883,616,267
El Paso,018-MONTE VISTA RETIRE CTR,US REP DISTRICT 16,,BETO OROURKE,DEM,621,29,338,0,988,650,338
El Paso,018-MONTE VISTA RETIRE CTR,US REP DISTRICT 16,,JUNART SODOY,LIB,7,2,5,0,14,9,5
El Paso,018-MONTE VISTA RETIRE CTR,RAILROAD COMMISSIONER,,CHRISTI CRADDICK,REP,667,33,293,0,993,700,293
El Paso,018-MONTE VISTA RETIRE CTR,RAILROAD COMMISSIONER,,DALE HENRY,DEM,409,21,238,0,668,430,238
El Paso,018-MONTE VISTA RETIRE CTR,RAILROAD COMMISSIONER,,VIVEKANANDA (VIK) WA,LIB,22,2,13,0,37,24,13
El Paso,018-MONTE VISTA RETIRE CTR,RAILROAD COMMISSIONER,,CHRIS KENNEDY,GRN,24,2,23,0,49,26,23
El Paso,018-MONTE VISTA RETIRE CTR,RAILROAD COMMISSIONER,,BARRY SMITHERMAN,REP,704,38,323,0,1065,742,323
El Paso,018-MONTE VISTA RETIRE CTR,RAILROAD COMMISSIONER,,JAIME O. PEREZ,LIB,220,4,126,0,350,224,126
El Paso,018-MONTE VISTA RETIRE CTR,RAILROAD COMMISSIONER,,JOSH WENDEL,GRN,82,5,56,0,143,87,56
El Paso,018-MONTE VISTA RETIRE CTR,"JUSTICE, SUPREME COURT, PLACE 2",,DON WILLETT,REP,772,38,377,0,1187,810,377
El Paso,018-MONTE VISTA RETIRE CTR,"JUSTICE, SUPREME COURT, PLACE 2",,RS ROBERT KOELSCH,LIB,230,9,128,0,367,239,128
El Paso,018-MONTE VISTA RETIRE CTR,"JUSTICE, SUPREME COURT, PLACE 4",,JOHN DEVINE,REP,751,34,350,0,1135,785,350
El Paso,018-MONTE VISTA RETIRE CTR,"JUSTICE, SUPREME COURT, PLACE 4",,TOM OXFORD,LIB,176,10,97,0,283,186,97
El Paso,018-MONTE VISTA RETIRE CTR,"JUSTICE, SUPREME COURT, PLACE 4",,CHARLES E. WATERBURY,GRN,85,4,52,0,141,89,52
El Paso,018-MONTE VISTA RETIRE CTR,"JUSTICE, SUPREME COURT, PLACE 6",,NATHAN HECHT,REP,641,33,285,0,959,674,285
El Paso,018-MONTE VISTA RETIRE CTR,"JUSTICE, SUPREME COURT, PLACE 6",,MICHELE PETTY,DEM,440,20,241,0,701,460,241
El Paso,018-MONTE VISTA RETIRE CTR,"JUSTICE, SUPREME COURT, PLACE 6",,MARK ASH,LIB,28,4,23,0,55,32,23
El Paso,018-MONTE VISTA RETIRE CTR,"JUSTICE, SUPREME COURT, PLACE 6",,JIM CHISHOLM,GRN,15,0,18,0,33,15,18
El Paso,018-MONTE VISTA RETIRE CTR,"PRESIDING JUDGE, COURT OF CRIMINAL APPEALS",,SHARON KELLER,REP,666,30,313,0,1009,696,313
El Paso,018-MONTE VISTA RETIRE CTR,"PRESIDING JUDGE, COURT OF CRIMINAL APPEALS",,KEITH HAMPTON,DEM,421,25,229,0,675,446,229
El Paso,018-MONTE VISTA RETIRE CTR,"PRESIDING JUDGE, COURT OF CRIMINAL APPEALS",,LANCE STOTT,LIB,30,2,25,0,57,32,25
El Paso,018-MONTE VISTA RETIRE CTR,"JUDGE, COURT OF CRIMINAL APPEALS, PLACE 7",,BARBARA PARKER HERVE,REP,765,35,377,0,1177,800,377
El Paso,018-MONTE VISTA RETIRE CTR,"JUDGE, COURT OF CRIMINAL APPEALS, PLACE 7",,MARK W. BENNETT,LIB,234,11,125,0,370,245,125
El Paso,018-MONTE VISTA RETIRE CTR,"JUDGE, COURT OF CRIMINAL APPEALS, PLACE 8",,ELSA ALCALA,REP,770,38,374,0,1182,808,374
El Paso,018-MONTE VISTA RETIRE CTR,"JUDGE, COURT OF CRIMINAL APPEALS, PLACE 8",,WILLIAM BRYAN STRANG,LIB,216,9,122,0,347,225,122
El Paso,018-MONTE VISTA RETIRE CTR,MEMBER STATE BOARD OF EDUCATION DISTRICT 1,,CARLOS CHARLIE GARZA,REP,675,34,299,0,1008,709,299
El Paso,018-MONTE VISTA RETIRE CTR,MEMBER STATE BOARD OF EDUCATION DISTRICT 1,,MARTHA M. DOMINGUEZ,DEM,458,22,264,0,744,480,264
El Paso,018-MONTE VISTA RETIRE CTR,STATE SENATOR DISTRICT 29,,DAN CHAVEZ,REP,635,32,286,0,953,667,286
El Paso,018-MONTE VISTA RETIRE CTR,STATE SENATOR DISTRICT 29,,JOSE R. RODRIGUEZ,DEM,522,25,294,0,841,547,294
El Paso,018-MONTE VISTA RETIRE CTR,STATE REPRESENTATIVE DISTRICT 78,,DONALD R. DEE MARGO,REP,751,39,357,0,1147,790,357
El Paso,018-MONTE VISTA RETIRE CTR,STATE REPRESENTATIVE DISTRICT 78,,JOE MOODY,DEM,450,21,248,0,719,471,248
El Paso,018-MONTE VISTA RETIRE CTR,"CHIEF JUSTICE, COURT OF APPEALS 8TH DISTRICT",,ANN CRAWFORD MCCLURE,DEM,628,35,329,0,992,663,329
El Paso,018-MONTE VISTA RETIRE CTR,"JUSTICE, 8TH COURT OF APPEALS DISTRICT, PLACE 2",,CHRIS ANTCLIFF,REP,744,39,345,0,1128,783,345
El Paso,018-MONTE VISTA RETIRE CTR,"JUSTICE, 8TH COURT OF APPEALS DISTRICT, PLACE 2",,YVONNE RODRIGUEZ,DEM,405,18,235,0,658,423,235
El Paso,018-MONTE VISTA RETIRE CTR,"JUSTICE, 8TH COURT OF APPEALS DISTRICT, PLACE 3",,GUADALUPE LUPE RIVER,DEM,628,35,331,0,994,663,331
El Paso,018-MONTE VISTA RETIRE CTR,"DISTRICT JUDGE, 34TH JUDICIAL DISTRICT",,BILL MOODY,DEM,631,34,333,0,998,665,333
El Paso,018-MONTE VISTA RETIRE CTR,"DISTRICT JUDGE, 41ST JUDICIAL DISTRICT",,ANNA PEREZ,DEM,618,32,326,0,976,650,326
El Paso,018-MONTE VISTA RETIRE CTR,"DISTRICT JUDGE, 243RD JUDICIAL DISTRICT",,BILLY DON HICKS,REP,743,37,323,0,1103,780,323
El Paso,018-MONTE VISTA RETIRE CTR,"DISTRICT JUDGE, 243RD JUDICIAL DISTRICT",,LUIS AGUILAR,DEM,400,18,244,0,662,418,244
El Paso,018-MONTE VISTA RETIRE CTR,"DISTRICT JUDGE, 346TH JUDICIAL DISTRICT",,ANGIE J. BARILL,DEM,600,34,317,0,951,634,317
El Paso,018-MONTE VISTA RETIRE CTR,"DISTRICT JUDGE, 383RD JUDICIAL DISTRICT",,MIKE HERRERA,DEM,594,33,316,0,943,627,316
El Paso,018-MONTE VISTA RETIRE CTR,"DISTRICT JUDGE, 384TH JUDICIAL DISTRICT",,PATRICK M. GARCIA,DEM,593,33,313,0,939,626,313
El Paso,018-MONTE VISTA RETIRE CTR,"DISTRICT JUDGE, 388TH JUDICIAL DISTRICT",,LAURA STRATHMANN,DEM,604,34,319,0,957,638,319
El Paso,018-MONTE VISTA RETIRE CTR,"DISTRICT JUDGE, 409TH JUDICIAL DISTRICT",,SAM MEDRANO JR,DEM,588,34,308,0,930,622,308
El Paso,018-MONTE VISTA RETIRE CTR,"DISTRICT JUDGE, 448TH JUDICIAL DISTRICT",,SERGIO H. ENRIQUEZ,DEM,587,33,309,0,929,620,309
El Paso,018-MONTE VISTA RETIRE CTR,"CRIMINAL DISTRICT JUDGE, COURT NO. 1",,DIANE NAVARRETE,DEM,593,33,309,0,935,626,309
El Paso,018-MONTE VISTA RETIRE CTR,"FAMILY DISTRICT JUDGE, 65TH JUDICIAL DISTRICT",,YAHARA L. GUTIERREZ,DEM,594,33,307,0,934,627,307
El Paso,018-MONTE VISTA RETIRE CTR,"DISTRICT ATTORNEY, 34TH JUDICIAL DISTRICT",,JAIME ESPARZA,DEM,627,35,328,0,990,662,328
El Paso,018-MONTE VISTA RETIRE CTR,"JUDGE, COUNTY CRIMINAL COURT NO. 3",,CARLOS CARRASCO,DEM,597,34,313,0,944,631,313
El Paso,018-MONTE VISTA RETIRE CTR,"JUDGE, COUNTY CRIMINAL COURT NO. 4",,JESUS HERRERA,DEM,591,33,313,0,937,624,313
El Paso,018-MONTE VISTA RETIRE CTR,COUNTY ATTORNEY,,JO ANNE BERNAL,DEM,605,36,325,0,966,641,325
El Paso,018-MONTE VISTA RETIRE CTR,SHERIFF,,RICHARD D. WILES,DEM,658,34,350,0,1042,692,350
El Paso,018-MONTE VISTA RETIRE CTR,COUNTY TAX ASSESSOR COLLECTOR,,VICTOR A. FLORES,DEM,620,37,332,0,989,657,332
El Paso,018-MONTE VISTA RETIRE CTR,"CONSTABLE, PRECINCT NO. 7",,KING MERRITT,REP,689,32,291,0,1012,721,291
El Paso,018-MONTE VISTA RETIRE CTR,"CONSTABLE, PRECINCT NO. 7",,ANGIE SOMMERS,DEM,440,26,268,0,734,466,268
El Paso,019-GOOD SAMARITAN WHITE ACRES,"CITY OF EL PASO, PROPOSITION",,FOR (A FAVOR),NP,663,31,438,0,1132,694,438
El Paso,019-GOOD SAMARITAN WHITE ACRES,"CITY OF EL PASO, PROPOSITION",,AGAINST (EN CONTRA),NP,266,11,141,0,418,277,141
El Paso,019-GOOD SAMARITAN WHITE ACRES,"CITY OF EL PASO, PROPOSITION",,FOR (A FAVOR),NP,625,29,428,0,1082,654,428
El Paso,019-GOOD SAMARITAN WHITE ACRES,"CITY OF EL PASO, PROPOSITION",,AGAINST (EN CONTRA),NP,289,12,146,0,447,301,146
El Paso,019-GOOD SAMARITAN WHITE ACRES,"CITY OF EL PASO, PROPOSITION",,FOR (A FAVOR),NP,517,21,357,0,895,538,357
El Paso,019-GOOD SAMARITAN WHITE ACRES,"CITY OF EL PASO, PROPOSITION",,AGAINST (EN CONTRA),NP,403,21,215,0,639,424,215
El Paso,019-GOOD SAMARITAN WHITE ACRES,STRAIGHT PARTY,,REPUBLICAN,REP,215,15,124,0,354,230,124
El Paso,019-GOOD SAMARITAN WHITE ACRES,STRAIGHT PARTY,,DEMOCRAT,DEM,297,9,247,0,553,306,247
El Paso,019-GOOD SAMARITAN WHITE ACRES,STRAIGHT PARTY,,LIBERTARIAN,LIB,7,0,3,0,10,7,3
El Paso,019-GOOD SAMARITAN WHITE ACRES,STRAIGHT PARTY,,GREEN,GRN,2,0,1,0,3,2,1
El Paso,019-GOOD SAMARITAN WHITE ACRES,US PRESIDENT,,MITT ROMNEY,REP,409,27,207,0,643,436,207
El Paso,019-GOOD SAMARITAN WHITE ACRES,US PRESIDENT,,BARACK OBAMA,DEM,511,19,372,0,902,530,372
El Paso,019-GOOD SAMARITAN WHITE ACRES,US PRESIDENT,,GARY JOHNSON,LIB,22,0,10,0,32,22,10
El Paso,019-GOOD SAMARITAN WHITE ACRES,US PRESIDENT,,JILL STEIN,GRN,5,0,4,0,9,5,4
El Paso,019-GOOD SAMARITAN WHITE ACRES,US PRESIDENT,,WRITE-IN,NP,1,1,3,0,5,2,3
El Paso,019-GOOD SAMARITAN WHITE ACRES,US SENATOR,,TED CRUZ,REP,426,26,224,0,676,452,224
El Paso,019-GOOD SAMARITAN WHITE ACRES,US SENATOR,,PAUL SADLER,DEM,472,17,320,0,809,489,320
El Paso,019-GOOD SAMARITAN WHITE ACRES,US SENATOR,,JOHN JAY MYERS,LIB,20,1,17,0,38,21,17
El Paso,019-GOOD SAMARITAN WHITE ACRES,US SENATOR,,DAVID B. COLLINS,GRN,8,1,9,0,18,9,9
El Paso,019-GOOD SAMARITAN WHITE ACRES,US REP DISTRICT 16,,BARBARA CARRASCO,REP,356,23,211,0,590,379,211
El Paso,019-GOOD SAMARITAN WHITE ACRES,US REP DISTRICT 16,,BETO OROURKE,DEM,571,21,361,0,953,592,361
El Paso,019-GOOD SAMARITAN WHITE ACRES,US REP DISTRICT 16,,JUNART SODOY,LIB,15,1,10,0,26,16,10
El Paso,019-GOOD SAMARITAN WHITE ACRES,RAILROAD COMMISSIONER,,CHRISTI CRADDICK,REP,393,26,191,0,610,419,191
El Paso,019-GOOD SAMARITAN WHITE ACRES,RAILROAD COMMISSIONER,,DALE HENRY,DEM,466,12,328,0,806,478,328
El Paso,019-GOOD SAMARITAN WHITE ACRES,RAILROAD COMMISSIONER,,VIVEKANANDA (VIK) WA,LIB,20,1,19,0,40,21,19
El Paso,019-GOOD SAMARITAN WHITE ACRES,RAILROAD COMMISSIONER,,CHRIS KENNEDY,GRN,18,4,23,0,45,22,23
El Paso,019-GOOD SAMARITAN WHITE ACRES,RAILROAD COMMISSIONER,,BARRY SMITHERMAN,REP,430,26,223,0,679,456,223
El Paso,019-GOOD SAMARITAN WHITE ACRES,RAILROAD COMMISSIONER,,JAIME O. PEREZ,LIB,240,4,201,0,445,244,201
El Paso,019-GOOD SAMARITAN WHITE ACRES,RAILROAD COMMISSIONER,,JOSH WENDEL,GRN,80,6,49,0,135,86,49
El Paso,019-GOOD SAMARITAN WHITE ACRES,"JUSTICE, SUPREME COURT, PLACE 2",,DON WILLETT,REP,492,29,262,0,783,521,262
El Paso,019-GOOD SAMARITAN WHITE ACRES,"JUSTICE, SUPREME COURT, PLACE 2",,RS ROBERT KOELSCH,LIB,250,8,210,0,468,258,210
El Paso,019-GOOD SAMARITAN WHITE ACRES,"JUSTICE, SUPREME COURT, PLACE 4",,JOHN DEVINE,REP,474,29,238,0,741,503,238
El Paso,019-GOOD SAMARITAN WHITE ACRES,"JUSTICE, SUPREME COURT, PLACE 4",,TOM OXFORD,LIB,170,4,173,0,347,174,173
El Paso,019-GOOD SAMARITAN WHITE ACRES,"JUSTICE, SUPREME COURT, PLACE 4",,CHARLES E. WATERBURY,GRN,95,2,64,0,161,97,64
El Paso,019-GOOD SAMARITAN WHITE ACRES,"JUSTICE, SUPREME COURT, PLACE 6",,NATHAN HECHT,REP,353,25,180,0,558,378,180
El Paso,019-GOOD SAMARITAN WHITE ACRES,"JUSTICE, SUPREME COURT, PLACE 6",,MICHELE PETTY,DEM,490,15,349,0,854,505,349
El Paso,019-GOOD SAMARITAN WHITE ACRES,"JUSTICE, SUPREME COURT, PLACE 6",,MARK ASH,LIB,32,2,17,0,51,34,17
El Paso,019-GOOD SAMARITAN WHITE ACRES,"JUSTICE, SUPREME COURT, PLACE 6",,JIM CHISHOLM,GRN,16,0,11,0,27,16,11
El Paso,019-GOOD SAMARITAN WHITE ACRES,"PRESIDING JUDGE, COURT OF CRIMINAL APPEALS",,SHARON KELLER,REP,378,25,195,0,598,403,195
El Paso,019-GOOD SAMARITAN WHITE ACRES,"PRESIDING JUDGE, COURT OF CRIMINAL APPEALS",,KEITH HAMPTON,DEM,471,15,332,0,818,486,332
El Paso,019-GOOD SAMARITAN WHITE ACRES,"PRESIDING JUDGE, COURT OF CRIMINAL APPEALS",,LANCE STOTT,LIB,36,3,33,0,72,39,33
El Paso,019-GOOD SAMARITAN WHITE ACRES,"JUDGE, COURT OF CRIMINAL APPEALS, PLACE 7",,BARBARA PARKER HERVE,REP,489,28,262,0,779,517,262
El Paso,019-GOOD SAMARITAN WHITE ACRES,"JUDGE, COURT OF CRIMINAL APPEALS, PLACE 7",,MARK W. BENNETT,LIB,240,9,203,0,452,249,203
El Paso,019-GOOD SAMARITAN WHITE ACRES,"JUDGE, COURT OF CRIMINAL APPEALS, PLACE 8",,ELSA ALCALA,REP,500,26,277,0,803,526,277
El Paso,019-GOOD SAMARITAN WHITE ACRES,"JUDGE, COURT OF CRIMINAL APPEALS, PLACE 8",,WILLIAM BRYAN STRANG,LIB,223,11,188,0,422,234,188
El Paso,019-GOOD SAMARITAN WHITE ACRES,MEMBER STATE BOARD OF EDUCATION DISTRICT 1,,CARLOS CHARLIE GARZA,REP,378,23,191,0,592,401,191
El Paso,019-GOOD SAMARITAN WHITE ACRES,MEMBER STATE BOARD OF EDUCATION DISTRICT 1,,MARTHA M. DOMINGUEZ,DEM,501,19,366,0,886,520,366
El Paso,019-GOOD SAMARITAN WHITE ACRES,STATE SENATOR DISTRICT 29,,DAN CHAVEZ,REP,369,28,197,0,594,397,197
El Paso,019-GOOD SAMARITAN WHITE ACRES,STATE SENATOR DISTRICT 29,,JOSE R. RODRIGUEZ,DEM,533,14,369,0,916,547,369
El Paso,019-GOOD SAMARITAN WHITE ACRES,STATE REPRESENTATIVE DISTRICT 78,,DONALD R. DEE MARGO,REP,416,29,223,0,668,445,223
El Paso,019-GOOD SAMARITAN WHITE ACRES,STATE REPRESENTATIVE DISTRICT 78,,JOE MOODY,DEM,519,14,354,0,887,533,354
El Paso,019-GOOD SAMARITAN WHITE ACRES,"CHIEF JUSTICE, COURT OF APPEALS 8TH DISTRICT",,ANN CRAWFORD MCCLURE,DEM,595,22,404,0,1021,617,404
El Paso,019-GOOD SAMARITAN WHITE ACRES,"JUSTICE, 8TH COURT OF APPEALS DISTRICT, PLACE 2",,CHRIS ANTCLIFF,REP,421,28,208,0,657,449,208
El Paso,019-GOOD SAMARITAN WHITE ACRES,"JUSTICE, 8TH COURT OF APPEALS DISTRICT, PLACE 2",,YVONNE RODRIGUEZ,DEM,478,14,353,0,845,492,353
El Paso,019-GOOD SAMARITAN WHITE ACRES,"JUSTICE, 8TH COURT OF APPEALS DISTRICT, PLACE 3",,GUADALUPE LUPE RIVER,DEM,603,21,404,0,1028,624,404
El Paso,019-GOOD SAMARITAN WHITE ACRES,"DISTRICT JUDGE, 34TH JUDICIAL DISTRICT",,BILL MOODY,DEM,616,22,410,0,1048,638,410
El Paso,019-GOOD SAMARITAN WHITE ACRES,"DISTRICT JUDGE, 41ST JUDICIAL DISTRICT",,ANNA PEREZ,DEM,590,21,410,0,1021,611,410
El Paso,019-GOOD SAMARITAN WHITE ACRES,"DISTRICT JUDGE, 243RD JUDICIAL DISTRICT",,BILLY DON HICKS,REP,419,28,208,0,655,447,208
El Paso,019-GOOD SAMARITAN WHITE ACRES,"DISTRICT JUDGE, 243RD JUDICIAL DISTRICT",,LUIS AGUILAR,DEM,480,14,351,0,845,494,351
El Paso,019-GOOD SAMARITAN WHITE ACRES,"DISTRICT JUDGE, 346TH JUDICIAL DISTRICT",,ANGIE J. BARILL,DEM,585,21,397,0,1003,606,397
El Paso,019-GOOD SAMARITAN WHITE ACRES,"DISTRICT JUDGE, 383RD JUDICIAL DISTRICT",,MIKE HERRERA,DEM,586,21,399,0,1006,607,399
El Paso,019-GOOD SAMARITAN WHITE ACRES,"DISTRICT JUDGE, 384TH JUDICIAL DISTRICT",,PATRICK M. GARCIA,DEM,579,21,398,0,998,600,398
El Paso,019-GOOD SAMARITAN WHITE ACRES,"DISTRICT JUDGE, 388TH JUDICIAL DISTRICT",,LAURA STRATHMANN,DEM,584,21,404,0,1009,605,404
El Paso,019-GOOD SAMARITAN WHITE ACRES,"DISTRICT JUDGE, 409TH JUDICIAL DISTRICT",,SAM MEDRANO JR,DEM,572,20,400,0,992,592,400
El Paso,019-GOOD SAMARITAN WHITE ACRES,"DISTRICT JUDGE, 448TH JUDICIAL DISTRICT",,SERGIO H. ENRIQUEZ,DEM,572,21,394,0,987,593,394
El Paso,019-GOOD SAMARITAN WHITE ACRES,"CRIMINAL DISTRICT JUDGE, COURT NO. 1",,DIANE NAVARRETE,DEM,571,20,400,0,991,591,400
El Paso,019-GOOD SAMARITAN WHITE ACRES,"FAMILY DISTRICT JUDGE, 65TH JUDICIAL DISTRICT",,YAHARA L. GUTIERREZ,DEM,571,20,400,0,991,591,400
El Paso,019-GOOD SAMARITAN WHITE ACRES,"DISTRICT ATTORNEY, 34TH JUDICIAL DISTRICT",,JAIME ESPARZA,DEM,590,21,406,0,1017,611,406
El Paso,019-GOOD SAMARITAN WHITE ACRES,"JUDGE, COUNTY CRIMINAL COURT NO. 3",,CARLOS CARRASCO,DEM,569,20,400,0,989,589,400
El Paso,019-GOOD SAMARITAN WHITE ACRES,"JUDGE, COUNTY CRIMINAL COURT NO. 4",,JESUS HERRERA,DEM,576,22,397,0,995,598,397
El Paso,019-GOOD SAMARITAN WHITE ACRES,COUNTY ATTORNEY,,JO ANNE BERNAL,DEM,585,21,397,0,1003,606,397
El Paso,019-GOOD SAMARITAN WHITE ACRES,SHERIFF,,RICHARD D. WILES,DEM,622,21,412,0,1055,643,412
El Paso,019-GOOD SAMARITAN WHITE ACRES,COUNTY TAX ASSESSOR COLLECTOR,,VICTOR A. FLORES,DEM,593,25,408,0,1026,618,408
El Paso,019-GOOD SAMARITAN WHITE ACRES,"CONSTABLE, PRECINCT NO. 1",,ROBERT WHITE,DEM,604,21,400,0,1025,625,400
El Paso,020-POLK ELEMENTARY,"CITY OF EL PASO, PROPOSITION",,FOR (A FAVOR),NP,258,10,154,0,422,268,154
El Paso,020-POLK ELEMENTARY,"CITY OF EL PASO, PROPOSITION",,AGAINST (EN CONTRA),NP,124,10,59,1,194,134,60
El Paso,020-POLK ELEMENTARY,"CITY OF EL PASO, PROPOSITION",,FOR (A FAVOR),NP,240,10,154,0,404,250,154
El Paso,020-POLK ELEMENTARY,"CITY OF EL PASO, PROPOSITION",,AGAINST (EN CONTRA),NP,134,10,55,0,199,144,55
El Paso,020-POLK ELEMENTARY,"CITY OF EL PASO, PROPOSITION",,FOR (A FAVOR),NP,235,11,128,0,374,246,128
El Paso,020-POLK ELEMENTARY,"CITY OF EL PASO, PROPOSITION",,AGAINST (EN CONTRA),NP,138,10,85,0,233,148,85
El Paso,020-POLK ELEMENTARY,STRAIGHT PARTY,,REPUBLICAN,REP,85,8,35,0,128,93,35
El Paso,020-POLK ELEMENTARY,STRAIGHT PARTY,,DEMOCRAT,DEM,105,4,69,0,178,109,69
El Paso,020-POLK ELEMENTARY,STRAIGHT PARTY,,LIBERTARIAN,LIB,2,0,2,0,4,2,2
El Paso,020-POLK ELEMENTARY,STRAIGHT PARTY,,GREEN,GRN,0,0,0,0,0,0,0
El Paso,020-POLK ELEMENTARY,US PRESIDENT,,MITT ROMNEY,REP,188,11,83,0,282,199,83
El Paso,020-POLK ELEMENTARY,US PRESIDENT,,BARACK OBAMA,DEM,190,10,129,0,329,200,129
El Paso,020-POLK ELEMENTARY,US PRESIDENT,,GARY JOHNSON,LIB,6,0,4,0,10,6,4
El Paso,020-POLK ELEMENTARY,US PRESIDENT,,JILL STEIN,GRN,1,0,1,0,2,1,1
El Paso,020-POLK ELEMENTARY,US PRESIDENT,,WRITE-IN,NP,0,0,0,0,0,0,0
El Paso,020-POLK ELEMENTARY,US SENATOR,,TED CRUZ,REP,192,11,88,0,291,203,88
El Paso,020-POLK ELEMENTARY,US SENATOR,,PAUL SADLER,DEM,174,10,111,0,295,184,111
El Paso,020-POLK ELEMENTARY,US SENATOR,,JOHN JAY MYERS,LIB,11,1,6,0,18,12,6
El Paso,020-POLK ELEMENTARY,US SENATOR,,DAVID B. COLLINS,GRN,2,0,5,0,7,2,5
El Paso,020-POLK ELEMENTARY,US REP DISTRICT 16,,BARBARA CARRASCO,REP,159,11,67,0,237,170,67
El Paso,020-POLK ELEMENTARY,US REP DISTRICT 16,,BETO OROURKE,DEM,219,11,144,0,374,230,144
El Paso,020-POLK ELEMENTARY,US REP DISTRICT 16,,JUNART SODOY,LIB,7,0,2,0,9,7,2
El Paso,020-POLK ELEMENTARY,RAILROAD COMMISSIONER,,CHRISTI CRADDICK,REP,178,13,76,0,267,191,76
El Paso,020-POLK ELEMENTARY,RAILROAD COMMISSIONER,,DALE HENRY,DEM,166,9,106,0,281,175,106
El Paso,020-POLK ELEMENTARY,RAILROAD COMMISSIONER,,VIVEKANANDA (VIK) WA,LIB,9,0,6,0,15,9,6
El Paso,020-POLK ELEMENTARY,RAILROAD COMMISSIONER,,CHRIS KENNEDY,GRN,13,0,13,0,26,13,13
El Paso,020-POLK ELEMENTARY,RAILROAD COMMISSIONER,,BARRY SMITHERMAN,REP,177,12,95,0,284,189,95
El Paso,020-POLK ELEMENTARY,RAILROAD COMMISSIONER,,JAIME O. PEREZ,LIB,99,3,57,0,159,102,57
El Paso,020-POLK ELEMENTARY,RAILROAD COMMISSIONER,,JOSH WENDEL,GRN,34,3,22,0,59,37,22
El Paso,020-POLK ELEMENTARY,"JUSTICE, SUPREME COURT, PLACE 2",,DON WILLETT,REP,217,15,103,0,335,232,103
El Paso,020-POLK ELEMENTARY,"JUSTICE, SUPREME COURT, PLACE 2",,RS ROBERT KOELSCH,LIB,87,4,71,0,162,91,71
El Paso,020-POLK ELEMENTARY,"JUSTICE, SUPREME COURT, PLACE 4",,JOHN DEVINE,REP,196,14,96,0,306,210,96
El Paso,020-POLK ELEMENTARY,"JUSTICE, SUPREME COURT, PLACE 4",,TOM OXFORD,LIB,70,3,51,0,124,73,51
El Paso,020-POLK ELEMENTARY,"JUSTICE, SUPREME COURT, PLACE 4",,CHARLES E. WATERBURY,GRN,39,2,27,0,68,41,27
El Paso,020-POLK ELEMENTARY,"JUSTICE, SUPREME COURT, PLACE 6",,NATHAN HECHT,REP,169,12,70,0,251,181,70
El Paso,020-POLK ELEMENTARY,"JUSTICE, SUPREME COURT, PLACE 6",,MICHELE PETTY,DEM,176,9,117,0,302,185,117
El Paso,020-POLK ELEMENTARY,"JUSTICE, SUPREME COURT, PLACE 6",,MARK ASH,LIB,12,0,6,0,18,12,6
El Paso,020-POLK ELEMENTARY,"JUSTICE, SUPREME COURT, PLACE 6",,JIM CHISHOLM,GRN,7,0,8,0,15,7,8
El Paso,020-POLK ELEMENTARY,"PRESIDING JUDGE, COURT OF CRIMINAL APPEALS",,SHARON KELLER,REP,180,12,77,0,269,192,77
El Paso,020-POLK ELEMENTARY,"PRESIDING JUDGE, COURT OF CRIMINAL APPEALS",,KEITH HAMPTON,DEM,167,9,112,0,288,176,112
El Paso,020-POLK ELEMENTARY,"PRESIDING JUDGE, COURT OF CRIMINAL APPEALS",,LANCE STOTT,LIB,14,0,12,0,26,14,12
El Paso,020-POLK ELEMENTARY,"JUDGE, COURT OF CRIMINAL APPEALS, PLACE 7",,BARBARA PARKER HERVE,REP,204,14,109,0,327,218,109
El Paso,020-POLK ELEMENTARY,"JUDGE, COURT OF CRIMINAL APPEALS, PLACE 7",,MARK W. BENNETT,LIB,93,5,63,0,161,98,63
El Paso,020-POLK ELEMENTARY,"JUDGE, COURT OF CRIMINAL APPEALS, PLACE 8",,ELSA ALCALA,REP,201,15,103,0,319,216,103
El Paso,020-POLK ELEMENTARY,"JUDGE, COURT OF CRIMINAL APPEALS, PLACE 8",,WILLIAM BRYAN STRANG,LIB,94,4,64,0,162,98,64
El Paso,020-POLK ELEMENTARY,MEMBER STATE BOARD OF EDUCATION DISTRICT 1,,CARLOS CHARLIE GARZA,REP,179,12,79,0,270,191,79
El Paso,020-POLK ELEMENTARY,MEMBER STATE BOARD OF EDUCATION DISTRICT 1,,MARTHA M. DOMINGUEZ,DEM,185,9,121,0,315,194,121
El Paso,020-POLK ELEMENTARY,STATE SENATOR DISTRICT 29,,DAN CHAVEZ,REP,173,11,75,0,259,184,75
El Paso,020-POLK ELEMENTARY,STATE SENATOR DISTRICT 29,,JOSE R. RODRIGUEZ,DEM,202,10,125,0,337,212,125
El Paso,020-POLK ELEMENTARY,STATE REPRESENTATIVE DISTRICT 78,,DONALD R. DEE MARGO,REP,199,11,82,0,292,210,82
El Paso,020-POLK ELEMENTARY,STATE REPRESENTATIVE DISTRICT 78,,JOE MOODY,DEM,187,11,131,0,329,198,131
El Paso,020-POLK ELEMENTARY,"CHIEF JUSTICE, COURT OF APPEALS 8TH DISTRICT",,ANN CRAWFORD MCCLURE,DEM,219,9,141,0,369,228,141
El Paso,020-POLK ELEMENTARY,"JUSTICE, 8TH COURT OF APPEALS DISTRICT, PLACE 2",,CHRIS ANTCLIFF,REP,193,13,82,0,288,206,82
El Paso,020-POLK ELEMENTARY,"JUSTICE, 8TH COURT OF APPEALS DISTRICT, PLACE 2",,YVONNE RODRIGUEZ,DEM,172,8,114,0,294,180,114
El Paso,020-POLK ELEMENTARY,"JUSTICE, 8TH COURT OF APPEALS DISTRICT, PLACE 3",,GUADALUPE LUPE RIVER,DEM,225,9,143,0,377,234,143
El Paso,020-POLK ELEMENTARY,"DISTRICT JUDGE, 34TH JUDICIAL DISTRICT",,BILL MOODY,DEM,232,10,148,0,390,242,148
El Paso,020-POLK ELEMENTARY,"DISTRICT JUDGE, 41ST JUDICIAL DISTRICT",,ANNA PEREZ,DEM,226,9,142,0,377,235,142
El Paso,020-POLK ELEMENTARY,"DISTRICT JUDGE, 243RD JUDICIAL DISTRICT",,BILLY DON HICKS,REP,203,12,89,0,304,215,89
El Paso,020-POLK ELEMENTARY,"DISTRICT JUDGE, 243RD JUDICIAL DISTRICT",,LUIS AGUILAR,DEM,169,9,111,0,289,178,111
El Paso,020-POLK ELEMENTARY,"DISTRICT JUDGE, 346TH JUDICIAL DISTRICT",,ANGIE J. BARILL,DEM,220,9,142,0,371,229,142
El Paso,020-POLK ELEMENTARY,"DISTRICT JUDGE, 383RD JUDICIAL DISTRICT",,MIKE HERRERA,DEM,219,9,142,0,370,228,142
El Paso,020-POLK ELEMENTARY,"DISTRICT JUDGE, 384TH JUDICIAL DISTRICT",,PATRICK M. GARCIA,DEM,218,9,140,0,367,227,140
El Paso,020-POLK ELEMENTARY,"DISTRICT JUDGE, 388TH JUDICIAL DISTRICT",,LAURA STRATHMANN,DEM,224,9,143,0,376,233,143
El Paso,020-POLK ELEMENTARY,"DISTRICT JUDGE, 409TH JUDICIAL DISTRICT",,SAM MEDRANO JR,DEM,222,9,140,0,371,231,140
El Paso,020-POLK ELEMENTARY,"DISTRICT JUDGE, 448TH JUDICIAL DISTRICT",,SERGIO H. ENRIQUEZ,DEM,217,9,141,0,367,226,141
El Paso,020-POLK ELEMENTARY,"CRIMINAL DISTRICT JUDGE, COURT NO. 1",,DIANE NAVARRETE,DEM,223,9,139,0,371,232,139
El Paso,020-POLK ELEMENTARY,"FAMILY DISTRICT JUDGE, 65TH JUDICIAL DISTRICT",,YAHARA L. GUTIERREZ,DEM,218,9,138,0,365,227,138
El Paso,020-POLK ELEMENTARY,"DISTRICT ATTORNEY, 34TH JUDICIAL DISTRICT",,JAIME ESPARZA,DEM,234,9,145,0,388,243,145
El Paso,020-POLK ELEMENTARY,"JUDGE, COUNTY CRIMINAL COURT NO. 3",,CARLOS CARRASCO,DEM,221,9,140,0,370,230,140
El Paso,020-POLK ELEMENTARY,"JUDGE, COUNTY CRIMINAL COURT NO. 4",,JESUS HERRERA,DEM,223,9,140,0,372,232,140
El Paso,020-POLK ELEMENTARY,COUNTY ATTORNEY,,JO ANNE BERNAL,DEM,223,10,144,0,377,233,144
El Paso,020-POLK ELEMENTARY,SHERIFF,,RICHARD D. WILES,DEM,244,11,153,0,408,255,153
El Paso,020-POLK ELEMENTARY,COUNTY TAX ASSESSOR COLLECTOR,,VICTOR A. FLORES,DEM,227,13,151,0,391,240,151
El Paso,020-POLK ELEMENTARY,"CONSTABLE, PRECINCT NO. 7",,KING MERRITT,REP,190,13,89,1,293,203,90
El Paso,020-POLK ELEMENTARY,"CONSTABLE, PRECINCT NO. 7",,ANGIE SOMMERS,DEM,177,9,112,0,298,186,112
El Paso,021-PEACE LUTHERAN,"CITY OF EL PASO, PROPOSITION",,FOR (A FAVOR),NP,583,35,291,0,909,618,291
El Paso,021-PEACE LUTHERAN,"CITY OF EL PASO, PROPOSITION",,AGAINST (EN CONTRA),NP,308,18,94,0,420,326,94
El Paso,021-PEACE LUTHERAN,"CITY OF EL PASO, PROPOSITION",,FOR (A FAVOR),NP,543,34,276,0,853,577,276
El Paso,021-PEACE LUTHERAN,"CITY OF EL PASO, PROPOSITION",,AGAINST (EN CONTRA),NP,337,19,104,0,460,356,104
El Paso,021-PEACE LUTHERAN,"CITY OF EL PASO, PROPOSITION",,FOR (A FAVOR),NP,516,30,249,0,795,546,249
El Paso,021-PEACE LUTHERAN,"CITY OF EL PASO, PROPOSITION",,AGAINST (EN CONTRA),NP,369,22,132,0,523,391,132
El Paso,021-PEACE LUTHERAN,STRAIGHT PARTY,,REPUBLICAN,REP,222,20,107,0,349,242,107
El Paso,021-PEACE LUTHERAN,STRAIGHT PARTY,,DEMOCRAT,DEM,152,4,95,0,251,156,95
El Paso,021-PEACE LUTHERAN,STRAIGHT PARTY,,LIBERTARIAN,LIB,0,2,0,0,2,2,0
El Paso,021-PEACE LUTHERAN,STRAIGHT PARTY,,GREEN,GRN,1,1,0,0,2,2,0
El Paso,021-PEACE LUTHERAN,US PRESIDENT,,MITT ROMNEY,REP,533,40,199,0,772,573,199
El Paso,021-PEACE LUTHERAN,US PRESIDENT,,BARACK OBAMA,DEM,362,15,188,0,565,377,188
El Paso,021-PEACE LUTHERAN,US PRESIDENT,,GARY JOHNSON,LIB,5,1,4,0,10,6,4
El Paso,021-PEACE LUTHERAN,US PRESIDENT,,JILL STEIN,GRN,0,2,1,0,3,2,1
El Paso,021-PEACE LUTHERAN,US PRESIDENT,,WRITE-IN,NP,0,0,1,0,1,0,1
El Paso,021-PEACE LUTHERAN,US SENATOR,,TED CRUZ,REP,508,44,201,0,753,552,201
El Paso,021-PEACE LUTHERAN,US SENATOR,,PAUL SADLER,DEM,328,11,164,0,503,339,164
El Paso,021-PEACE LUTHERAN,US SENATOR,,JOHN JAY MYERS,LIB,20,3,9,0,32,23,9
El Paso,021-PEACE LUTHERAN,US SENATOR,,DAVID B. COLLINS,GRN,9,0,3,0,12,9,3
El Paso,021-PEACE LUTHERAN,US REP DISTRICT 16,,BARBARA CARRASCO,REP,410,39,165,0,614,449,165
El Paso,021-PEACE LUTHERAN,US REP DISTRICT 16,,BETO OROURKE,DEM,472,17,217,0,706,489,217
El Paso,021-PEACE LUTHERAN,US REP DISTRICT 16,,JUNART SODOY,LIB,15,1,3,0,19,16,3
El Paso,021-PEACE LUTHERAN,RAILROAD COMMISSIONER,,CHRISTI CRADDICK,REP,486,41,189,0,716,527,189
El Paso,021-PEACE LUTHERAN,RAILROAD COMMISSIONER,,DALE HENRY,DEM,289,11,155,0,455,300,155
El Paso,021-PEACE LUTHERAN,RAILROAD COMMISSIONER,,VIVEKANANDA (VIK) WA,LIB,22,1,7,0,30,23,7
El Paso,021-PEACE LUTHERAN,RAILROAD COMMISSIONER,,CHRIS KENNEDY,GRN,30,1,11,0,42,31,11
El Paso,021-PEACE LUTHERAN,RAILROAD COMMISSIONER,,BARRY SMITHERMAN,REP,513,40,196,0,749,553,196
El Paso,021-PEACE LUTHERAN,RAILROAD COMMISSIONER,,JAIME O. PEREZ,LIB,151,2,85,0,238,153,85
El Paso,021-PEACE LUTHERAN,RAILROAD COMMISSIONER,,JOSH WENDEL,GRN,86,5,41,0,132,91,41
El Paso,021-PEACE LUTHERAN,"JUSTICE, SUPREME COURT, PLACE 2",,DON WILLETT,REP,559,37,235,0,831,596,235
El Paso,021-PEACE LUTHERAN,"JUSTICE, SUPREME COURT, PLACE 2",,RS ROBERT KOELSCH,LIB,178,11,81,0,270,189,81
El Paso,021-PEACE LUTHERAN,"JUSTICE, SUPREME COURT, PLACE 4",,JOHN DEVINE,REP,538,37,211,0,786,575,211
El Paso,021-PEACE LUTHERAN,"JUSTICE, SUPREME COURT, PLACE 4",,TOM OXFORD,LIB,120,7,63,0,190,127,63
El Paso,021-PEACE LUTHERAN,"JUSTICE, SUPREME COURT, PLACE 4",,CHARLES E. WATERBURY,GRN,86,3,45,0,134,89,45
El Paso,021-PEACE LUTHERAN,"JUSTICE, SUPREME COURT, PLACE 6",,NATHAN HECHT,REP,463,36,177,0,676,499,177
El Paso,021-PEACE LUTHERAN,"JUSTICE, SUPREME COURT, PLACE 6",,MICHELE PETTY,DEM,325,11,160,0,496,336,160
El Paso,021-PEACE LUTHERAN,"JUSTICE, SUPREME COURT, PLACE 6",,MARK ASH,LIB,22,6,18,0,46,28,18
El Paso,021-PEACE LUTHERAN,"JUSTICE, SUPREME COURT, PLACE 6",,JIM CHISHOLM,GRN,14,0,9,0,23,14,9
El Paso,021-PEACE LUTHERAN,"PRESIDING JUDGE, COURT OF CRIMINAL APPEALS",,SHARON KELLER,REP,468,35,186,0,689,503,186
El Paso,021-PEACE LUTHERAN,"PRESIDING JUDGE, COURT OF CRIMINAL APPEALS",,KEITH HAMPTON,DEM,332,14,156,0,502,346,156
El Paso,021-PEACE LUTHERAN,"PRESIDING JUDGE, COURT OF CRIMINAL APPEALS",,LANCE STOTT,LIB,22,4,17,0,43,26,17
El Paso,021-PEACE LUTHERAN,"JUDGE, COURT OF CRIMINAL APPEALS, PLACE 7",,BARBARA PARKER HERVE,REP,553,41,229,0,823,594,229
El Paso,021-PEACE LUTHERAN,"JUDGE, COURT OF CRIMINAL APPEALS, PLACE 7",,MARK W. BENNETT,LIB,181,7,91,0,279,188,91
El Paso,021-PEACE LUTHERAN,"JUDGE, COURT OF CRIMINAL APPEALS, PLACE 8",,ELSA ALCALA,REP,551,41,234,0,826,592,234
El Paso,021-PEACE LUTHERAN,"JUDGE, COURT OF CRIMINAL APPEALS, PLACE 8",,WILLIAM BRYAN STRANG,LIB,181,7,85,0,273,188,85
El Paso,021-PEACE LUTHERAN,MEMBER STATE BOARD OF EDUCATION DISTRICT 1,,CARLOS CHARLIE GARZA,REP,478,35,179,0,692,513,179
El Paso,021-PEACE LUTHERAN,MEMBER STATE BOARD OF EDUCATION DISTRICT 1,,MARTHA M. DOMINGUEZ,DEM,343,18,184,0,545,361,184
El Paso,021-PEACE LUTHERAN,STATE SENATOR DISTRICT 29,,DAN CHAVEZ,REP,456,39,187,0,682,495,187
El Paso,021-PEACE LUTHERAN,STATE SENATOR DISTRICT 29,,JOSE R. RODRIGUEZ,DEM,396,15,187,0,598,411,187
El Paso,021-PEACE LUTHERAN,STATE REPRESENTATIVE DISTRICT 77,,MARISA MARQUEZ,DEM,479,26,237,0,742,505,237
El Paso,021-PEACE LUTHERAN,"CHIEF JUSTICE, COURT OF APPEALS 8TH DISTRICT",,ANN CRAWFORD MCCLURE,DEM,477,22,239,0,738,499,239
El Paso,021-PEACE LUTHERAN,"JUSTICE, 8TH COURT OF APPEALS DISTRICT, PLACE 2",,CHRIS ANTCLIFF,REP,542,43,211,0,796,585,211
El Paso,021-PEACE LUTHERAN,"JUSTICE, 8TH COURT OF APPEALS DISTRICT, PLACE 2",,YVONNE RODRIGUEZ,DEM,297,12,163,0,472,309,163
El Paso,021-PEACE LUTHERAN,"JUSTICE, 8TH COURT OF APPEALS DISTRICT, PLACE 3",,GUADALUPE LUPE RIVER,DEM,471,23,235,0,729,494,235
El Paso,021-PEACE LUTHERAN,"DISTRICT JUDGE, 34TH JUDICIAL DISTRICT",,BILL MOODY,DEM,486,25,240,0,751,511,240
El Paso,021-PEACE LUTHERAN,"DISTRICT JUDGE, 41ST JUDICIAL DISTRICT",,ANNA PEREZ,DEM,458,22,236,0,716,480,236
El Paso,021-PEACE LUTHERAN,"DISTRICT JUDGE, 243RD JUDICIAL DISTRICT",,BILLY DON HICKS,REP,548,38,196,0,782,586,196
El Paso,021-PEACE LUTHERAN,"DISTRICT JUDGE, 243RD JUDICIAL DISTRICT",,LUIS AGUILAR,DEM,299,13,167,0,479,312,167
El Paso,021-PEACE LUTHERAN,"DISTRICT JUDGE, 346TH JUDICIAL DISTRICT",,ANGIE J. BARILL,DEM,441,22,229,0,692,463,229
El Paso,021-PEACE LUTHERAN,"DISTRICT JUDGE, 383RD JUDICIAL DISTRICT",,MIKE HERRERA,DEM,437,22,223,0,682,459,223
El Paso,021-PEACE LUTHERAN,"DISTRICT JUDGE, 384TH JUDICIAL DISTRICT",,PATRICK M. GARCIA,DEM,433,21,222,0,676,454,222
El Paso,021-PEACE LUTHERAN,"DISTRICT JUDGE, 388TH JUDICIAL DISTRICT",,LAURA STRATHMANN,DEM,453,24,229,0,706,477,229
El Paso,021-PEACE LUTHERAN,"DISTRICT JUDGE, 409TH JUDICIAL DISTRICT",,SAM MEDRANO JR,DEM,437,22,230,0,689,459,230
El Paso,021-PEACE LUTHERAN,"DISTRICT JUDGE, 448TH JUDICIAL DISTRICT",,SERGIO H. ENRIQUEZ,DEM,431,22,225,0,678,453,225
El Paso,021-PEACE LUTHERAN,"CRIMINAL DISTRICT JUDGE, COURT NO. 1",,DIANE NAVARRETE,DEM,432,24,228,0,684,456,228
El Paso,021-PEACE LUTHERAN,"FAMILY DISTRICT JUDGE, 65TH JUDICIAL DISTRICT",,YAHARA L. GUTIERREZ,DEM,429,22,225,0,676,451,225
El Paso,021-PEACE LUTHERAN,"DISTRICT ATTORNEY, 34TH JUDICIAL DISTRICT",,JAIME ESPARZA,DEM,459,26,229,0,714,485,229
El Paso,021-PEACE LUTHERAN,"JUDGE, COUNTY CRIMINAL COURT NO. 3",,CARLOS CARRASCO,DEM,419,22,229,0,670,441,229
El Paso,021-PEACE LUTHERAN,"JUDGE, COUNTY CRIMINAL COURT NO. 4",,JESUS HERRERA,DEM,429,23,228,0,680,452,228
El Paso,021-PEACE LUTHERAN,COUNTY ATTORNEY,,JO ANNE BERNAL,DEM,444,24,226,0,694,468,226
El Paso,021-PEACE LUTHERAN,SHERIFF,,RICHARD D. WILES,DEM,479,25,240,0,744,504,240
El Paso,021-PEACE LUTHERAN,COUNTY TAX ASSESSOR COLLECTOR,,VICTOR A. FLORES,DEM,458,27,233,0,718,485,233
El Paso,021-PEACE LUTHERAN,"CONSTABLE, PRECINCT NO. 7",,KING MERRITT,REP,473,37,175,0,685,510,175
El Paso,021-PEACE LUTHERAN,"CONSTABLE, PRECINCT NO. 7",,ANGIE SOMMERS,DEM,352,16,194,0,562,368,194
El Paso,022-FIRE STATION 22,"CITY OF EL PASO, PROPOSITION",,FOR (A FAVOR),NP,570,30,401,0,1001,600,401
El Paso,022-FIRE STATION 22,"CITY OF EL PASO, PROPOSITION",,AGAINST (EN CONTRA),NP,216,21,107,0,344,237,107
El Paso,022-FIRE STATION 22,"CITY OF EL PASO, PROPOSITION",,FOR (A FAVOR),NP,542,31,381,0,954,573,381
El Paso,022-FIRE STATION 22,"CITY OF EL PASO, PROPOSITION",,AGAINST (EN CONTRA),NP,228,21,120,0,369,249,120
El Paso,022-FIRE STATION 22,"CITY OF EL PASO, PROPOSITION",,FOR (A FAVOR),NP,479,23,332,0,834,502,332
El Paso,022-FIRE STATION 22,"CITY OF EL PASO, PROPOSITION",,AGAINST (EN CONTRA),NP,292,29,177,0,498,321,177
El Paso,022-FIRE STATION 22,STRAIGHT PARTY,,REPUBLICAN,REP,163,26,97,0,286,189,97
El Paso,022-FIRE STATION 22,STRAIGHT PARTY,,DEMOCRAT,DEM,218,11,181,0,410,229,181
El Paso,022-FIRE STATION 22,STRAIGHT PARTY,,LIBERTARIAN,LIB,3,0,4,0,7,3,4
El Paso,022-FIRE STATION 22,STRAIGHT PARTY,,GREEN,GRN,0,0,4,0,4,0,4
El Paso,022-FIRE STATION 22,US PRESIDENT,,MITT ROMNEY,REP,370,39,210,0,619,409,210
El Paso,022-FIRE STATION 22,US PRESIDENT,,BARACK OBAMA,DEM,416,20,291,0,727,436,291
El Paso,022-FIRE STATION 22,US PRESIDENT,,GARY JOHNSON,LIB,7,0,10,0,17,7,10
El Paso,022-FIRE STATION 22,US PRESIDENT,,JILL STEIN,GRN,2,0,5,0,7,2,5
El Paso,022-FIRE STATION 22,US PRESIDENT,,WRITE-IN,NP,2,0,1,0,3,2,1
El Paso,022-FIRE STATION 22,US SENATOR,,TED CRUZ,REP,367,40,202,0,609,407,202
El Paso,022-FIRE STATION 22,US SENATOR,,PAUL SADLER,DEM,387,17,264,0,668,404,264
El Paso,022-FIRE STATION 22,US SENATOR,,JOHN JAY MYERS,LIB,14,1,25,0,40,15,25
El Paso,022-FIRE STATION 22,US SENATOR,,DAVID B. COLLINS,GRN,10,0,10,0,20,10,10
El Paso,022-FIRE STATION 22,US REP DISTRICT 16,,BARBARA CARRASCO,REP,304,38,161,0,503,342,161
El Paso,022-FIRE STATION 22,US REP DISTRICT 16,,BETO OROURKE,DEM,468,21,334,0,823,489,334
El Paso,022-FIRE STATION 22,US REP DISTRICT 16,,JUNART SODOY,LIB,12,0,13,0,25,12,13
El Paso,022-FIRE STATION 22,RAILROAD COMMISSIONER,,CHRISTI CRADDICK,REP,343,40,182,0,565,383,182
El Paso,022-FIRE STATION 22,RAILROAD COMMISSIONER,,DALE HENRY,DEM,357,14,249,0,620,371,249
El Paso,022-FIRE STATION 22,RAILROAD COMMISSIONER,,VIVEKANANDA (VIK) WA,LIB,15,1,20,0,36,16,20
El Paso,022-FIRE STATION 22,RAILROAD COMMISSIONER,,CHRIS KENNEDY,GRN,36,0,20,0,56,36,20
El Paso,022-FIRE STATION 22,RAILROAD COMMISSIONER,,BARRY SMITHERMAN,REP,363,37,206,0,606,400,206
El Paso,022-FIRE STATION 22,RAILROAD COMMISSIONER,,JAIME O. PEREZ,LIB,176,7,142,0,325,183,142
El Paso,022-FIRE STATION 22,RAILROAD COMMISSIONER,,JOSH WENDEL,GRN,97,3,40,0,140,100,40
El Paso,022-FIRE STATION 22,"JUSTICE, SUPREME COURT, PLACE 2",,DON WILLETT,REP,422,42,239,0,703,464,239
El Paso,022-FIRE STATION 22,"JUSTICE, SUPREME COURT, PLACE 2",,RS ROBERT KOELSCH,LIB,193,4,151,0,348,197,151
El Paso,022-FIRE STATION 22,"JUSTICE, SUPREME COURT, PLACE 4",,JOHN DEVINE,REP,387,41,227,0,655,428,227
El Paso,022-FIRE STATION 22,"JUSTICE, SUPREME COURT, PLACE 4",,TOM OXFORD,LIB,147,5,122,0,274,152,122
El Paso,022-FIRE STATION 22,"JUSTICE, SUPREME COURT, PLACE 4",,CHARLES E. WATERBURY,GRN,90,1,41,0,132,91,41
El Paso,022-FIRE STATION 22,"JUSTICE, SUPREME COURT, PLACE 6",,NATHAN HECHT,REP,324,36,166,0,526,360,166
El Paso,022-FIRE STATION 22,"JUSTICE, SUPREME COURT, PLACE 6",,MICHELE PETTY,DEM,387,17,258,0,662,404,258
El Paso,022-FIRE STATION 22,"JUSTICE, SUPREME COURT, PLACE 6",,MARK ASH,LIB,21,1,27,0,49,22,27
El Paso,022-FIRE STATION 22,"JUSTICE, SUPREME COURT, PLACE 6",,JIM CHISHOLM,GRN,18,1,20,0,39,19,20
El Paso,022-FIRE STATION 22,"PRESIDING JUDGE, COURT OF CRIMINAL APPEALS",,SHARON KELLER,REP,345,35,181,0,561,380,181
El Paso,022-FIRE STATION 22,"PRESIDING JUDGE, COURT OF CRIMINAL APPEALS",,KEITH HAMPTON,DEM,375,20,254,0,649,395,254
El Paso,022-FIRE STATION 22,"PRESIDING JUDGE, COURT OF CRIMINAL APPEALS",,LANCE STOTT,LIB,32,1,36,0,69,33,36
El Paso,022-FIRE STATION 22,"JUDGE, COURT OF CRIMINAL APPEALS, PLACE 7",,BARBARA PARKER HERVE,REP,422,38,252,0,712,460,252
El Paso,022-FIRE STATION 22,"JUDGE, COURT OF CRIMINAL APPEALS, PLACE 7",,MARK W. BENNETT,LIB,197,7,133,0,337,204,133
El Paso,022-FIRE STATION 22,"JUDGE, COURT OF CRIMINAL APPEALS, PLACE 8",,ELSA ALCALA,REP,423,38,259,0,720,461,259
El Paso,022-FIRE STATION 22,"JUDGE, COURT OF CRIMINAL APPEALS, PLACE 8",,WILLIAM BRYAN STRANG,LIB,188,7,126,0,321,195,126
El Paso,022-FIRE STATION 22,MEMBER STATE BOARD OF EDUCATION DISTRICT 1,,CARLOS CHARLIE GARZA,REP,351,37,191,0,579,388,191
El Paso,022-FIRE STATION 22,MEMBER STATE BOARD OF EDUCATION DISTRICT 1,,MARTHA M. DOMINGUEZ,DEM,398,18,282,0,698,416,282
El Paso,022-FIRE STATION 22,STATE SENATOR DISTRICT 29,,DAN CHAVEZ,REP,330,39,189,0,558,369,189
El Paso,022-FIRE STATION 22,STATE SENATOR DISTRICT 29,,JOSE R. RODRIGUEZ,DEM,437,16,295,0,748,453,295
El Paso,022-FIRE STATION 22,STATE REPRESENTATIVE DISTRICT 77,,MARISA MARQUEZ,DEM,490,24,341,0,855,514,341
El Paso,022-FIRE STATION 22,"CHIEF JUSTICE, COURT OF APPEALS 8TH DISTRICT",,ANN CRAWFORD MCCLURE,DEM,493,25,326,0,844,518,326
El Paso,022-FIRE STATION 22,"JUSTICE, 8TH COURT OF APPEALS DISTRICT, PLACE 2",,CHRIS ANTCLIFF,REP,383,40,206,0,629,423,206
El Paso,022-FIRE STATION 22,"JUSTICE, 8TH COURT OF APPEALS DISTRICT, PLACE 2",,YVONNE RODRIGUEZ,DEM,372,15,277,0,664,387,277
El Paso,022-FIRE STATION 22,"JUSTICE, 8TH COURT OF APPEALS DISTRICT, PLACE 3",,GUADALUPE LUPE RIVER,DEM,499,27,343,0,869,526,343
El Paso,022-FIRE STATION 22,"DISTRICT JUDGE, 34TH JUDICIAL DISTRICT",,BILL MOODY,DEM,510,27,350,0,887,537,350
El Paso,022-FIRE STATION 22,"DISTRICT JUDGE, 41ST JUDICIAL DISTRICT",,ANNA PEREZ,DEM,486,22,334,0,842,508,334
El Paso,022-FIRE STATION 22,"DISTRICT JUDGE, 243RD JUDICIAL DISTRICT",,BILLY DON HICKS,REP,384,37,211,0,632,421,211
El Paso,022-FIRE STATION 22,"DISTRICT JUDGE, 243RD JUDICIAL DISTRICT",,LUIS AGUILAR,DEM,374,17,267,0,658,391,267
El Paso,022-FIRE STATION 22,"DISTRICT JUDGE, 346TH JUDICIAL DISTRICT",,ANGIE J. BARILL,DEM,475,24,328,0,827,499,328
El Paso,022-FIRE STATION 22,"DISTRICT JUDGE, 383RD JUDICIAL DISTRICT",,MIKE HERRERA,DEM,463,24,325,0,812,487,325
El Paso,022-FIRE STATION 22,"DISTRICT JUDGE, 384TH JUDICIAL DISTRICT",,PATRICK M. GARCIA,DEM,468,25,321,0,814,493,321
El Paso,022-FIRE STATION 22,"DISTRICT JUDGE, 388TH JUDICIAL DISTRICT",,LAURA STRATHMANN,DEM,489,26,330,0,845,515,330
El Paso,022-FIRE STATION 22,"DISTRICT JUDGE, 409TH JUDICIAL DISTRICT",,SAM MEDRANO JR,DEM,467,24,322,0,813,491,322
El Paso,022-FIRE STATION 22,"DISTRICT JUDGE, 448TH JUDICIAL DISTRICT",,SERGIO H. ENRIQUEZ,DEM,462,24,324,0,810,486,324
El Paso,022-FIRE STATION 22,"CRIMINAL DISTRICT JUDGE, COURT NO. 1",,DIANE NAVARRETE,DEM,472,24,320,0,816,496,320
El Paso,022-FIRE STATION 22,"FAMILY DISTRICT JUDGE, 65TH JUDICIAL DISTRICT",,YAHARA L. GUTIERREZ,DEM,467,26,323,0,816,493,323
El Paso,022-FIRE STATION 22,"DISTRICT ATTORNEY, 34TH JUDICIAL DISTRICT",,JAIME ESPARZA,DEM,492,24,332,0,848,516,332
El Paso,022-FIRE STATION 22,"JUDGE, COUNTY CRIMINAL COURT NO. 3",,CARLOS CARRASCO,DEM,469,24,325,0,818,493,325
El Paso,022-FIRE STATION 22,"JUDGE, COUNTY CRIMINAL COURT NO. 4",,JESUS HERRERA,DEM,471,24,322,0,817,495,322
El Paso,022-FIRE STATION 22,COUNTY ATTORNEY,,JO ANNE BERNAL,DEM,488,24,327,0,839,512,327
El Paso,022-FIRE STATION 22,SHERIFF,,RICHARD D. WILES,DEM,512,31,350,0,893,543,350
El Paso,022-FIRE STATION 22,COUNTY TAX ASSESSOR COLLECTOR,,VICTOR A. FLORES,DEM,503,31,333,0,867,534,333
El Paso,022-FIRE STATION 22,"CONSTABLE, PRECINCT NO. 1",,ROBERT WHITE,DEM,482,25,332,0,839,507,332
El Paso,023-CARLOS RIVERA ELEMENTARY,"CITY OF EL PASO, PROPOSITION",,FOR (A FAVOR),NP,356,17,141,0,514,373,141
El Paso,023-CARLOS RIVERA ELEMENTARY,"CITY OF EL PASO, PROPOSITION",,AGAINST (EN CONTRA),NP,184,6,41,0,231,190,41
El Paso,023-CARLOS RIVERA ELEMENTARY,"CITY OF EL PASO, PROPOSITION",,FOR (A FAVOR),NP,331,17,128,0,476,348,128
El Paso,023-CARLOS RIVERA ELEMENTARY,"CITY OF EL PASO, PROPOSITION",,AGAINST (EN CONTRA),NP,200,6,46,0,252,206,46
El Paso,023-CARLOS RIVERA ELEMENTARY,"CITY OF EL PASO, PROPOSITION",,FOR (A FAVOR),NP,331,11,127,0,469,342,127
El Paso,023-CARLOS RIVERA ELEMENTARY,"CITY OF EL PASO, PROPOSITION",,AGAINST (EN CONTRA),NP,205,7,47,0,259,212,47
El Paso,023-CARLOS RIVERA ELEMENTARY,STRAIGHT PARTY,,REPUBLICAN,REP,146,13,35,0,194,159,35
El Paso,023-CARLOS RIVERA ELEMENTARY,STRAIGHT PARTY,,DEMOCRAT,DEM,87,1,54,0,142,88,54
El Paso,023-CARLOS RIVERA ELEMENTARY,STRAIGHT PARTY,,LIBERTARIAN,LIB,0,0,1,0,1,0,1
El Paso,023-CARLOS RIVERA ELEMENTARY,STRAIGHT PARTY,,GREEN,GRN,1,0,0,0,1,1,0
El Paso,023-CARLOS RIVERA ELEMENTARY,US PRESIDENT,,MITT ROMNEY,REP,358,18,95,0,471,376,95
El Paso,023-CARLOS RIVERA ELEMENTARY,US PRESIDENT,,BARACK OBAMA,DEM,186,6,93,0,285,192,93
El Paso,023-CARLOS RIVERA ELEMENTARY,US PRESIDENT,,GARY JOHNSON,LIB,5,0,2,0,7,5,2
El Paso,023-CARLOS RIVERA ELEMENTARY,US PRESIDENT,,JILL STEIN,GRN,1,0,0,0,1,1,0
El Paso,023-CARLOS RIVERA ELEMENTARY,US PRESIDENT,,WRITE-IN,NP,0,0,1,0,1,0,1
El Paso,023-CARLOS RIVERA ELEMENTARY,US SENATOR,,TED CRUZ,REP,337,17,90,0,444,354,90
El Paso,023-CARLOS RIVERA ELEMENTARY,US SENATOR,,PAUL SADLER,DEM,188,5,89,0,282,193,89
El Paso,023-CARLOS RIVERA ELEMENTARY,US SENATOR,,JOHN JAY MYERS,LIB,12,2,2,0,16,14,2
El Paso,023-CARLOS RIVERA ELEMENTARY,US SENATOR,,DAVID B. COLLINS,GRN,4,0,2,0,6,4,2
El Paso,023-CARLOS RIVERA ELEMENTARY,US REP DISTRICT 16,,BARBARA CARRASCO,REP,245,15,60,0,320,260,60
El Paso,023-CARLOS RIVERA ELEMENTARY,US REP DISTRICT 16,,BETO OROURKE,DEM,301,7,125,0,433,308,125
El Paso,023-CARLOS RIVERA ELEMENTARY,US REP DISTRICT 16,,JUNART SODOY,LIB,1,2,1,0,4,3,1
El Paso,023-CARLOS RIVERA ELEMENTARY,RAILROAD COMMISSIONER,,CHRISTI CRADDICK,REP,324,17,77,0,418,341,77
El Paso,023-CARLOS RIVERA ELEMENTARY,RAILROAD COMMISSIONER,,DALE HENRY,DEM,166,4,80,0,250,170,80
El Paso,023-CARLOS RIVERA ELEMENTARY,RAILROAD COMMISSIONER,,VIVEKANANDA (VIK) WA,LIB,14,1,8,0,23,15,8
El Paso,023-CARLOS RIVERA ELEMENTARY,RAILROAD COMMISSIONER,,CHRIS KENNEDY,GRN,13,1,6,0,20,14,6
El Paso,023-CARLOS RIVERA ELEMENTARY,RAILROAD COMMISSIONER,,BARRY SMITHERMAN,REP,337,17,85,0,439,354,85
El Paso,023-CARLOS RIVERA ELEMENTARY,RAILROAD COMMISSIONER,,JAIME O. PEREZ,LIB,74,2,46,0,122,76,46
El Paso,023-CARLOS RIVERA ELEMENTARY,RAILROAD COMMISSIONER,,JOSH WENDEL,GRN,47,0,17,0,64,47,17
El Paso,023-CARLOS RIVERA ELEMENTARY,"JUSTICE, SUPREME COURT, PLACE 2",,DON WILLETT,REP,369,17,102,0,488,386,102
El Paso,023-CARLOS RIVERA ELEMENTARY,"JUSTICE, SUPREME COURT, PLACE 2",,RS ROBERT KOELSCH,LIB,85,2,41,0,128,87,41
El Paso,023-CARLOS RIVERA ELEMENTARY,"JUSTICE, SUPREME COURT, PLACE 4",,JOHN DEVINE,REP,357,16,93,0,466,373,93
El Paso,023-CARLOS RIVERA ELEMENTARY,"JUSTICE, SUPREME COURT, PLACE 4",,TOM OXFORD,LIB,65,2,27,0,94,67,27
El Paso,023-CARLOS RIVERA ELEMENTARY,"JUSTICE, SUPREME COURT, PLACE 4",,CHARLES E. WATERBURY,GRN,41,0,24,0,65,41,24
El Paso,023-CARLOS RIVERA ELEMENTARY,"JUSTICE, SUPREME COURT, PLACE 6",,NATHAN HECHT,REP,322,17,77,0,416,339,77
El Paso,023-CARLOS RIVERA ELEMENTARY,"JUSTICE, SUPREME COURT, PLACE 6",,MICHELE PETTY,DEM,173,4,84,0,261,177,84
El Paso,023-CARLOS RIVERA ELEMENTARY,"JUSTICE, SUPREME COURT, PLACE 6",,MARK ASH,LIB,12,2,4,0,18,14,4
El Paso,023-CARLOS RIVERA ELEMENTARY,"JUSTICE, SUPREME COURT, PLACE 6",,JIM CHISHOLM,GRN,10,0,7,0,17,10,7
El Paso,023-CARLOS RIVERA ELEMENTARY,"PRESIDING JUDGE, COURT OF CRIMINAL APPEALS",,SHARON KELLER,REP,309,17,83,0,409,326,83
El Paso,023-CARLOS RIVERA ELEMENTARY,"PRESIDING JUDGE, COURT OF CRIMINAL APPEALS",,KEITH HAMPTON,DEM,189,4,81,0,274,193,81
El Paso,023-CARLOS RIVERA ELEMENTARY,"PRESIDING JUDGE, COURT OF CRIMINAL APPEALS",,LANCE STOTT,LIB,14,2,6,0,22,16,6
El Paso,023-CARLOS RIVERA ELEMENTARY,"JUDGE, COURT OF CRIMINAL APPEALS, PLACE 7",,BARBARA PARKER HERVE,REP,372,17,105,0,494,389,105
El Paso,023-CARLOS RIVERA ELEMENTARY,"JUDGE, COURT OF CRIMINAL APPEALS, PLACE 7",,MARK W. BENNETT,LIB,81,2,40,0,123,83,40
El Paso,023-CARLOS RIVERA ELEMENTARY,"JUDGE, COURT OF CRIMINAL APPEALS, PLACE 8",,ELSA ALCALA,REP,361,16,107,0,484,377,107
El Paso,023-CARLOS RIVERA ELEMENTARY,"JUDGE, COURT OF CRIMINAL APPEALS, PLACE 8",,WILLIAM BRYAN STRANG,LIB,92,3,36,0,131,95,36
El Paso,023-CARLOS RIVERA ELEMENTARY,MEMBER STATE BOARD OF EDUCATION DISTRICT 1,,CARLOS CHARLIE GARZA,REP,321,18,79,0,418,339,79
El Paso,023-CARLOS RIVERA ELEMENTARY,MEMBER STATE BOARD OF EDUCATION DISTRICT 1,,MARTHA M. DOMINGUEZ,DEM,185,6,88,0,279,191,88
El Paso,023-CARLOS RIVERA ELEMENTARY,STATE SENATOR DISTRICT 29,,DAN CHAVEZ,REP,292,17,72,0,381,309,72
El Paso,023-CARLOS RIVERA ELEMENTARY,STATE SENATOR DISTRICT 29,,JOSE R. RODRIGUEZ,DEM,231,7,103,0,341,238,103
El Paso,023-CARLOS RIVERA ELEMENTARY,STATE REPRESENTATIVE DISTRICT 77,,MARISA MARQUEZ,DEM,281,8,122,0,411,289,122
El Paso,023-CARLOS RIVERA ELEMENTARY,"CHIEF JUSTICE, COURT OF APPEALS 8TH DISTRICT",,ANN CRAWFORD MCCLURE,DEM,273,8,112,0,393,281,112
El Paso,023-CARLOS RIVERA ELEMENTARY,"JUSTICE, 8TH COURT OF APPEALS DISTRICT, PLACE 2",,CHRIS ANTCLIFF,REP,372,17,87,0,476,389,87
El Paso,023-CARLOS RIVERA ELEMENTARY,"JUSTICE, 8TH COURT OF APPEALS DISTRICT, PLACE 2",,YVONNE RODRIGUEZ,DEM,154,6,84,0,244,160,84
El Paso,023-CARLOS RIVERA ELEMENTARY,"JUSTICE, 8TH COURT OF APPEALS DISTRICT, PLACE 3",,GUADALUPE LUPE RIVER,DEM,279,9,115,0,403,288,115
El Paso,023-CARLOS RIVERA ELEMENTARY,"DISTRICT JUDGE, 34TH JUDICIAL DISTRICT",,BILL MOODY,DEM,274,7,117,0,398,281,117
El Paso,023-CARLOS RIVERA ELEMENTARY,"DISTRICT JUDGE, 41ST JUDICIAL DISTRICT",,ANNA PEREZ,DEM,266,7,109,0,382,273,109
El Paso,023-CARLOS RIVERA ELEMENTARY,"DISTRICT JUDGE, 243RD JUDICIAL DISTRICT",,BILLY DON HICKS,REP,365,16,93,0,474,381,93
El Paso,023-CARLOS RIVERA ELEMENTARY,"DISTRICT JUDGE, 243RD JUDICIAL DISTRICT",,LUIS AGUILAR,DEM,156,7,79,0,242,163,79
El Paso,023-CARLOS RIVERA ELEMENTARY,"DISTRICT JUDGE, 346TH JUDICIAL DISTRICT",,ANGIE J. BARILL,DEM,269,7,110,0,386,276,110
El Paso,023-CARLOS RIVERA ELEMENTARY,"DISTRICT JUDGE, 383RD JUDICIAL DISTRICT",,MIKE HERRERA,DEM,258,9,107,0,374,267,107
El Paso,023-CARLOS RIVERA ELEMENTARY,"DISTRICT JUDGE, 384TH JUDICIAL DISTRICT",,PATRICK M. GARCIA,DEM,255,8,107,0,370,263,107
El Paso,023-CARLOS RIVERA ELEMENTARY,"DISTRICT JUDGE, 388TH JUDICIAL DISTRICT",,LAURA STRATHMANN,DEM,271,7,109,0,387,278,109
El Paso,023-CARLOS RIVERA ELEMENTARY,"DISTRICT JUDGE, 409TH JUDICIAL DISTRICT",,SAM MEDRANO JR,DEM,260,7,106,0,373,267,106
El Paso,023-CARLOS RIVERA ELEMENTARY,"DISTRICT JUDGE, 448TH JUDICIAL DISTRICT",,SERGIO H. ENRIQUEZ,DEM,262,8,108,0,378,270,108
El Paso,023-CARLOS RIVERA ELEMENTARY,"CRIMINAL DISTRICT JUDGE, COURT NO. 1",,DIANE NAVARRETE,DEM,266,8,106,0,380,274,106
El Paso,023-CARLOS RIVERA ELEMENTARY,"FAMILY DISTRICT JUDGE, 65TH JUDICIAL DISTRICT",,YAHARA L. GUTIERREZ,DEM,257,8,108,0,373,265,108
El Paso,023-CARLOS RIVERA ELEMENTARY,"DISTRICT ATTORNEY, 34TH JUDICIAL DISTRICT",,JAIME ESPARZA,DEM,284,11,112,0,407,295,112
El Paso,023-CARLOS RIVERA ELEMENTARY,"JUDGE, COUNTY CRIMINAL COURT NO. 3",,CARLOS CARRASCO,DEM,262,7,107,0,376,269,107
El Paso,023-CARLOS RIVERA ELEMENTARY,"JUDGE, COUNTY CRIMINAL COURT NO. 4",,JESUS HERRERA,DEM,263,8,107,0,378,271,107
El Paso,023-CARLOS RIVERA ELEMENTARY,COUNTY ATTORNEY,,JO ANNE BERNAL,DEM,279,8,110,0,397,287,110
El Paso,023-CARLOS RIVERA ELEMENTARY,SHERIFF,,RICHARD D. WILES,DEM,302,11,122,0,435,313,122
El Paso,023-CARLOS RIVERA ELEMENTARY,COUNTY TAX ASSESSOR COLLECTOR,,VICTOR A. FLORES,DEM,286,15,113,0,414,301,113
El Paso,023-CARLOS RIVERA ELEMENTARY,"CONSTABLE, PRECINCT NO. 7",,KING MERRITT,REP,303,17,71,0,391,320,71
El Paso,023-CARLOS RIVERA ELEMENTARY,"CONSTABLE, PRECINCT NO. 7",,ANGIE SOMMERS,DEM,201,6,96,0,303,207,96
El Paso,024-WEST HILLS U M C STEWARD CTR,"CITY OF EL PASO, PROPOSITION",,FOR (A FAVOR),NP,914,34,411,0,1359,948,411
El Paso,024-WEST HILLS U M C STEWARD CTR,"CITY OF EL PASO, PROPOSITION",,AGAINST (EN CONTRA),NP,374,9,93,0,476,383,93
El Paso,024-WEST HILLS U M C STEWARD CTR,"CITY OF EL PASO, PROPOSITION",,FOR (A FAVOR),NP,868,31,380,0,1279,899,380
El Paso,024-WEST HILLS U M C STEWARD CTR,"CITY OF EL PASO, PROPOSITION",,AGAINST (EN CONTRA),NP,400,12,118,0,530,412,118
El Paso,024-WEST HILLS U M C STEWARD CTR,"CITY OF EL PASO, PROPOSITION",,FOR (A FAVOR),NP,816,25,344,0,1185,841,344
El Paso,024-WEST HILLS U M C STEWARD CTR,"CITY OF EL PASO, PROPOSITION",,AGAINST (EN CONTRA),NP,464,21,160,0,645,485,160
El Paso,024-WEST HILLS U M C STEWARD CTR,STRAIGHT PARTY,,REPUBLICAN,REP,320,18,135,0,473,338,135
El Paso,024-WEST HILLS U M C STEWARD CTR,STRAIGHT PARTY,,DEMOCRAT,DEM,210,9,118,0,337,219,118
El Paso,024-WEST HILLS U M C STEWARD CTR,STRAIGHT PARTY,,LIBERTARIAN,LIB,2,0,3,0,5,2,3
El Paso,024-WEST HILLS U M C STEWARD CTR,STRAIGHT PARTY,,GREEN,GRN,2,0,3,0,5,2,3
El Paso,024-WEST HILLS U M C STEWARD CTR,US PRESIDENT,,MITT ROMNEY,REP,774,50,283,0,1107,824,283
El Paso,024-WEST HILLS U M C STEWARD CTR,US PRESIDENT,,BARACK OBAMA,DEM,512,20,225,0,757,532,225
El Paso,024-WEST HILLS U M C STEWARD CTR,US PRESIDENT,,GARY JOHNSON,LIB,11,0,10,0,21,11,10
El Paso,024-WEST HILLS U M C STEWARD CTR,US PRESIDENT,,JILL STEIN,GRN,3,0,4,0,7,3,4
El Paso,024-WEST HILLS U M C STEWARD CTR,US PRESIDENT,,WRITE-IN,NP,0,0,2,0,2,0,2
El Paso,024-WEST HILLS U M C STEWARD CTR,US SENATOR,,TED CRUZ,REP,739,42,262,0,1043,781,262
El Paso,024-WEST HILLS U M C STEWARD CTR,US SENATOR,,PAUL SADLER,DEM,491,20,212,0,723,511,212
El Paso,024-WEST HILLS U M C STEWARD CTR,US SENATOR,,JOHN JAY MYERS,LIB,15,0,11,0,26,15,11
El Paso,024-WEST HILLS U M C STEWARD CTR,US SENATOR,,DAVID B. COLLINS,GRN,11,3,10,0,24,14,10
El Paso,024-WEST HILLS U M C STEWARD CTR,US REP DISTRICT 16,,BARBARA CARRASCO,REP,533,32,204,0,769,565,204
El Paso,024-WEST HILLS U M C STEWARD CTR,US REP DISTRICT 16,,BETO OROURKE,DEM,745,28,300,0,1073,773,300
El Paso,024-WEST HILLS U M C STEWARD CTR,US REP DISTRICT 16,,JUNART SODOY,LIB,9,2,8,0,19,11,8
El Paso,024-WEST HILLS U M C STEWARD CTR,RAILROAD COMMISSIONER,,CHRISTI CRADDICK,REP,689,40,239,0,968,729,239
El Paso,024-WEST HILLS U M C STEWARD CTR,RAILROAD COMMISSIONER,,DALE HENRY,DEM,433,15,192,0,640,448,192
El Paso,024-WEST HILLS U M C STEWARD CTR,RAILROAD COMMISSIONER,,VIVEKANANDA (VIK) WA,LIB,31,0,14,0,45,31,14
El Paso,024-WEST HILLS U M C STEWARD CTR,RAILROAD COMMISSIONER,,CHRIS KENNEDY,GRN,52,1,16,0,69,53,16
El Paso,024-WEST HILLS U M C STEWARD CTR,RAILROAD COMMISSIONER,,BARRY SMITHERMAN,REP,731,39,273,0,1043,770,273
El Paso,024-WEST HILLS U M C STEWARD CTR,RAILROAD COMMISSIONER,,JAIME O. PEREZ,LIB,220,9,106,0,335,229,106
El Paso,024-WEST HILLS U M C STEWARD CTR,RAILROAD COMMISSIONER,,JOSH WENDEL,GRN,106,2,40,0,148,108,40
El Paso,024-WEST HILLS U M C STEWARD CTR,"JUSTICE, SUPREME COURT, PLACE 2",,DON WILLETT,REP,818,43,316,0,1177,861,316
El Paso,024-WEST HILLS U M C STEWARD CTR,"JUSTICE, SUPREME COURT, PLACE 2",,RS ROBERT KOELSCH,LIB,232,9,105,0,346,241,105
El Paso,024-WEST HILLS U M C STEWARD CTR,"JUSTICE, SUPREME COURT, PLACE 4",,JOHN DEVINE,REP,787,43,300,0,1130,830,300
El Paso,024-WEST HILLS U M C STEWARD CTR,"JUSTICE, SUPREME COURT, PLACE 4",,TOM OXFORD,LIB,169,9,79,0,257,178,79
El Paso,024-WEST HILLS U M C STEWARD CTR,"JUSTICE, SUPREME COURT, PLACE 4",,CHARLES E. WATERBURY,GRN,100,2,43,0,145,102,43
El Paso,024-WEST HILLS U M C STEWARD CTR,"JUSTICE, SUPREME COURT, PLACE 6",,NATHAN HECHT,REP,713,41,232,0,986,754,232
El Paso,024-WEST HILLS U M C STEWARD CTR,"JUSTICE, SUPREME COURT, PLACE 6",,MICHELE PETTY,DEM,447,13,208,0,668,460,208
El Paso,024-WEST HILLS U M C STEWARD CTR,"JUSTICE, SUPREME COURT, PLACE 6",,MARK ASH,LIB,34,2,19,0,55,36,19
El Paso,024-WEST HILLS U M C STEWARD CTR,"JUSTICE, SUPREME COURT, PLACE 6",,JIM CHISHOLM,GRN,23,0,8,0,31,23,8
El Paso,024-WEST HILLS U M C STEWARD CTR,"PRESIDING JUDGE, COURT OF CRIMINAL APPEALS",,SHARON KELLER,REP,678,40,245,0,963,718,245
El Paso,024-WEST HILLS U M C STEWARD CTR,"PRESIDING JUDGE, COURT OF CRIMINAL APPEALS",,KEITH HAMPTON,DEM,483,14,202,0,699,497,202
El Paso,024-WEST HILLS U M C STEWARD CTR,"PRESIDING JUDGE, COURT OF CRIMINAL APPEALS",,LANCE STOTT,LIB,41,2,21,0,64,43,21
El Paso,024-WEST HILLS U M C STEWARD CTR,"JUDGE, COURT OF CRIMINAL APPEALS, PLACE 7",,BARBARA PARKER HERVE,REP,804,43,298,0,1145,847,298
El Paso,024-WEST HILLS U M C STEWARD CTR,"JUDGE, COURT OF CRIMINAL APPEALS, PLACE 7",,MARK W. BENNETT,LIB,239,9,112,0,360,248,112
El Paso,024-WEST HILLS U M C STEWARD CTR,"JUDGE, COURT OF CRIMINAL APPEALS, PLACE 8",,ELSA ALCALA,REP,793,41,315,0,1149,834,315
El Paso,024-WEST HILLS U M C STEWARD CTR,"JUDGE, COURT OF CRIMINAL APPEALS, PLACE 8",,WILLIAM BRYAN STRANG,LIB,245,10,93,0,348,255,93
El Paso,024-WEST HILLS U M C STEWARD CTR,MEMBER STATE BOARD OF EDUCATION DISTRICT 1,,CARLOS CHARLIE GARZA,REP,704,39,247,0,990,743,247
El Paso,024-WEST HILLS U M C STEWARD CTR,MEMBER STATE BOARD OF EDUCATION DISTRICT 1,,MARTHA M. DOMINGUEZ,DEM,476,17,212,0,705,493,212
El Paso,024-WEST HILLS U M C STEWARD CTR,STATE SENATOR DISTRICT 29,,DAN CHAVEZ,REP,631,39,226,0,896,670,226
El Paso,024-WEST HILLS U M C STEWARD CTR,STATE SENATOR DISTRICT 29,,JOSE R. RODRIGUEZ,DEM,607,18,248,0,873,625,248
El Paso,024-WEST HILLS U M C STEWARD CTR,STATE REPRESENTATIVE DISTRICT 77,,MARISA MARQUEZ,DEM,700,25,296,0,1021,725,296
El Paso,024-WEST HILLS U M C STEWARD CTR,"CHIEF JUSTICE, COURT OF APPEALS 8TH DISTRICT",,ANN CRAWFORD MCCLURE,DEM,691,22,302,0,1015,713,302
El Paso,024-WEST HILLS U M C STEWARD CTR,"JUSTICE, 8TH COURT OF APPEALS DISTRICT, PLACE 2",,CHRIS ANTCLIFF,REP,829,43,266,0,1138,872,266
El Paso,024-WEST HILLS U M C STEWARD CTR,"JUSTICE, 8TH COURT OF APPEALS DISTRICT, PLACE 2",,YVONNE RODRIGUEZ,DEM,392,12,206,0,610,404,206
El Paso,024-WEST HILLS U M C STEWARD CTR,"JUSTICE, 8TH COURT OF APPEALS DISTRICT, PLACE 3",,GUADALUPE LUPE RIVER,DEM,691,22,290,0,1003,713,290
El Paso,024-WEST HILLS U M C STEWARD CTR,"DISTRICT JUDGE, 34TH JUDICIAL DISTRICT",,BILL MOODY,DEM,713,25,300,0,1038,738,300
El Paso,024-WEST HILLS U M C STEWARD CTR,"DISTRICT JUDGE, 41ST JUDICIAL DISTRICT",,ANNA PEREZ,DEM,666,20,284,0,970,686,284
El Paso,024-WEST HILLS U M C STEWARD CTR,"DISTRICT JUDGE, 243RD JUDICIAL DISTRICT",,BILLY DON HICKS,REP,793,42,269,0,1104,835,269
El Paso,024-WEST HILLS U M C STEWARD CTR,"DISTRICT JUDGE, 243RD JUDICIAL DISTRICT",,LUIS AGUILAR,DEM,431,12,209,0,652,443,209
El Paso,024-WEST HILLS U M C STEWARD CTR,"DISTRICT JUDGE, 346TH JUDICIAL DISTRICT",,ANGIE J. BARILL,DEM,662,22,282,0,966,684,282
El Paso,024-WEST HILLS U M C STEWARD CTR,"DISTRICT JUDGE, 383RD JUDICIAL DISTRICT",,MIKE HERRERA,DEM,653,22,284,0,959,675,284
El Paso,024-WEST HILLS U M C STEWARD CTR,"DISTRICT JUDGE, 384TH JUDICIAL DISTRICT",,PATRICK M. GARCIA,DEM,646,22,280,0,948,668,280
El Paso,024-WEST HILLS U M C STEWARD CTR,"DISTRICT JUDGE, 388TH JUDICIAL DISTRICT",,LAURA STRATHMANN,DEM,681,22,287,0,990,703,287
El Paso,024-WEST HILLS U M C STEWARD CTR,"DISTRICT JUDGE, 409TH JUDICIAL DISTRICT",,SAM MEDRANO JR,DEM,651,21,283,0,955,672,283
El Paso,024-WEST HILLS U M C STEWARD CTR,"DISTRICT JUDGE, 448TH JUDICIAL DISTRICT",,SERGIO H. ENRIQUEZ,DEM,643,22,278,0,943,665,278
El Paso,024-WEST HILLS U M C STEWARD CTR,"CRIMINAL DISTRICT JUDGE, COURT NO. 1",,DIANE NAVARRETE,DEM,655,22,281,0,958,677,281
El Paso,024-WEST HILLS U M C STEWARD CTR,"FAMILY DISTRICT JUDGE, 65TH JUDICIAL DISTRICT",,YAHARA L. GUTIERREZ,DEM,640,22,276,0,938,662,276
El Paso,024-WEST HILLS U M C STEWARD CTR,"DISTRICT ATTORNEY, 34TH JUDICIAL DISTRICT",,JAIME ESPARZA,DEM,703,24,299,0,1026,727,299
El Paso,024-WEST HILLS U M C STEWARD CTR,"JUDGE, COUNTY CRIMINAL COURT NO. 3",,CARLOS CARRASCO,DEM,660,21,279,0,960,681,279
El Paso,024-WEST HILLS U M C STEWARD CTR,"JUDGE, COUNTY CRIMINAL COURT NO. 4",,JESUS HERRERA,DEM,649,22,282,0,953,671,282
El Paso,024-WEST HILLS U M C STEWARD CTR,COUNTY ATTORNEY,,JO ANNE BERNAL,DEM,673,23,286,0,982,696,286
El Paso,024-WEST HILLS U M C STEWARD CTR,SHERIFF,,RICHARD D. WILES,DEM,760,25,309,0,1094,785,309
El Paso,024-WEST HILLS U M C STEWARD CTR,COUNTY TAX ASSESSOR COLLECTOR,,VICTOR A. FLORES,DEM,723,31,298,0,1052,754,298
El Paso,024-WEST HILLS U M C STEWARD CTR,"CONSTABLE, PRECINCT NO. 1",,ROBERT WHITE,DEM,668,24,288,0,980,692,288
El Paso,025-DR GREEN ELEMENTARY,"CITY OF EL PASO, PROPOSITION",,FOR (A FAVOR),NP,504,32,294,0,830,536,294
El Paso,025-DR GREEN ELEMENTARY,"CITY OF EL PASO, PROPOSITION",,AGAINST (EN CONTRA),NP,191,8,66,0,265,199,66
El Paso,025-DR GREEN ELEMENTARY,"CITY OF EL PASO, PROPOSITION",,FOR (A FAVOR),NP,485,30,271,0,786,515,271
El Paso,025-DR GREEN ELEMENTARY,"CITY OF EL PASO, PROPOSITION",,AGAINST (EN CONTRA),NP,202,10,83,0,295,212,83
El Paso,025-DR GREEN ELEMENTARY,"CITY OF EL PASO, PROPOSITION",,FOR (A FAVOR),NP,422,21,233,0,676,443,233
El Paso,025-DR GREEN ELEMENTARY,"CITY OF EL PASO, PROPOSITION",,AGAINST (EN CONTRA),NP,268,20,121,0,409,288,121
El Paso,025-DR GREEN ELEMENTARY,STRAIGHT PARTY,,REPUBLICAN,REP,146,15,73,0,234,161,73
El Paso,025-DR GREEN ELEMENTARY,STRAIGHT PARTY,,DEMOCRAT,DEM,194,4,135,0,333,198,135
El Paso,025-DR GREEN ELEMENTARY,STRAIGHT PARTY,,LIBERTARIAN,LIB,4,0,4,0,8,4,4
El Paso,025-DR GREEN ELEMENTARY,STRAIGHT PARTY,,GREEN,GRN,0,0,1,0,1,0,1
El Paso,025-DR GREEN ELEMENTARY,US PRESIDENT,,MITT ROMNEY,REP,322,22,141,0,485,344,141
El Paso,025-DR GREEN ELEMENTARY,US PRESIDENT,,BARACK OBAMA,DEM,379,22,215,0,616,401,215
El Paso,025-DR GREEN ELEMENTARY,US PRESIDENT,,GARY JOHNSON,LIB,5,1,6,0,12,6,6
El Paso,025-DR GREEN ELEMENTARY,US PRESIDENT,,JILL STEIN,GRN,2,0,3,0,5,2,3
El Paso,025-DR GREEN ELEMENTARY,US PRESIDENT,,WRITE-IN,NP,3,0,2,0,5,3,2
El Paso,025-DR GREEN ELEMENTARY,US SENATOR,,TED CRUZ,REP,336,21,137,0,494,357,137
El Paso,025-DR GREEN ELEMENTARY,US SENATOR,,PAUL SADLER,DEM,329,19,199,0,547,348,199
El Paso,025-DR GREEN ELEMENTARY,US SENATOR,,JOHN JAY MYERS,LIB,13,2,13,0,28,15,13
El Paso,025-DR GREEN ELEMENTARY,US SENATOR,,DAVID B. COLLINS,GRN,10,0,6,0,16,10,6
El Paso,025-DR GREEN ELEMENTARY,US REP DISTRICT 16,,BARBARA CARRASCO,REP,251,20,123,0,394,271,123
El Paso,025-DR GREEN ELEMENTARY,US REP DISTRICT 16,,BETO OROURKE,DEM,444,23,229,0,696,467,229
El Paso,025-DR GREEN ELEMENTARY,US REP DISTRICT 16,,JUNART SODOY,LIB,5,3,9,0,17,8,9
El Paso,025-DR GREEN ELEMENTARY,RAILROAD COMMISSIONER,,CHRISTI CRADDICK,REP,295,22,122,0,439,317,122
El Paso,025-DR GREEN ELEMENTARY,RAILROAD COMMISSIONER,,DALE HENRY,DEM,315,14,196,0,525,329,196
El Paso,025-DR GREEN ELEMENTARY,RAILROAD COMMISSIONER,,VIVEKANANDA (VIK) WA,LIB,24,2,9,0,35,26,9
El Paso,025-DR GREEN ELEMENTARY,RAILROAD COMMISSIONER,,CHRIS KENNEDY,GRN,24,0,14,0,38,24,14
El Paso,025-DR GREEN ELEMENTARY,RAILROAD COMMISSIONER,,BARRY SMITHERMAN,REP,336,25,151,0,512,361,151
El Paso,025-DR GREEN ELEMENTARY,RAILROAD COMMISSIONER,,JAIME O. PEREZ,LIB,157,9,121,0,287,166,121
El Paso,025-DR GREEN ELEMENTARY,RAILROAD COMMISSIONER,,JOSH WENDEL,GRN,73,1,37,0,111,74,37
El Paso,025-DR GREEN ELEMENTARY,"JUSTICE, SUPREME COURT, PLACE 2",,DON WILLETT,REP,367,28,184,0,579,395,184
El Paso,025-DR GREEN ELEMENTARY,"JUSTICE, SUPREME COURT, PLACE 2",,RS ROBERT KOELSCH,LIB,183,7,125,0,315,190,125
El Paso,025-DR GREEN ELEMENTARY,"JUSTICE, SUPREME COURT, PLACE 4",,JOHN DEVINE,REP,351,26,155,0,532,377,155
El Paso,025-DR GREEN ELEMENTARY,"JUSTICE, SUPREME COURT, PLACE 4",,TOM OXFORD,LIB,130,8,103,0,241,138,103
El Paso,025-DR GREEN ELEMENTARY,"JUSTICE, SUPREME COURT, PLACE 4",,CHARLES E. WATERBURY,GRN,77,2,49,0,128,79,49
El Paso,025-DR GREEN ELEMENTARY,"JUSTICE, SUPREME COURT, PLACE 6",,NATHAN HECHT,REP,289,21,118,0,428,310,118
El Paso,025-DR GREEN ELEMENTARY,"JUSTICE, SUPREME COURT, PLACE 6",,MICHELE PETTY,DEM,336,17,196,0,549,353,196
El Paso,025-DR GREEN ELEMENTARY,"JUSTICE, SUPREME COURT, PLACE 6",,MARK ASH,LIB,22,1,20,0,43,23,20
El Paso,025-DR GREEN ELEMENTARY,"JUSTICE, SUPREME COURT, PLACE 6",,JIM CHISHOLM,GRN,16,0,10,0,26,16,10
El Paso,025-DR GREEN ELEMENTARY,"PRESIDING JUDGE, COURT OF CRIMINAL APPEALS",,SHARON KELLER,REP,310,20,129,0,459,330,129
El Paso,025-DR GREEN ELEMENTARY,"PRESIDING JUDGE, COURT OF CRIMINAL APPEALS",,KEITH HAMPTON,DEM,327,16,200,0,543,343,200
El Paso,025-DR GREEN ELEMENTARY,"PRESIDING JUDGE, COURT OF CRIMINAL APPEALS",,LANCE STOTT,LIB,27,2,15,0,44,29,15
El Paso,025-DR GREEN ELEMENTARY,"JUDGE, COURT OF CRIMINAL APPEALS, PLACE 7",,BARBARA PARKER HERVE,REP,363,26,179,0,568,389,179
El Paso,025-DR GREEN ELEMENTARY,"JUDGE, COURT OF CRIMINAL APPEALS, PLACE 7",,MARK W. BENNETT,LIB,182,10,128,0,320,192,128
El Paso,025-DR GREEN ELEMENTARY,"JUDGE, COURT OF CRIMINAL APPEALS, PLACE 8",,ELSA ALCALA,REP,369,28,192,0,589,397,192
El Paso,025-DR GREEN ELEMENTARY,"JUDGE, COURT OF CRIMINAL APPEALS, PLACE 8",,WILLIAM BRYAN STRANG,LIB,171,8,116,0,295,179,116
El Paso,025-DR GREEN ELEMENTARY,MEMBER STATE BOARD OF EDUCATION DISTRICT 1,,CARLOS CHARLIE GARZA,REP,308,22,131,0,461,330,131
El Paso,025-DR GREEN ELEMENTARY,MEMBER STATE BOARD OF EDUCATION DISTRICT 1,,MARTHA M. DOMINGUEZ,DEM,353,16,214,0,583,369,214
El Paso,025-DR GREEN ELEMENTARY,STATE SENATOR DISTRICT 29,,DAN CHAVEZ,REP,290,24,126,0,440,314,126
El Paso,025-DR GREEN ELEMENTARY,STATE SENATOR DISTRICT 29,,JOSE R. RODRIGUEZ,DEM,385,15,221,0,621,400,221
El Paso,025-DR GREEN ELEMENTARY,STATE REPRESENTATIVE DISTRICT 77,,MARISA MARQUEZ,DEM,450,20,245,0,715,470,245
El Paso,025-DR GREEN ELEMENTARY,"CHIEF JUSTICE, COURT OF APPEALS 8TH DISTRICT",,ANN CRAWFORD MCCLURE,DEM,450,21,244,0,715,471,244
El Paso,025-DR GREEN ELEMENTARY,"JUSTICE, 8TH COURT OF APPEALS DISTRICT, PLACE 2",,CHRIS ANTCLIFF,REP,343,24,148,0,515,367,148
El Paso,025-DR GREEN ELEMENTARY,"JUSTICE, 8TH COURT OF APPEALS DISTRICT, PLACE 2",,YVONNE RODRIGUEZ,DEM,331,15,198,0,544,346,198
El Paso,025-DR GREEN ELEMENTARY,"JUSTICE, 8TH COURT OF APPEALS DISTRICT, PLACE 3",,GUADALUPE LUPE RIVER,DEM,450,23,243,0,716,473,243
El Paso,025-DR GREEN ELEMENTARY,"DISTRICT JUDGE, 34TH JUDICIAL DISTRICT",,BILL MOODY,DEM,456,21,248,0,725,477,248
El Paso,025-DR GREEN ELEMENTARY,"DISTRICT JUDGE, 41ST JUDICIAL DISTRICT",,ANNA PEREZ,DEM,435,20,242,0,697,455,242
El Paso,025-DR GREEN ELEMENTARY,"DISTRICT JUDGE, 243RD JUDICIAL DISTRICT",,BILLY DON HICKS,REP,343,25,143,0,511,368,143
El Paso,025-DR GREEN ELEMENTARY,"DISTRICT JUDGE, 243RD JUDICIAL DISTRICT",,LUIS AGUILAR,DEM,326,13,203,0,542,339,203
El Paso,025-DR GREEN ELEMENTARY,"DISTRICT JUDGE, 346TH JUDICIAL DISTRICT",,ANGIE J. BARILL,DEM,440,20,238,0,698,460,238
El Paso,025-DR GREEN ELEMENTARY,"DISTRICT JUDGE, 383RD JUDICIAL DISTRICT",,MIKE HERRERA,DEM,432,20,234,0,686,452,234
El Paso,025-DR GREEN ELEMENTARY,"DISTRICT JUDGE, 384TH JUDICIAL DISTRICT",,PATRICK M. GARCIA,DEM,433,20,232,0,685,453,232
El Paso,025-DR GREEN ELEMENTARY,"DISTRICT JUDGE, 388TH JUDICIAL DISTRICT",,LAURA STRATHMANN,DEM,447,20,232,0,699,467,232
El Paso,025-DR GREEN ELEMENTARY,"DISTRICT JUDGE, 409TH JUDICIAL DISTRICT",,SAM MEDRANO JR,DEM,432,20,231,0,683,452,231
El Paso,025-DR GREEN ELEMENTARY,"DISTRICT JUDGE, 448TH JUDICIAL DISTRICT",,SERGIO H. ENRIQUEZ,DEM,430,20,229,0,679,450,229
El Paso,025-DR GREEN ELEMENTARY,"CRIMINAL DISTRICT JUDGE, COURT NO. 1",,DIANE NAVARRETE,DEM,433,20,232,0,685,453,232
El Paso,025-DR GREEN ELEMENTARY,"FAMILY DISTRICT JUDGE, 65TH JUDICIAL DISTRICT",,YAHARA L. GUTIERREZ,DEM,426,20,231,0,677,446,231
El Paso,025-DR GREEN ELEMENTARY,"DISTRICT ATTORNEY, 34TH JUDICIAL DISTRICT",,JAIME ESPARZA,DEM,435,20,240,0,695,455,240
El Paso,025-DR GREEN ELEMENTARY,"JUDGE, COUNTY CRIMINAL COURT NO. 3",,CARLOS CARRASCO,DEM,431,20,234,0,685,451,234
El Paso,025-DR GREEN ELEMENTARY,"JUDGE, COUNTY CRIMINAL COURT NO. 4",,JESUS HERRERA,DEM,426,20,232,0,678,446,232
El Paso,025-DR GREEN ELEMENTARY,COUNTY ATTORNEY,,JO ANNE BERNAL,DEM,439,20,232,0,691,459,232
El Paso,025-DR GREEN ELEMENTARY,SHERIFF,,RICHARD D. WILES,DEM,455,20,241,0,716,475,241
El Paso,025-DR GREEN ELEMENTARY,COUNTY TAX ASSESSOR COLLECTOR,,VICTOR A. FLORES,DEM,445,23,236,0,704,468,236
El Paso,025-DR GREEN ELEMENTARY,"CONSTABLE, PRECINCT NO. 1",,ROBERT WHITE,DEM,427,18,231,0,676,445,231
El Paso,026-PUTNAM ELEMENTARY,"CITY OF EL PASO, PROPOSITION",,FOR (A FAVOR),NP,361,16,294,2,673,377,296
El Paso,026-PUTNAM ELEMENTARY,"CITY OF EL PASO, PROPOSITION",,AGAINST (EN CONTRA),NP,179,6,97,0,282,185,97
El Paso,026-PUTNAM ELEMENTARY,"CITY OF EL PASO, PROPOSITION",,FOR (A FAVOR),NP,347,16,269,2,634,363,271
El Paso,026-PUTNAM ELEMENTARY,"CITY OF EL PASO, PROPOSITION",,AGAINST (EN CONTRA),NP,185,6,114,0,305,191,114
El Paso,026-PUTNAM ELEMENTARY,"CITY OF EL PASO, PROPOSITION",,FOR (A FAVOR),NP,289,12,260,1,562,301,261
El Paso,026-PUTNAM ELEMENTARY,"CITY OF EL PASO, PROPOSITION",,AGAINST (EN CONTRA),NP,243,9,128,1,381,252,129
El Paso,026-PUTNAM ELEMENTARY,STRAIGHT PARTY,,REPUBLICAN,REP,116,5,78,0,199,121,78
El Paso,026-PUTNAM ELEMENTARY,STRAIGHT PARTY,,DEMOCRAT,DEM,141,6,149,1,297,147,150
El Paso,026-PUTNAM ELEMENTARY,STRAIGHT PARTY,,LIBERTARIAN,LIB,2,0,0,0,2,2,0
El Paso,026-PUTNAM ELEMENTARY,STRAIGHT PARTY,,GREEN,GRN,2,0,1,0,3,2,1
El Paso,026-PUTNAM ELEMENTARY,US PRESIDENT,,MITT ROMNEY,REP,262,18,142,0,422,280,142
El Paso,026-PUTNAM ELEMENTARY,US PRESIDENT,,BARACK OBAMA,DEM,282,9,249,2,542,291,251
El Paso,026-PUTNAM ELEMENTARY,US PRESIDENT,,GARY JOHNSON,LIB,3,0,4,0,7,3,4
El Paso,026-PUTNAM ELEMENTARY,US PRESIDENT,,JILL STEIN,GRN,1,1,2,0,4,2,2
El Paso,026-PUTNAM ELEMENTARY,US PRESIDENT,,WRITE-IN,NP,0,0,0,0,0,0,0
El Paso,026-PUTNAM ELEMENTARY,US SENATOR,,TED CRUZ,REP,261,18,149,0,428,279,149
El Paso,026-PUTNAM ELEMENTARY,US SENATOR,,PAUL SADLER,DEM,262,9,227,2,500,271,229
El Paso,026-PUTNAM ELEMENTARY,US SENATOR,,JOHN JAY MYERS,LIB,8,0,7,0,15,8,7
El Paso,026-PUTNAM ELEMENTARY,US SENATOR,,DAVID B. COLLINS,GRN,2,1,5,0,8,3,5
El Paso,026-PUTNAM ELEMENTARY,US REP DISTRICT 16,,BARBARA CARRASCO,REP,224,11,137,0,372,235,137
El Paso,026-PUTNAM ELEMENTARY,US REP DISTRICT 16,,BETO OROURKE,DEM,310,15,251,2,578,325,253
El Paso,026-PUTNAM ELEMENTARY,US REP DISTRICT 16,,JUNART SODOY,LIB,6,2,6,0,14,8,6
El Paso,026-PUTNAM ELEMENTARY,RAILROAD COMMISSIONER,,CHRISTI CRADDICK,REP,238,13,120,0,371,251,120
El Paso,026-PUTNAM ELEMENTARY,RAILROAD COMMISSIONER,,DALE HENRY,DEM,243,8,223,1,475,251,224
El Paso,026-PUTNAM ELEMENTARY,RAILROAD COMMISSIONER,,VIVEKANANDA (VIK) WA,LIB,14,3,10,1,28,17,11
El Paso,026-PUTNAM ELEMENTARY,RAILROAD COMMISSIONER,,CHRIS KENNEDY,GRN,15,1,19,0,35,16,19
El Paso,026-PUTNAM ELEMENTARY,RAILROAD COMMISSIONER,,BARRY SMITHERMAN,REP,268,15,153,0,436,283,153
El Paso,026-PUTNAM ELEMENTARY,RAILROAD COMMISSIONER,,JAIME O. PEREZ,LIB,124,3,125,0,252,127,125
El Paso,026-PUTNAM ELEMENTARY,RAILROAD COMMISSIONER,,JOSH WENDEL,GRN,55,2,37,1,95,57,38
El Paso,026-PUTNAM ELEMENTARY,"JUSTICE, SUPREME COURT, PLACE 2",,DON WILLETT,REP,300,13,203,0,516,313,203
El Paso,026-PUTNAM ELEMENTARY,"JUSTICE, SUPREME COURT, PLACE 2",,RS ROBERT KOELSCH,LIB,125,5,112,1,243,130,113
El Paso,026-PUTNAM ELEMENTARY,"JUSTICE, SUPREME COURT, PLACE 4",,JOHN DEVINE,REP,283,15,178,0,476,298,178
El Paso,026-PUTNAM ELEMENTARY,"JUSTICE, SUPREME COURT, PLACE 4",,TOM OXFORD,LIB,102,1,89,0,192,103,89
El Paso,026-PUTNAM ELEMENTARY,"JUSTICE, SUPREME COURT, PLACE 4",,CHARLES E. WATERBURY,GRN,50,3,48,1,102,53,49
El Paso,026-PUTNAM ELEMENTARY,"JUSTICE, SUPREME COURT, PLACE 6",,NATHAN HECHT,REP,225,14,123,0,362,239,123
El Paso,026-PUTNAM ELEMENTARY,"JUSTICE, SUPREME COURT, PLACE 6",,MICHELE PETTY,DEM,254,9,229,1,493,263,230
El Paso,026-PUTNAM ELEMENTARY,"JUSTICE, SUPREME COURT, PLACE 6",,MARK ASH,LIB,19,1,10,0,30,20,10
El Paso,026-PUTNAM ELEMENTARY,"JUSTICE, SUPREME COURT, PLACE 6",,JIM CHISHOLM,GRN,10,1,10,1,22,11,11
El Paso,026-PUTNAM ELEMENTARY,"PRESIDING JUDGE, COURT OF CRIMINAL APPEALS",,SHARON KELLER,REP,242,14,136,0,392,256,136
El Paso,026-PUTNAM ELEMENTARY,"PRESIDING JUDGE, COURT OF CRIMINAL APPEALS",,KEITH HAMPTON,DEM,249,9,219,1,478,258,220
El Paso,026-PUTNAM ELEMENTARY,"PRESIDING JUDGE, COURT OF CRIMINAL APPEALS",,LANCE STOTT,LIB,19,1,15,1,36,20,16
El Paso,026-PUTNAM ELEMENTARY,"JUDGE, COURT OF CRIMINAL APPEALS, PLACE 7",,BARBARA PARKER HERVE,REP,311,14,212,0,537,325,212
El Paso,026-PUTNAM ELEMENTARY,"JUDGE, COURT OF CRIMINAL APPEALS, PLACE 7",,MARK W. BENNETT,LIB,124,5,97,1,227,129,98
El Paso,026-PUTNAM ELEMENTARY,"JUDGE, COURT OF CRIMINAL APPEALS, PLACE 8",,ELSA ALCALA,REP,303,13,211,0,527,316,211
El Paso,026-PUTNAM ELEMENTARY,"JUDGE, COURT OF CRIMINAL APPEALS, PLACE 8",,WILLIAM BRYAN STRANG,LIB,133,5,100,1,239,138,101
El Paso,026-PUTNAM ELEMENTARY,MEMBER STATE BOARD OF EDUCATION DISTRICT 1,,CARLOS CHARLIE GARZA,REP,239,15,135,0,389,254,135
El Paso,026-PUTNAM ELEMENTARY,MEMBER STATE BOARD OF EDUCATION DISTRICT 1,,MARTHA M. DOMINGUEZ,DEM,266,10,242,2,520,276,244
El Paso,026-PUTNAM ELEMENTARY,STATE SENATOR DISTRICT 29,,DAN CHAVEZ,REP,221,13,127,0,361,234,127
El Paso,026-PUTNAM ELEMENTARY,STATE SENATOR DISTRICT 29,,JOSE R. RODRIGUEZ,DEM,307,9,250,2,568,316,252
El Paso,026-PUTNAM ELEMENTARY,STATE REPRESENTATIVE DISTRICT 77,,MARISA MARQUEZ,DEM,332,15,265,2,614,347,267
El Paso,026-PUTNAM ELEMENTARY,"CHIEF JUSTICE, COURT OF APPEALS 8TH DISTRICT",,ANN CRAWFORD MCCLURE,DEM,329,16,257,2,604,345,259
El Paso,026-PUTNAM ELEMENTARY,"JUSTICE, 8TH COURT OF APPEALS DISTRICT, PLACE 2",,CHRIS ANTCLIFF,REP,267,16,151,0,434,283,151
El Paso,026-PUTNAM ELEMENTARY,"JUSTICE, 8TH COURT OF APPEALS DISTRICT, PLACE 2",,YVONNE RODRIGUEZ,DEM,252,9,220,2,483,261,222
El Paso,026-PUTNAM ELEMENTARY,"JUSTICE, 8TH COURT OF APPEALS DISTRICT, PLACE 3",,GUADALUPE LUPE RIVER,DEM,333,17,263,2,615,350,265
El Paso,026-PUTNAM ELEMENTARY,"DISTRICT JUDGE, 34TH JUDICIAL DISTRICT",,BILL MOODY,DEM,341,14,270,2,627,355,272
El Paso,026-PUTNAM ELEMENTARY,"DISTRICT JUDGE, 41ST JUDICIAL DISTRICT",,ANNA PEREZ,DEM,324,15,259,2,600,339,261
El Paso,026-PUTNAM ELEMENTARY,"DISTRICT JUDGE, 243RD JUDICIAL DISTRICT",,BILLY DON HICKS,REP,262,15,151,0,428,277,151
El Paso,026-PUTNAM ELEMENTARY,"DISTRICT JUDGE, 243RD JUDICIAL DISTRICT",,LUIS AGUILAR,DEM,256,10,224,2,492,266,226
El Paso,026-PUTNAM ELEMENTARY,"DISTRICT JUDGE, 346TH JUDICIAL DISTRICT",,ANGIE J. BARILL,DEM,321,15,250,2,588,336,252
El Paso,026-PUTNAM ELEMENTARY,"DISTRICT JUDGE, 383RD JUDICIAL DISTRICT",,MIKE HERRERA,DEM,321,15,256,2,594,336,258
El Paso,026-PUTNAM ELEMENTARY,"DISTRICT JUDGE, 384TH JUDICIAL DISTRICT",,PATRICK M. GARCIA,DEM,319,15,251,2,587,334,253
El Paso,026-PUTNAM ELEMENTARY,"DISTRICT JUDGE, 388TH JUDICIAL DISTRICT",,LAURA STRATHMANN,DEM,326,15,262,2,605,341,264
El Paso,026-PUTNAM ELEMENTARY,"DISTRICT JUDGE, 409TH JUDICIAL DISTRICT",,SAM MEDRANO JR,DEM,321,15,253,2,591,336,255
El Paso,026-PUTNAM ELEMENTARY,"DISTRICT JUDGE, 448TH JUDICIAL DISTRICT",,SERGIO H. ENRIQUEZ,DEM,314,15,252,2,583,329,254
El Paso,026-PUTNAM ELEMENTARY,"CRIMINAL DISTRICT JUDGE, COURT NO. 1",,DIANE NAVARRETE,DEM,317,15,252,2,586,332,254
El Paso,026-PUTNAM ELEMENTARY,"FAMILY DISTRICT JUDGE, 65TH JUDICIAL DISTRICT",,YAHARA L. GUTIERREZ,DEM,317,15,251,2,585,332,253
El Paso,026-PUTNAM ELEMENTARY,"DISTRICT ATTORNEY, 34TH JUDICIAL DISTRICT",,JAIME ESPARZA,DEM,340,15,267,2,624,355,269
El Paso,026-PUTNAM ELEMENTARY,"JUDGE, COUNTY CRIMINAL COURT NO. 3",,CARLOS CARRASCO,DEM,317,15,250,2,584,332,252
El Paso,026-PUTNAM ELEMENTARY,"JUDGE, COUNTY CRIMINAL COURT NO. 4",,JESUS HERRERA,DEM,320,15,252,2,589,335,254
El Paso,026-PUTNAM ELEMENTARY,COUNTY ATTORNEY,,JO ANNE BERNAL,DEM,328,15,253,2,598,343,255
El Paso,026-PUTNAM ELEMENTARY,SHERIFF,,RICHARD D. WILES,DEM,350,14,281,2,647,364,283
El Paso,026-PUTNAM ELEMENTARY,COUNTY TAX ASSESSOR COLLECTOR,,VICTOR A. FLORES,DEM,340,20,265,2,627,360,267
El Paso,026-PUTNAM ELEMENTARY,"CONSTABLE, PRECINCT NO. 1",,ROBERT WHITE,DEM,329,15,266,2,612,344,268
El Paso,027-PUTNAM ELEMENTARY,"CITY OF EL PASO, PROPOSITION",,FOR (A FAVOR),NP,331,8,228,0,567,339,228
El Paso,027-PUTNAM ELEMENTARY,"CITY OF EL PASO, PROPOSITION",,AGAINST (EN CONTRA),NP,166,1,81,0,248,167,81
El Paso,027-PUTNAM ELEMENTARY,"CITY OF EL PASO, PROPOSITION",,FOR (A FAVOR),NP,318,6,212,0,536,324,212
El Paso,027-PUTNAM ELEMENTARY,"CITY OF EL PASO, PROPOSITION",,AGAINST (EN CONTRA),NP,165,3,90,0,258,168,90
El Paso,027-PUTNAM ELEMENTARY,"CITY OF EL PASO, PROPOSITION",,FOR (A FAVOR),NP,271,4,182,0,457,275,182
El Paso,027-PUTNAM ELEMENTARY,"CITY OF EL PASO, PROPOSITION",,AGAINST (EN CONTRA),NP,220,3,126,0,349,223,126
El Paso,027-PUTNAM ELEMENTARY,STRAIGHT PARTY,,REPUBLICAN,REP,98,6,45,0,149,104,45
El Paso,027-PUTNAM ELEMENTARY,STRAIGHT PARTY,,DEMOCRAT,DEM,152,5,138,0,295,157,138
El Paso,027-PUTNAM ELEMENTARY,STRAIGHT PARTY,,LIBERTARIAN,LIB,0,0,3,0,3,0,3
El Paso,027-PUTNAM ELEMENTARY,STRAIGHT PARTY,,GREEN,GRN,0,0,2,0,2,0,2
El Paso,027-PUTNAM ELEMENTARY,US PRESIDENT,,MITT ROMNEY,REP,199,8,96,0,303,207,96
El Paso,027-PUTNAM ELEMENTARY,US PRESIDENT,,BARACK OBAMA,DEM,292,6,206,0,504,298,206
El Paso,027-PUTNAM ELEMENTARY,US PRESIDENT,,GARY JOHNSON,LIB,6,0,9,0,15,6,9
El Paso,027-PUTNAM ELEMENTARY,US PRESIDENT,,JILL STEIN,GRN,1,0,3,0,4,1,3
El Paso,027-PUTNAM ELEMENTARY,US PRESIDENT,,WRITE-IN,NP,2,0,1,0,3,2,1
El Paso,027-PUTNAM ELEMENTARY,US SENATOR,,TED CRUZ,REP,202,7,99,0,308,209,99
El Paso,027-PUTNAM ELEMENTARY,US SENATOR,,PAUL SADLER,DEM,275,7,186,0,468,282,186
El Paso,027-PUTNAM ELEMENTARY,US SENATOR,,JOHN JAY MYERS,LIB,8,0,10,0,18,8,10
El Paso,027-PUTNAM ELEMENTARY,US SENATOR,,DAVID B. COLLINS,GRN,5,0,9,0,14,5,9
El Paso,027-PUTNAM ELEMENTARY,US REP DISTRICT 16,,BARBARA CARRASCO,REP,181,7,101,0,289,188,101
El Paso,027-PUTNAM ELEMENTARY,US REP DISTRICT 16,,BETO OROURKE,DEM,315,7,200,0,522,322,200
El Paso,027-PUTNAM ELEMENTARY,US REP DISTRICT 16,,JUNART SODOY,LIB,5,0,14,0,19,5,14
El Paso,027-PUTNAM ELEMENTARY,RAILROAD COMMISSIONER,,CHRISTI CRADDICK,REP,183,8,83,0,274,191,83
El Paso,027-PUTNAM ELEMENTARY,RAILROAD COMMISSIONER,,DALE HENRY,DEM,269,5,184,0,458,274,184
El Paso,027-PUTNAM ELEMENTARY,RAILROAD COMMISSIONER,,VIVEKANANDA (VIK) WA,LIB,8,0,13,0,21,8,13
El Paso,027-PUTNAM ELEMENTARY,RAILROAD COMMISSIONER,,CHRIS KENNEDY,GRN,12,0,12,0,24,12,12
El Paso,027-PUTNAM ELEMENTARY,RAILROAD COMMISSIONER,,BARRY SMITHERMAN,REP,206,8,117,0,331,214,117
El Paso,027-PUTNAM ELEMENTARY,RAILROAD COMMISSIONER,,JAIME O. PEREZ,LIB,136,0,87,0,223,136,87
El Paso,027-PUTNAM ELEMENTARY,RAILROAD COMMISSIONER,,JOSH WENDEL,GRN,50,1,34,0,85,51,34
El Paso,027-PUTNAM ELEMENTARY,"JUSTICE, SUPREME COURT, PLACE 2",,DON WILLETT,REP,249,8,130,0,387,257,130
El Paso,027-PUTNAM ELEMENTARY,"JUSTICE, SUPREME COURT, PLACE 2",,RS ROBERT KOELSCH,LIB,136,0,101,0,237,136,101
El Paso,027-PUTNAM ELEMENTARY,"JUSTICE, SUPREME COURT, PLACE 4",,JOHN DEVINE,REP,231,8,116,0,355,239,116
El Paso,027-PUTNAM ELEMENTARY,"JUSTICE, SUPREME COURT, PLACE 4",,TOM OXFORD,LIB,98,0,72,0,170,98,72
El Paso,027-PUTNAM ELEMENTARY,"JUSTICE, SUPREME COURT, PLACE 4",,CHARLES E. WATERBURY,GRN,54,1,42,0,97,55,42
El Paso,027-PUTNAM ELEMENTARY,"JUSTICE, SUPREME COURT, PLACE 6",,NATHAN HECHT,REP,177,7,74,0,258,184,74
El Paso,027-PUTNAM ELEMENTARY,"JUSTICE, SUPREME COURT, PLACE 6",,MICHELE PETTY,DEM,282,5,196,0,483,287,196
El Paso,027-PUTNAM ELEMENTARY,"JUSTICE, SUPREME COURT, PLACE 6",,MARK ASH,LIB,7,0,17,0,24,7,17
El Paso,027-PUTNAM ELEMENTARY,"JUSTICE, SUPREME COURT, PLACE 6",,JIM CHISHOLM,GRN,8,0,5,0,13,8,5
El Paso,027-PUTNAM ELEMENTARY,"PRESIDING JUDGE, COURT OF CRIMINAL APPEALS",,SHARON KELLER,REP,189,8,87,0,284,197,87
El Paso,027-PUTNAM ELEMENTARY,"PRESIDING JUDGE, COURT OF CRIMINAL APPEALS",,KEITH HAMPTON,DEM,270,5,185,0,460,275,185
El Paso,027-PUTNAM ELEMENTARY,"PRESIDING JUDGE, COURT OF CRIMINAL APPEALS",,LANCE STOTT,LIB,14,0,15,0,29,14,15
El Paso,027-PUTNAM ELEMENTARY,"JUDGE, COURT OF CRIMINAL APPEALS, PLACE 7",,BARBARA PARKER HERVE,REP,254,8,135,0,397,262,135
El Paso,027-PUTNAM ELEMENTARY,"JUDGE, COURT OF CRIMINAL APPEALS, PLACE 7",,MARK W. BENNETT,LIB,131,0,91,0,222,131,91
El Paso,027-PUTNAM ELEMENTARY,"JUDGE, COURT OF CRIMINAL APPEALS, PLACE 8",,ELSA ALCALA,REP,260,8,152,0,420,268,152
El Paso,027-PUTNAM ELEMENTARY,"JUDGE, COURT OF CRIMINAL APPEALS, PLACE 8",,WILLIAM BRYAN STRANG,LIB,128,0,72,0,200,128,72
El Paso,027-PUTNAM ELEMENTARY,MEMBER STATE BOARD OF EDUCATION DISTRICT 1,,CARLOS CHARLIE GARZA,REP,194,8,88,0,290,202,88
El Paso,027-PUTNAM ELEMENTARY,MEMBER STATE BOARD OF EDUCATION DISTRICT 1,,MARTHA M. DOMINGUEZ,DEM,279,5,202,0,486,284,202
El Paso,027-PUTNAM ELEMENTARY,STATE SENATOR DISTRICT 29,,DAN CHAVEZ,REP,174,7,78,0,259,181,78
El Paso,027-PUTNAM ELEMENTARY,STATE SENATOR DISTRICT 29,,JOSE R. RODRIGUEZ,DEM,311,6,215,0,532,317,215
El Paso,027-PUTNAM ELEMENTARY,STATE REPRESENTATIVE DISTRICT 77,,MARISA MARQUEZ,DEM,333,6,230,0,569,339,230
El Paso,027-PUTNAM ELEMENTARY,"CHIEF JUSTICE, COURT OF APPEALS 8TH DISTRICT",,ANN CRAWFORD MCCLURE,DEM,332,6,220,0,558,338,220
El Paso,027-PUTNAM ELEMENTARY,"JUSTICE, 8TH COURT OF APPEALS DISTRICT, PLACE 2",,CHRIS ANTCLIFF,REP,206,7,97,0,310,213,97
El Paso,027-PUTNAM ELEMENTARY,"JUSTICE, 8TH COURT OF APPEALS DISTRICT, PLACE 2",,YVONNE RODRIGUEZ,DEM,271,6,196,0,473,277,196
El Paso,027-PUTNAM ELEMENTARY,"JUSTICE, 8TH COURT OF APPEALS DISTRICT, PLACE 3",,GUADALUPE LUPE RIVER,DEM,338,6,223,0,567,344,223
El Paso,027-PUTNAM ELEMENTARY,"DISTRICT JUDGE, 34TH JUDICIAL DISTRICT",,BILL MOODY,DEM,346,6,229,0,581,352,229
El Paso,027-PUTNAM ELEMENTARY,"DISTRICT JUDGE, 41ST JUDICIAL DISTRICT",,ANNA PEREZ,DEM,332,6,216,0,554,338,216
El Paso,027-PUTNAM ELEMENTARY,"DISTRICT JUDGE, 243RD JUDICIAL DISTRICT",,BILLY DON HICKS,REP,217,8,92,0,317,225,92
El Paso,027-PUTNAM ELEMENTARY,"DISTRICT JUDGE, 243RD JUDICIAL DISTRICT",,LUIS AGUILAR,DEM,263,5,193,0,461,268,193
El Paso,027-PUTNAM ELEMENTARY,"DISTRICT JUDGE, 346TH JUDICIAL DISTRICT",,ANGIE J. BARILL,DEM,323,6,225,0,554,329,225
El Paso,027-PUTNAM ELEMENTARY,"DISTRICT JUDGE, 383RD JUDICIAL DISTRICT",,MIKE HERRERA,DEM,325,6,217,0,548,331,217
El Paso,027-PUTNAM ELEMENTARY,"DISTRICT JUDGE, 384TH JUDICIAL DISTRICT",,PATRICK M. GARCIA,DEM,321,6,217,0,544,327,217
El Paso,027-PUTNAM ELEMENTARY,"DISTRICT JUDGE, 388TH JUDICIAL DISTRICT",,LAURA STRATHMANN,DEM,330,6,218,0,554,336,218
El Paso,027-PUTNAM ELEMENTARY,"DISTRICT JUDGE, 409TH JUDICIAL DISTRICT",,SAM MEDRANO JR,DEM,328,7,220,0,555,335,220
El Paso,027-PUTNAM ELEMENTARY,"DISTRICT JUDGE, 448TH JUDICIAL DISTRICT",,SERGIO H. ENRIQUEZ,DEM,324,6,219,0,549,330,219
El Paso,027-PUTNAM ELEMENTARY,"CRIMINAL DISTRICT JUDGE, COURT NO. 1",,DIANE NAVARRETE,DEM,330,6,217,0,553,336,217
El Paso,027-PUTNAM ELEMENTARY,"FAMILY DISTRICT JUDGE, 65TH JUDICIAL DISTRICT",,YAHARA L. GUTIERREZ,DEM,324,6,217,0,547,330,217
El Paso,027-PUTNAM ELEMENTARY,"DISTRICT ATTORNEY, 34TH JUDICIAL DISTRICT",,JAIME ESPARZA,DEM,329,6,226,0,561,335,226
El Paso,027-PUTNAM ELEMENTARY,"JUDGE, COUNTY CRIMINAL COURT NO. 3",,CARLOS CARRASCO,DEM,320,6,219,0,545,326,219
El Paso,027-PUTNAM ELEMENTARY,"JUDGE, COUNTY CRIMINAL COURT NO. 4",,JESUS HERRERA,DEM,325,6,218,0,549,331,218
El Paso,027-PUTNAM ELEMENTARY,COUNTY ATTORNEY,,JO ANNE BERNAL,DEM,334,6,222,0,562,340,222
El Paso,027-PUTNAM ELEMENTARY,SHERIFF,,RICHARD D. WILES,DEM,348,6,231,0,585,354,231
El Paso,027-PUTNAM ELEMENTARY,COUNTY TAX ASSESSOR COLLECTOR,,VICTOR A. FLORES,DEM,338,6,223,0,567,344,223
El Paso,027-PUTNAM ELEMENTARY,"CONSTABLE, PRECINCT NO. 1",,ROBERT WHITE,DEM,330,6,219,0,555,336,219
El Paso,028-ZACK WHITE ELEMENTARY,"CITY OF EL PASO, PROPOSITION",,FOR (A FAVOR),NP,73,1,47,0,121,74,47
El Paso,028-ZACK WHITE ELEMENTARY,"CITY OF EL PASO, PROPOSITION",,AGAINST (EN CONTRA),NP,25,1,12,0,38,26,12
El Paso,028-ZACK WHITE ELEMENTARY,"CITY OF EL PASO, PROPOSITION",,FOR (A FAVOR),NP,69,0,48,0,117,69,48
El Paso,028-ZACK WHITE ELEMENTARY,"CITY OF EL PASO, PROPOSITION",,AGAINST (EN CONTRA),NP,24,2,11,0,37,26,11
El Paso,028-ZACK WHITE ELEMENTARY,"CITY OF EL PASO, PROPOSITION",,FOR (A FAVOR),NP,55,0,41,0,96,55,41
El Paso,028-ZACK WHITE ELEMENTARY,"CITY OF EL PASO, PROPOSITION",,AGAINST (EN CONTRA),NP,37,2,17,0,56,39,17
El Paso,028-ZACK WHITE ELEMENTARY,STRAIGHT PARTY,,REPUBLICAN,REP,14,1,4,0,19,15,4
El Paso,028-ZACK WHITE ELEMENTARY,STRAIGHT PARTY,,DEMOCRAT,DEM,64,0,38,0,102,64,38
El Paso,028-ZACK WHITE ELEMENTARY,STRAIGHT PARTY,,LIBERTARIAN,LIB,0,0,0,0,0,0,0
El Paso,028-ZACK WHITE ELEMENTARY,STRAIGHT PARTY,,GREEN,GRN,1,0,0,0,1,1,0
El Paso,028-ZACK WHITE ELEMENTARY,US PRESIDENT,,MITT ROMNEY,REP,20,2,5,0,27,22,5
El Paso,028-ZACK WHITE ELEMENTARY,US PRESIDENT,,BARACK OBAMA,DEM,83,0,55,0,138,83,55
El Paso,028-ZACK WHITE ELEMENTARY,US PRESIDENT,,GARY JOHNSON,LIB,0,0,0,0,0,0,0
El Paso,028-ZACK WHITE ELEMENTARY,US PRESIDENT,,JILL STEIN,GRN,1,0,0,0,1,1,0
El Paso,028-ZACK WHITE ELEMENTARY,US PRESIDENT,,WRITE-IN,NP,0,0,0,0,0,0,0
El Paso,028-ZACK WHITE ELEMENTARY,US SENATOR,,TED CRUZ,REP,23,2,9,0,34,25,9
El Paso,028-ZACK WHITE ELEMENTARY,US SENATOR,,PAUL SADLER,DEM,74,0,47,0,121,74,47
El Paso,028-ZACK WHITE ELEMENTARY,US SENATOR,,JOHN JAY MYERS,LIB,0,0,0,0,0,0,0
El Paso,028-ZACK WHITE ELEMENTARY,US SENATOR,,DAVID B. COLLINS,GRN,4,0,2,0,6,4,2
El Paso,028-ZACK WHITE ELEMENTARY,US REP DISTRICT 16,,BARBARA CARRASCO,REP,31,2,8,0,41,33,8
El Paso,028-ZACK WHITE ELEMENTARY,US REP DISTRICT 16,,BETO OROURKE,DEM,69,0,51,0,120,69,51
El Paso,028-ZACK WHITE ELEMENTARY,US REP DISTRICT 16,,JUNART SODOY,LIB,2,0,1,0,3,2,1
El Paso,028-ZACK WHITE ELEMENTARY,RAILROAD COMMISSIONER,,CHRISTI CRADDICK,REP,18,2,7,0,27,20,7
El Paso,028-ZACK WHITE ELEMENTARY,RAILROAD COMMISSIONER,,DALE HENRY,DEM,79,0,46,0,125,79,46
El Paso,028-ZACK WHITE ELEMENTARY,RAILROAD COMMISSIONER,,VIVEKANANDA (VIK) WA,LIB,2,0,0,0,2,2,0
El Paso,028-ZACK WHITE ELEMENTARY,RAILROAD COMMISSIONER,,CHRIS KENNEDY,GRN,2,0,2,0,4,2,2
El Paso,028-ZACK WHITE ELEMENTARY,RAILROAD COMMISSIONER,,BARRY SMITHERMAN,REP,21,2,13,0,36,23,13
El Paso,028-ZACK WHITE ELEMENTARY,RAILROAD COMMISSIONER,,JAIME O. PEREZ,LIB,48,0,24,0,72,48,24
El Paso,028-ZACK WHITE ELEMENTARY,RAILROAD COMMISSIONER,,JOSH WENDEL,GRN,6,0,3,0,9,6,3
El Paso,028-ZACK WHITE ELEMENTARY,"JUSTICE, SUPREME COURT, PLACE 2",,DON WILLETT,REP,29,2,16,0,47,31,16
El Paso,028-ZACK WHITE ELEMENTARY,"JUSTICE, SUPREME COURT, PLACE 2",,RS ROBERT KOELSCH,LIB,49,0,21,0,70,49,21
El Paso,028-ZACK WHITE ELEMENTARY,"JUSTICE, SUPREME COURT, PLACE 4",,JOHN DEVINE,REP,28,2,16,0,46,30,16
El Paso,028-ZACK WHITE ELEMENTARY,"JUSTICE, SUPREME COURT, PLACE 4",,TOM OXFORD,LIB,36,0,18,0,54,36,18
El Paso,028-ZACK WHITE ELEMENTARY,"JUSTICE, SUPREME COURT, PLACE 4",,CHARLES E. WATERBURY,GRN,11,0,4,0,15,11,4
El Paso,028-ZACK WHITE ELEMENTARY,"JUSTICE, SUPREME COURT, PLACE 6",,NATHAN HECHT,REP,17,2,7,0,26,19,7
El Paso,028-ZACK WHITE ELEMENTARY,"JUSTICE, SUPREME COURT, PLACE 6",,MICHELE PETTY,DEM,83,0,47,0,130,83,47
El Paso,028-ZACK WHITE ELEMENTARY,"JUSTICE, SUPREME COURT, PLACE 6",,MARK ASH,LIB,1,0,1,0,2,1,1
El Paso,028-ZACK WHITE ELEMENTARY,"JUSTICE, SUPREME COURT, PLACE 6",,JIM CHISHOLM,GRN,1,0,2,0,3,1,2
El Paso,028-ZACK WHITE ELEMENTARY,"PRESIDING JUDGE, COURT OF CRIMINAL APPEALS",,SHARON KELLER,REP,19,2,7,0,28,21,7
El Paso,028-ZACK WHITE ELEMENTARY,"PRESIDING JUDGE, COURT OF CRIMINAL APPEALS",,KEITH HAMPTON,DEM,83,0,47,0,130,83,47
El Paso,028-ZACK WHITE ELEMENTARY,"PRESIDING JUDGE, COURT OF CRIMINAL APPEALS",,LANCE STOTT,LIB,2,0,2,0,4,2,2
El Paso,028-ZACK WHITE ELEMENTARY,"JUDGE, COURT OF CRIMINAL APPEALS, PLACE 7",,BARBARA PARKER HERVE,REP,42,2,19,0,63,44,19
El Paso,028-ZACK WHITE ELEMENTARY,"JUDGE, COURT OF CRIMINAL APPEALS, PLACE 7",,MARK W. BENNETT,LIB,35,0,21,0,56,35,21
El Paso,028-ZACK WHITE ELEMENTARY,"JUDGE, COURT OF CRIMINAL APPEALS, PLACE 8",,ELSA ALCALA,REP,43,2,26,0,71,45,26
El Paso,028-ZACK WHITE ELEMENTARY,"JUDGE, COURT OF CRIMINAL APPEALS, PLACE 8",,WILLIAM BRYAN STRANG,LIB,30,0,16,0,46,30,16
El Paso,028-ZACK WHITE ELEMENTARY,MEMBER STATE BOARD OF EDUCATION DISTRICT 1,,CARLOS CHARLIE GARZA,REP,19,2,11,0,32,21,11
El Paso,028-ZACK WHITE ELEMENTARY,MEMBER STATE BOARD OF EDUCATION DISTRICT 1,,MARTHA M. DOMINGUEZ,DEM,83,0,46,0,129,83,46
El Paso,028-ZACK WHITE ELEMENTARY,STATE SENATOR DISTRICT 29,,DAN CHAVEZ,REP,20,2,7,0,29,22,7
El Paso,028-ZACK WHITE ELEMENTARY,STATE SENATOR DISTRICT 29,,JOSE R. RODRIGUEZ,DEM,86,0,51,0,137,86,51
El Paso,028-ZACK WHITE ELEMENTARY,STATE REPRESENTATIVE DISTRICT 78,,DONALD R. DEE MARGO,REP,22,2,9,0,33,24,9
El Paso,028-ZACK WHITE ELEMENTARY,STATE REPRESENTATIVE DISTRICT 78,,JOE MOODY,DEM,82,0,51,0,133,82,51
El Paso,028-ZACK WHITE ELEMENTARY,"CHIEF JUSTICE, COURT OF APPEALS 8TH DISTRICT",,ANN CRAWFORD MCCLURE,DEM,85,0,54,0,139,85,54
El Paso,028-ZACK WHITE ELEMENTARY,"JUSTICE, 8TH COURT OF APPEALS DISTRICT, PLACE 2",,CHRIS ANTCLIFF,REP,19,2,8,0,29,21,8
El Paso,028-ZACK WHITE ELEMENTARY,"JUSTICE, 8TH COURT OF APPEALS DISTRICT, PLACE 2",,YVONNE RODRIGUEZ,DEM,82,0,48,0,130,82,48
El Paso,028-ZACK WHITE ELEMENTARY,"JUSTICE, 8TH COURT OF APPEALS DISTRICT, PLACE 3",,GUADALUPE LUPE RIVER,DEM,89,0,53,0,142,89,53
El Paso,028-ZACK WHITE ELEMENTARY,"DISTRICT JUDGE, 34TH JUDICIAL DISTRICT",,BILL MOODY,DEM,84,0,52,0,136,84,52
El Paso,028-ZACK WHITE ELEMENTARY,"DISTRICT JUDGE, 41ST JUDICIAL DISTRICT",,ANNA PEREZ,DEM,87,0,53,0,140,87,53
El Paso,028-ZACK WHITE ELEMENTARY,"DISTRICT JUDGE, 243RD JUDICIAL DISTRICT",,BILLY DON HICKS,REP,20,2,10,0,32,22,10
El Paso,028-ZACK WHITE ELEMENTARY,"DISTRICT JUDGE, 243RD JUDICIAL DISTRICT",,LUIS AGUILAR,DEM,82,0,50,0,132,82,50
El Paso,028-ZACK WHITE ELEMENTARY,"DISTRICT JUDGE, 346TH JUDICIAL DISTRICT",,ANGIE J. BARILL,DEM,87,0,51,0,138,87,51
El Paso,028-ZACK WHITE ELEMENTARY,"DISTRICT JUDGE, 383RD JUDICIAL DISTRICT",,MIKE HERRERA,DEM,88,0,51,0,139,88,51
El Paso,028-ZACK WHITE ELEMENTARY,"DISTRICT JUDGE, 384TH JUDICIAL DISTRICT",,PATRICK M. GARCIA,DEM,87,0,51,0,138,87,51
El Paso,028-ZACK WHITE ELEMENTARY,"DISTRICT JUDGE, 388TH JUDICIAL DISTRICT",,LAURA STRATHMANN,DEM,85,0,51,0,136,85,51
El Paso,028-ZACK WHITE ELEMENTARY,"DISTRICT JUDGE, 409TH JUDICIAL DISTRICT",,SAM MEDRANO JR,DEM,86,0,52,0,138,86,52
El Paso,028-ZACK WHITE ELEMENTARY,"DISTRICT JUDGE, 448TH JUDICIAL DISTRICT",,SERGIO H. ENRIQUEZ,DEM,85,0,53,0,138,85,53
El Paso,028-ZACK WHITE ELEMENTARY,"CRIMINAL DISTRICT JUDGE, COURT NO. 1",,DIANE NAVARRETE,DEM,84,0,51,0,135,84,51
El Paso,028-ZACK WHITE ELEMENTARY,"FAMILY DISTRICT JUDGE, 65TH JUDICIAL DISTRICT",,YAHARA L. GUTIERREZ,DEM,87,0,51,0,138,87,51
El Paso,028-ZACK WHITE ELEMENTARY,"DISTRICT ATTORNEY, 34TH JUDICIAL DISTRICT",,JAIME ESPARZA,DEM,86,0,54,0,140,86,54
El Paso,028-ZACK WHITE ELEMENTARY,"JUDGE, COUNTY CRIMINAL COURT NO. 3",,CARLOS CARRASCO,DEM,86,0,51,0,137,86,51
El Paso,028-ZACK WHITE ELEMENTARY,"JUDGE, COUNTY CRIMINAL COURT NO. 4",,JESUS HERRERA,DEM,85,0,51,0,136,85,51
El Paso,028-ZACK WHITE ELEMENTARY,COUNTY ATTORNEY,,JO ANNE BERNAL,DEM,86,0,51,0,137,86,51
El Paso,028-ZACK WHITE ELEMENTARY,SHERIFF,,RICHARD D. WILES,DEM,85,0,54,0,139,85,54
El Paso,028-ZACK WHITE ELEMENTARY,COUNTY TAX ASSESSOR COLLECTOR,,VICTOR A. FLORES,DEM,86,0,52,0,138,86,52
El Paso,028-ZACK WHITE ELEMENTARY,"CONSTABLE, PRECINCT NO. 1",,ROBERT WHITE,DEM,83,0,52,0,135,83,52
El Paso,029-L B JOHNSON ELEMENTARY,"CITY OF EL PASO, PROPOSITION",,FOR (A FAVOR),NP,445,26,318,1,790,471,319
El Paso,029-L B JOHNSON ELEMENTARY,"CITY OF EL PASO, PROPOSITION",,AGAINST (EN CONTRA),NP,169,11,85,0,265,180,85
El Paso,029-L B JOHNSON ELEMENTARY,"CITY OF EL PASO, PROPOSITION",,FOR (A FAVOR),NP,422,27,300,1,750,449,301
El Paso,029-L B JOHNSON ELEMENTARY,"CITY OF EL PASO, PROPOSITION",,AGAINST (EN CONTRA),NP,184,10,95,0,289,194,95
El Paso,029-L B JOHNSON ELEMENTARY,"CITY OF EL PASO, PROPOSITION",,FOR (A FAVOR),NP,332,19,267,1,619,351,268
El Paso,029-L B JOHNSON ELEMENTARY,"CITY OF EL PASO, PROPOSITION",,AGAINST (EN CONTRA),NP,267,14,133,0,414,281,133
El Paso,029-L B JOHNSON ELEMENTARY,STRAIGHT PARTY,,REPUBLICAN,REP,105,11,76,1,193,116,77
El Paso,029-L B JOHNSON ELEMENTARY,STRAIGHT PARTY,,DEMOCRAT,DEM,256,7,176,0,439,263,176
El Paso,029-L B JOHNSON ELEMENTARY,STRAIGHT PARTY,,LIBERTARIAN,LIB,4,1,6,0,11,5,6
El Paso,029-L B JOHNSON ELEMENTARY,STRAIGHT PARTY,,GREEN,GRN,1,0,2,0,3,1,2
El Paso,029-L B JOHNSON ELEMENTARY,US PRESIDENT,,MITT ROMNEY,REP,225,24,143,1,393,249,144
El Paso,029-L B JOHNSON ELEMENTARY,US PRESIDENT,,BARACK OBAMA,DEM,408,16,264,0,688,424,264
El Paso,029-L B JOHNSON ELEMENTARY,US PRESIDENT,,GARY JOHNSON,LIB,5,2,8,0,15,7,8
El Paso,029-L B JOHNSON ELEMENTARY,US PRESIDENT,,JILL STEIN,GRN,0,0,1,0,1,0,1
El Paso,029-L B JOHNSON ELEMENTARY,US PRESIDENT,,WRITE-IN,NP,2,0,0,0,2,2,0
El Paso,029-L B JOHNSON ELEMENTARY,US SENATOR,,TED CRUZ,REP,232,24,138,1,395,256,139
El Paso,029-L B JOHNSON ELEMENTARY,US SENATOR,,PAUL SADLER,DEM,370,14,236,0,620,384,236
El Paso,029-L B JOHNSON ELEMENTARY,US SENATOR,,JOHN JAY MYERS,LIB,14,2,15,0,31,16,15
El Paso,029-L B JOHNSON ELEMENTARY,US SENATOR,,DAVID B. COLLINS,GRN,7,0,6,0,13,7,6
El Paso,029-L B JOHNSON ELEMENTARY,US REP DISTRICT 16,,BARBARA CARRASCO,REP,195,22,127,1,345,217,128
El Paso,029-L B JOHNSON ELEMENTARY,US REP DISTRICT 16,,BETO OROURKE,DEM,421,17,272,0,710,438,272
El Paso,029-L B JOHNSON ELEMENTARY,US REP DISTRICT 16,,JUNART SODOY,LIB,13,1,11,0,25,14,11
El Paso,029-L B JOHNSON ELEMENTARY,RAILROAD COMMISSIONER,,CHRISTI CRADDICK,REP,203,25,124,1,353,228,125
El Paso,029-L B JOHNSON ELEMENTARY,RAILROAD COMMISSIONER,,DALE HENRY,DEM,359,11,227,0,597,370,227
El Paso,029-L B JOHNSON ELEMENTARY,RAILROAD COMMISSIONER,,VIVEKANANDA (VIK) WA,LIB,14,1,22,0,37,15,22
El Paso,029-L B JOHNSON ELEMENTARY,RAILROAD COMMISSIONER,,CHRIS KENNEDY,GRN,27,2,18,0,47,29,18
El Paso,029-L B JOHNSON ELEMENTARY,RAILROAD COMMISSIONER,,BARRY SMITHERMAN,REP,240,23,150,1,414,263,151
El Paso,029-L B JOHNSON ELEMENTARY,RAILROAD COMMISSIONER,,JAIME O. PEREZ,LIB,179,5,130,0,314,184,130
El Paso,029-L B JOHNSON ELEMENTARY,RAILROAD COMMISSIONER,,JOSH WENDEL,GRN,69,6,41,0,116,75,41
El Paso,029-L B JOHNSON ELEMENTARY,"JUSTICE, SUPREME COURT, PLACE 2",,DON WILLETT,REP,288,26,178,1,493,314,179
El Paso,029-L B JOHNSON ELEMENTARY,"JUSTICE, SUPREME COURT, PLACE 2",,RS ROBERT KOELSCH,LIB,175,7,139,0,321,182,139
El Paso,029-L B JOHNSON ELEMENTARY,"JUSTICE, SUPREME COURT, PLACE 4",,JOHN DEVINE,REP,265,22,168,1,456,287,169
El Paso,029-L B JOHNSON ELEMENTARY,"JUSTICE, SUPREME COURT, PLACE 4",,TOM OXFORD,LIB,135,7,97,0,239,142,97
El Paso,029-L B JOHNSON ELEMENTARY,"JUSTICE, SUPREME COURT, PLACE 4",,CHARLES E. WATERBURY,GRN,71,5,51,0,127,76,51
El Paso,029-L B JOHNSON ELEMENTARY,"JUSTICE, SUPREME COURT, PLACE 6",,NATHAN HECHT,REP,197,19,117,1,334,216,118
El Paso,029-L B JOHNSON ELEMENTARY,"JUSTICE, SUPREME COURT, PLACE 6",,MICHELE PETTY,DEM,371,15,244,0,630,386,244
El Paso,029-L B JOHNSON ELEMENTARY,"JUSTICE, SUPREME COURT, PLACE 6",,MARK ASH,LIB,17,3,20,0,40,20,20
El Paso,029-L B JOHNSON ELEMENTARY,"JUSTICE, SUPREME COURT, PLACE 6",,JIM CHISHOLM,GRN,17,1,10,0,28,18,10
El Paso,029-L B JOHNSON ELEMENTARY,"PRESIDING JUDGE, COURT OF CRIMINAL APPEALS",,SHARON KELLER,REP,217,24,132,1,374,241,133
El Paso,029-L B JOHNSON ELEMENTARY,"PRESIDING JUDGE, COURT OF CRIMINAL APPEALS",,KEITH HAMPTON,DEM,361,13,235,0,609,374,235
El Paso,029-L B JOHNSON ELEMENTARY,"PRESIDING JUDGE, COURT OF CRIMINAL APPEALS",,LANCE STOTT,LIB,21,2,23,0,46,23,23
El Paso,029-L B JOHNSON ELEMENTARY,"JUDGE, COURT OF CRIMINAL APPEALS, PLACE 7",,BARBARA PARKER HERVE,REP,295,25,182,1,503,320,183
El Paso,029-L B JOHNSON ELEMENTARY,"JUDGE, COURT OF CRIMINAL APPEALS, PLACE 7",,MARK W. BENNETT,LIB,173,8,131,0,312,181,131
El Paso,029-L B JOHNSON ELEMENTARY,"JUDGE, COURT OF CRIMINAL APPEALS, PLACE 8",,ELSA ALCALA,REP,295,24,193,1,513,319,194
El Paso,029-L B JOHNSON ELEMENTARY,"JUDGE, COURT OF CRIMINAL APPEALS, PLACE 8",,WILLIAM BRYAN STRANG,LIB,162,10,120,0,292,172,120
El Paso,029-L B JOHNSON ELEMENTARY,MEMBER STATE BOARD OF EDUCATION DISTRICT 1,,CARLOS CHARLIE GARZA,REP,207,22,134,1,364,229,135
El Paso,029-L B JOHNSON ELEMENTARY,MEMBER STATE BOARD OF EDUCATION DISTRICT 1,,MARTHA M. DOMINGUEZ,DEM,387,15,255,0,657,402,255
El Paso,029-L B JOHNSON ELEMENTARY,STATE SENATOR DISTRICT 29,,DAN CHAVEZ,REP,196,21,129,1,347,217,130
El Paso,029-L B JOHNSON ELEMENTARY,STATE SENATOR DISTRICT 29,,JOSE R. RODRIGUEZ,DEM,405,16,267,0,688,421,267
El Paso,029-L B JOHNSON ELEMENTARY,STATE REPRESENTATIVE DISTRICT 77,,MARISA MARQUEZ,DEM,453,21,297,0,771,474,297
El Paso,029-L B JOHNSON ELEMENTARY,"CHIEF JUSTICE, COURT OF APPEALS 8TH DISTRICT",,ANN CRAWFORD MCCLURE,DEM,445,21,292,0,758,466,292
El Paso,029-L B JOHNSON ELEMENTARY,"JUSTICE, 8TH COURT OF APPEALS DISTRICT, PLACE 2",,CHRIS ANTCLIFF,REP,222,22,136,1,381,244,137
El Paso,029-L B JOHNSON ELEMENTARY,"JUSTICE, 8TH COURT OF APPEALS DISTRICT, PLACE 2",,YVONNE RODRIGUEZ,DEM,378,15,251,0,644,393,251
El Paso,029-L B JOHNSON ELEMENTARY,"JUSTICE, 8TH COURT OF APPEALS DISTRICT, PLACE 3",,GUADALUPE LUPE RIVER,DEM,442,22,300,0,764,464,300
El Paso,029-L B JOHNSON ELEMENTARY,"DISTRICT JUDGE, 34TH JUDICIAL DISTRICT",,BILL MOODY,DEM,454,20,301,0,775,474,301
El Paso,029-L B JOHNSON ELEMENTARY,"DISTRICT JUDGE, 41ST JUDICIAL DISTRICT",,ANNA PEREZ,DEM,438,19,292,0,749,457,292
El Paso,029-L B JOHNSON ELEMENTARY,"DISTRICT JUDGE, 243RD JUDICIAL DISTRICT",,BILLY DON HICKS,REP,236,24,135,1,396,260,136
El Paso,029-L B JOHNSON ELEMENTARY,"DISTRICT JUDGE, 243RD JUDICIAL DISTRICT",,LUIS AGUILAR,DEM,369,13,258,0,640,382,258
El Paso,029-L B JOHNSON ELEMENTARY,"DISTRICT JUDGE, 346TH JUDICIAL DISTRICT",,ANGIE J. BARILL,DEM,435,19,293,0,747,454,293
El Paso,029-L B JOHNSON ELEMENTARY,"DISTRICT JUDGE, 383RD JUDICIAL DISTRICT",,MIKE HERRERA,DEM,436,19,293,0,748,455,293
El Paso,029-L B JOHNSON ELEMENTARY,"DISTRICT JUDGE, 384TH JUDICIAL DISTRICT",,PATRICK M. GARCIA,DEM,432,19,289,0,740,451,289
El Paso,029-L B JOHNSON ELEMENTARY,"DISTRICT JUDGE, 388TH JUDICIAL DISTRICT",,LAURA STRATHMANN,DEM,441,19,290,0,750,460,290
El Paso,029-L B JOHNSON ELEMENTARY,"DISTRICT JUDGE, 409TH JUDICIAL DISTRICT",,SAM MEDRANO JR,DEM,429,19,286,0,734,448,286
El Paso,029-L B JOHNSON ELEMENTARY,"DISTRICT JUDGE, 448TH JUDICIAL DISTRICT",,SERGIO H. ENRIQUEZ,DEM,431,19,288,0,738,450,288
El Paso,029-L B JOHNSON ELEMENTARY,"CRIMINAL DISTRICT JUDGE, COURT NO. 1",,DIANE NAVARRETE,DEM,430,19,289,0,738,449,289
El Paso,029-L B JOHNSON ELEMENTARY,"FAMILY DISTRICT JUDGE, 65TH JUDICIAL DISTRICT",,YAHARA L. GUTIERREZ,DEM,426,20,288,0,734,446,288
El Paso,029-L B JOHNSON ELEMENTARY,"DISTRICT ATTORNEY, 34TH JUDICIAL DISTRICT",,JAIME ESPARZA,DEM,443,21,300,0,764,464,300
El Paso,029-L B JOHNSON ELEMENTARY,"JUDGE, COUNTY CRIMINAL COURT NO. 3",,CARLOS CARRASCO,DEM,425,20,294,0,739,445,294
El Paso,029-L B JOHNSON ELEMENTARY,"JUDGE, COUNTY CRIMINAL COURT NO. 4",,JESUS HERRERA,DEM,429,20,292,0,741,449,292
El Paso,029-L B JOHNSON ELEMENTARY,COUNTY ATTORNEY,,JO ANNE BERNAL,DEM,440,21,292,0,753,461,292
El Paso,029-L B JOHNSON ELEMENTARY,SHERIFF,,RICHARD D. WILES,DEM,450,23,305,0,778,473,305
El Paso,029-L B JOHNSON ELEMENTARY,COUNTY TAX ASSESSOR COLLECTOR,,VICTOR A. FLORES,DEM,448,25,298,0,771,473,298
El Paso,029-L B JOHNSON ELEMENTARY,"CONSTABLE, PRECINCT NO. 1",,ROBERT WHITE,DEM,436,20,293,0,749,456,293
El Paso,030-POLLY HARRIS SR CTR,"CITY OF EL PASO, PROPOSITION",,FOR (A FAVOR),NP,35,0,30,0,65,35,30
El Paso,030-POLLY HARRIS SR CTR,"CITY OF EL PASO, PROPOSITION",,AGAINST (EN CONTRA),NP,9,0,11,0,20,9,11
El Paso,030-POLLY HARRIS SR CTR,"CITY OF EL PASO, PROPOSITION",,FOR (A FAVOR),NP,33,0,29,0,62,33,29
El Paso,030-POLLY HARRIS SR CTR,"CITY OF EL PASO, PROPOSITION",,AGAINST (EN CONTRA),NP,10,0,12,0,22,10,12
El Paso,030-POLLY HARRIS SR CTR,"CITY OF EL PASO, PROPOSITION",,FOR (A FAVOR),NP,27,0,16,0,43,27,16
El Paso,030-POLLY HARRIS SR CTR,"CITY OF EL PASO, PROPOSITION",,AGAINST (EN CONTRA),NP,16,0,22,0,38,16,22
El Paso,030-POLLY HARRIS SR CTR,STRAIGHT PARTY,,REPUBLICAN,REP,4,0,10,0,14,4,10
El Paso,030-POLLY HARRIS SR CTR,STRAIGHT PARTY,,DEMOCRAT,DEM,26,0,17,0,43,26,17
El Paso,030-POLLY HARRIS SR CTR,STRAIGHT PARTY,,LIBERTARIAN,LIB,0,0,0,0,0,0,0
El Paso,030-POLLY HARRIS SR CTR,STRAIGHT PARTY,,GREEN,GRN,0,0,0,0,0,0,0
El Paso,030-POLLY HARRIS SR CTR,US PRESIDENT,,MITT ROMNEY,REP,6,0,10,0,16,6,10
El Paso,030-POLLY HARRIS SR CTR,US PRESIDENT,,BARACK OBAMA,DEM,39,0,28,0,67,39,28
El Paso,030-POLLY HARRIS SR CTR,US PRESIDENT,,GARY JOHNSON,LIB,0,0,0,0,0,0,0
El Paso,030-POLLY HARRIS SR CTR,US PRESIDENT,,JILL STEIN,GRN,0,0,0,0,0,0,0
El Paso,030-POLLY HARRIS SR CTR,US PRESIDENT,,WRITE-IN,NP,0,0,1,0,1,0,1
El Paso,030-POLLY HARRIS SR CTR,US SENATOR,,TED CRUZ,REP,6,0,12,0,18,6,12
El Paso,030-POLLY HARRIS SR CTR,US SENATOR,,PAUL SADLER,DEM,36,0,28,0,64,36,28
El Paso,030-POLLY HARRIS SR CTR,US SENATOR,,JOHN JAY MYERS,LIB,0,0,0,0,0,0,0
El Paso,030-POLLY HARRIS SR CTR,US SENATOR,,DAVID B. COLLINS,GRN,1,0,0,0,1,1,0
El Paso,030-POLLY HARRIS SR CTR,US REP DISTRICT 16,,BARBARA CARRASCO,REP,6,0,12,0,18,6,12
El Paso,030-POLLY HARRIS SR CTR,US REP DISTRICT 16,,BETO OROURKE,DEM,38,0,26,0,64,38,26
El Paso,030-POLLY HARRIS SR CTR,US REP DISTRICT 16,,JUNART SODOY,LIB,0,0,0,0,0,0,0
El Paso,030-POLLY HARRIS SR CTR,RAILROAD COMMISSIONER,,CHRISTI CRADDICK,REP,7,0,9,0,16,7,9
El Paso,030-POLLY HARRIS SR CTR,RAILROAD COMMISSIONER,,DALE HENRY,DEM,35,0,24,0,59,35,24
El Paso,030-POLLY HARRIS SR CTR,RAILROAD COMMISSIONER,,VIVEKANANDA (VIK) WA,LIB,0,0,1,0,1,0,1
El Paso,030-POLLY HARRIS SR CTR,RAILROAD COMMISSIONER,,CHRIS KENNEDY,GRN,1,0,4,0,5,1,4
El Paso,030-POLLY HARRIS SR CTR,RAILROAD COMMISSIONER,,BARRY SMITHERMAN,REP,11,0,11,0,22,11,11
El Paso,030-POLLY HARRIS SR CTR,RAILROAD COMMISSIONER,,JAIME O. PEREZ,LIB,16,0,16,0,32,16,16
El Paso,030-POLLY HARRIS SR CTR,RAILROAD COMMISSIONER,,JOSH WENDEL,GRN,6,0,4,0,10,6,4
El Paso,030-POLLY HARRIS SR CTR,"JUSTICE, SUPREME COURT, PLACE 2",,DON WILLETT,REP,17,0,20,0,37,17,20
El Paso,030-POLLY HARRIS SR CTR,"JUSTICE, SUPREME COURT, PLACE 2",,RS ROBERT KOELSCH,LIB,15,0,9,0,24,15,9
El Paso,030-POLLY HARRIS SR CTR,"JUSTICE, SUPREME COURT, PLACE 4",,JOHN DEVINE,REP,12,0,14,0,26,12,14
El Paso,030-POLLY HARRIS SR CTR,"JUSTICE, SUPREME COURT, PLACE 4",,TOM OXFORD,LIB,9,0,11,0,20,9,11
El Paso,030-POLLY HARRIS SR CTR,"JUSTICE, SUPREME COURT, PLACE 4",,CHARLES E. WATERBURY,GRN,12,0,3,0,15,12,3
El Paso,030-POLLY HARRIS SR CTR,"JUSTICE, SUPREME COURT, PLACE 6",,NATHAN HECHT,REP,5,0,10,0,15,5,10
El Paso,030-POLLY HARRIS SR CTR,"JUSTICE, SUPREME COURT, PLACE 6",,MICHELE PETTY,DEM,37,0,26,0,63,37,26
El Paso,030-POLLY HARRIS SR CTR,"JUSTICE, SUPREME COURT, PLACE 6",,MARK ASH,LIB,0,0,0,0,0,0,0
El Paso,030-POLLY HARRIS SR CTR,"JUSTICE, SUPREME COURT, PLACE 6",,JIM CHISHOLM,GRN,2,0,0,0,2,2,0
El Paso,030-POLLY HARRIS SR CTR,"PRESIDING JUDGE, COURT OF CRIMINAL APPEALS",,SHARON KELLER,REP,5,0,12,0,17,5,12
El Paso,030-POLLY HARRIS SR CTR,"PRESIDING JUDGE, COURT OF CRIMINAL APPEALS",,KEITH HAMPTON,DEM,37,0,23,0,60,37,23
El Paso,030-POLLY HARRIS SR CTR,"PRESIDING JUDGE, COURT OF CRIMINAL APPEALS",,LANCE STOTT,LIB,2,0,1,0,3,2,1
El Paso,030-POLLY HARRIS SR CTR,"JUDGE, COURT OF CRIMINAL APPEALS, PLACE 7",,BARBARA PARKER HERVE,REP,16,0,13,0,29,16,13
El Paso,030-POLLY HARRIS SR CTR,"JUDGE, COURT OF CRIMINAL APPEALS, PLACE 7",,MARK W. BENNETT,LIB,15,0,18,0,33,15,18
El Paso,030-POLLY HARRIS SR CTR,"JUDGE, COURT OF CRIMINAL APPEALS, PLACE 8",,ELSA ALCALA,REP,19,0,16,0,35,19,16
El Paso,030-POLLY HARRIS SR CTR,"JUDGE, COURT OF CRIMINAL APPEALS, PLACE 8",,WILLIAM BRYAN STRANG,LIB,12,0,14,0,26,12,14
El Paso,030-POLLY HARRIS SR CTR,MEMBER STATE BOARD OF EDUCATION DISTRICT 1,,CARLOS CHARLIE GARZA,REP,6,0,10,0,16,6,10
El Paso,030-POLLY HARRIS SR CTR,MEMBER STATE BOARD OF EDUCATION DISTRICT 1,,MARTHA M. DOMINGUEZ,DEM,38,0,28,0,66,38,28
El Paso,030-POLLY HARRIS SR CTR,STATE SENATOR DISTRICT 29,,DAN CHAVEZ,REP,8,0,14,0,22,8,14
El Paso,030-POLLY HARRIS SR CTR,STATE SENATOR DISTRICT 29,,JOSE R. RODRIGUEZ,DEM,37,0,25,0,62,37,25
El Paso,030-POLLY HARRIS SR CTR,STATE REPRESENTATIVE DISTRICT 77,,MARISA MARQUEZ,DEM,37,0,28,0,65,37,28
El Paso,030-POLLY HARRIS SR CTR,"CHIEF JUSTICE, COURT OF APPEALS 8TH DISTRICT",,ANN CRAWFORD MCCLURE,DEM,38,0,25,0,63,38,25
El Paso,030-POLLY HARRIS SR CTR,"JUSTICE, 8TH COURT OF APPEALS DISTRICT, PLACE 2",,CHRIS ANTCLIFF,REP,8,0,12,0,20,8,12
El Paso,030-POLLY HARRIS SR CTR,"JUSTICE, 8TH COURT OF APPEALS DISTRICT, PLACE 2",,YVONNE RODRIGUEZ,DEM,37,0,27,0,64,37,27
El Paso,030-POLLY HARRIS SR CTR,"JUSTICE, 8TH COURT OF APPEALS DISTRICT, PLACE 3",,GUADALUPE LUPE RIVER,DEM,38,0,26,0,64,38,26
El Paso,030-POLLY HARRIS SR CTR,"DISTRICT JUDGE, 34TH JUDICIAL DISTRICT",,BILL MOODY,DEM,38,0,30,0,68,38,30
El Paso,030-POLLY HARRIS SR CTR,"DISTRICT JUDGE, 41ST JUDICIAL DISTRICT",,ANNA PEREZ,DEM,38,0,29,0,67,38,29
El Paso,030-POLLY HARRIS SR CTR,"DISTRICT JUDGE, 243RD JUDICIAL DISTRICT",,BILLY DON HICKS,REP,8,0,12,0,20,8,12
El Paso,030-POLLY HARRIS SR CTR,"DISTRICT JUDGE, 243RD JUDICIAL DISTRICT",,LUIS AGUILAR,DEM,36,0,26,0,62,36,26
El Paso,030-POLLY HARRIS SR CTR,"DISTRICT JUDGE, 346TH JUDICIAL DISTRICT",,ANGIE J. BARILL,DEM,37,0,25,0,62,37,25
El Paso,030-POLLY HARRIS SR CTR,"DISTRICT JUDGE, 383RD JUDICIAL DISTRICT",,MIKE HERRERA,DEM,39,0,28,0,67,39,28
El Paso,030-POLLY HARRIS SR CTR,"DISTRICT JUDGE, 384TH JUDICIAL DISTRICT",,PATRICK M. GARCIA,DEM,38,0,29,0,67,38,29
El Paso,030-POLLY HARRIS SR CTR,"DISTRICT JUDGE, 388TH JUDICIAL DISTRICT",,LAURA STRATHMANN,DEM,37,0,25,0,62,37,25
El Paso,030-POLLY HARRIS SR CTR,"DISTRICT JUDGE, 409TH JUDICIAL DISTRICT",,SAM MEDRANO JR,DEM,38,0,28,0,66,38,28
El Paso,030-POLLY HARRIS SR CTR,"DISTRICT JUDGE, 448TH JUDICIAL DISTRICT",,SERGIO H. ENRIQUEZ,DEM,38,0,27,0,65,38,27
El Paso,030-POLLY HARRIS SR CTR,"CRIMINAL DISTRICT JUDGE, COURT NO. 1",,DIANE NAVARRETE,DEM,38,0,25,0,63,38,25
El Paso,030-POLLY HARRIS SR CTR,"FAMILY DISTRICT JUDGE, 65TH JUDICIAL DISTRICT",,YAHARA L. GUTIERREZ,DEM,38,0,26,0,64,38,26
El Paso,030-POLLY HARRIS SR CTR,"DISTRICT ATTORNEY, 34TH JUDICIAL DISTRICT",,JAIME ESPARZA,DEM,39,0,25,0,64,39,25
El Paso,030-POLLY HARRIS SR CTR,"JUDGE, COUNTY CRIMINAL COURT NO. 3",,CARLOS CARRASCO,DEM,38,0,26,0,64,38,26
El Paso,030-POLLY HARRIS SR CTR,"JUDGE, COUNTY CRIMINAL COURT NO. 4",,JESUS HERRERA,DEM,38,0,25,0,63,38,25
El Paso,030-POLLY HARRIS SR CTR,COUNTY ATTORNEY,,JO ANNE BERNAL,DEM,38,0,25,0,63,38,25
El Paso,030-POLLY HARRIS SR CTR,SHERIFF,,RICHARD D. WILES,DEM,39,0,28,0,67,39,28
El Paso,030-POLLY HARRIS SR CTR,COUNTY TAX ASSESSOR COLLECTOR,,VICTOR A. FLORES,DEM,39,0,27,0,66,39,27
El Paso,030-POLLY HARRIS SR CTR,"CONSTABLE, PRECINCT NO. 1",,ROBERT WHITE,DEM,38,0,28,0,66,38,28
El Paso,031-POLLY HARRIS SR CTR,"CITY OF EL PASO, PROPOSITION",,FOR (A FAVOR),NP,164,10,157,0,331,174,157
El Paso,031-POLLY HARRIS SR CTR,"CITY OF EL PASO, PROPOSITION",,AGAINST (EN CONTRA),NP,44,0,33,0,77,44,33
El Paso,031-POLLY HARRIS SR CTR,"CITY OF EL PASO, PROPOSITION",,FOR (A FAVOR),NP,153,9,158,0,320,162,158
El Paso,031-POLLY HARRIS SR CTR,"CITY OF EL PASO, PROPOSITION",,AGAINST (EN CONTRA),NP,48,1,27,0,76,49,27
El Paso,031-POLLY HARRIS SR CTR,"CITY OF EL PASO, PROPOSITION",,FOR (A FAVOR),NP,116,3,114,0,233,119,114
El Paso,031-POLLY HARRIS SR CTR,"CITY OF EL PASO, PROPOSITION",,AGAINST (EN CONTRA),NP,82,4,72,0,158,86,72
El Paso,031-POLLY HARRIS SR CTR,STRAIGHT PARTY,,REPUBLICAN,REP,37,1,22,0,60,38,22
El Paso,031-POLLY HARRIS SR CTR,STRAIGHT PARTY,,DEMOCRAT,DEM,108,6,107,0,221,114,107
El Paso,031-POLLY HARRIS SR CTR,STRAIGHT PARTY,,LIBERTARIAN,LIB,1,0,1,0,2,1,1
El Paso,031-POLLY HARRIS SR CTR,STRAIGHT PARTY,,GREEN,GRN,2,0,3,0,5,2,3
El Paso,031-POLLY HARRIS SR CTR,US PRESIDENT,,MITT ROMNEY,REP,63,5,45,0,113,68,45
El Paso,031-POLLY HARRIS SR CTR,US PRESIDENT,,BARACK OBAMA,DEM,152,7,143,0,302,159,143
El Paso,031-POLLY HARRIS SR CTR,US PRESIDENT,,GARY JOHNSON,LIB,2,0,1,0,3,2,1
El Paso,031-POLLY HARRIS SR CTR,US PRESIDENT,,JILL STEIN,GRN,1,0,2,0,3,1,2
El Paso,031-POLLY HARRIS SR CTR,US PRESIDENT,,WRITE-IN,NP,1,0,0,0,1,1,0
El Paso,031-POLLY HARRIS SR CTR,US SENATOR,,TED CRUZ,REP,65,6,49,0,120,71,49
El Paso,031-POLLY HARRIS SR CTR,US SENATOR,,PAUL SADLER,DEM,144,6,128,0,278,150,128
El Paso,031-POLLY HARRIS SR CTR,US SENATOR,,JOHN JAY MYERS,LIB,5,0,4,0,9,5,4
El Paso,031-POLLY HARRIS SR CTR,US SENATOR,,DAVID B. COLLINS,GRN,2,0,6,0,8,2,6
El Paso,031-POLLY HARRIS SR CTR,US REP DISTRICT 16,,BARBARA CARRASCO,REP,60,7,46,0,113,67,46
El Paso,031-POLLY HARRIS SR CTR,US REP DISTRICT 16,,BETO OROURKE,DEM,155,5,140,0,300,160,140
El Paso,031-POLLY HARRIS SR CTR,US REP DISTRICT 16,,JUNART SODOY,LIB,0,0,3,0,3,0,3
El Paso,031-POLLY HARRIS SR CTR,RAILROAD COMMISSIONER,,CHRISTI CRADDICK,REP,57,3,40,0,100,60,40
El Paso,031-POLLY HARRIS SR CTR,RAILROAD COMMISSIONER,,DALE HENRY,DEM,140,7,130,0,277,147,130
El Paso,031-POLLY HARRIS SR CTR,RAILROAD COMMISSIONER,,VIVEKANANDA (VIK) WA,LIB,5,0,4,0,9,5,4
El Paso,031-POLLY HARRIS SR CTR,RAILROAD COMMISSIONER,,CHRIS KENNEDY,GRN,10,0,7,0,17,10,7
El Paso,031-POLLY HARRIS SR CTR,RAILROAD COMMISSIONER,,BARRY SMITHERMAN,REP,67,3,58,0,128,70,58
El Paso,031-POLLY HARRIS SR CTR,RAILROAD COMMISSIONER,,JAIME O. PEREZ,LIB,70,3,70,0,143,73,70
El Paso,031-POLLY HARRIS SR CTR,RAILROAD COMMISSIONER,,JOSH WENDEL,GRN,23,1,22,0,46,24,22
El Paso,031-POLLY HARRIS SR CTR,"JUSTICE, SUPREME COURT, PLACE 2",,DON WILLETT,REP,84,3,82,0,169,87,82
El Paso,031-POLLY HARRIS SR CTR,"JUSTICE, SUPREME COURT, PLACE 2",,RS ROBERT KOELSCH,LIB,70,3,67,0,140,73,67
El Paso,031-POLLY HARRIS SR CTR,"JUSTICE, SUPREME COURT, PLACE 4",,JOHN DEVINE,REP,69,4,73,0,146,73,73
El Paso,031-POLLY HARRIS SR CTR,"JUSTICE, SUPREME COURT, PLACE 4",,TOM OXFORD,LIB,63,2,50,0,115,65,50
El Paso,031-POLLY HARRIS SR CTR,"JUSTICE, SUPREME COURT, PLACE 4",,CHARLES E. WATERBURY,GRN,22,1,25,0,48,23,25
El Paso,031-POLLY HARRIS SR CTR,"JUSTICE, SUPREME COURT, PLACE 6",,NATHAN HECHT,REP,59,3,39,0,101,62,39
El Paso,031-POLLY HARRIS SR CTR,"JUSTICE, SUPREME COURT, PLACE 6",,MICHELE PETTY,DEM,142,6,133,0,281,148,133
El Paso,031-POLLY HARRIS SR CTR,"JUSTICE, SUPREME COURT, PLACE 6",,MARK ASH,LIB,6,1,4,0,11,7,4
El Paso,031-POLLY HARRIS SR CTR,"JUSTICE, SUPREME COURT, PLACE 6",,JIM CHISHOLM,GRN,6,0,9,0,15,6,9
El Paso,031-POLLY HARRIS SR CTR,"PRESIDING JUDGE, COURT OF CRIMINAL APPEALS",,SHARON KELLER,REP,63,4,43,0,110,67,43
El Paso,031-POLLY HARRIS SR CTR,"PRESIDING JUDGE, COURT OF CRIMINAL APPEALS",,KEITH HAMPTON,DEM,142,6,134,0,282,148,134
El Paso,031-POLLY HARRIS SR CTR,"PRESIDING JUDGE, COURT OF CRIMINAL APPEALS",,LANCE STOTT,LIB,7,0,6,0,13,7,6
El Paso,031-POLLY HARRIS SR CTR,"JUDGE, COURT OF CRIMINAL APPEALS, PLACE 7",,BARBARA PARKER HERVE,REP,89,4,76,0,169,93,76
El Paso,031-POLLY HARRIS SR CTR,"JUDGE, COURT OF CRIMINAL APPEALS, PLACE 7",,MARK W. BENNETT,LIB,68,3,71,0,142,71,71
El Paso,031-POLLY HARRIS SR CTR,"JUDGE, COURT OF CRIMINAL APPEALS, PLACE 8",,ELSA ALCALA,REP,91,6,82,0,179,97,82
El Paso,031-POLLY HARRIS SR CTR,"JUDGE, COURT OF CRIMINAL APPEALS, PLACE 8",,WILLIAM BRYAN STRANG,LIB,62,2,61,0,125,64,61
El Paso,031-POLLY HARRIS SR CTR,MEMBER STATE BOARD OF EDUCATION DISTRICT 1,,CARLOS CHARLIE GARZA,REP,65,4,45,0,114,69,45
El Paso,031-POLLY HARRIS SR CTR,MEMBER STATE BOARD OF EDUCATION DISTRICT 1,,MARTHA M. DOMINGUEZ,DEM,149,6,137,0,292,155,137
El Paso,031-POLLY HARRIS SR CTR,STATE SENATOR DISTRICT 29,,DAN CHAVEZ,REP,62,3,37,0,102,65,37
El Paso,031-POLLY HARRIS SR CTR,STATE SENATOR DISTRICT 29,,JOSE R. RODRIGUEZ,DEM,148,7,150,0,305,155,150
El Paso,031-POLLY HARRIS SR CTR,STATE REPRESENTATIVE DISTRICT 77,,MARISA MARQUEZ,DEM,160,9,161,0,330,169,161
El Paso,031-POLLY HARRIS SR CTR,"CHIEF JUSTICE, COURT OF APPEALS 8TH DISTRICT",,ANN CRAWFORD MCCLURE,DEM,158,9,157,0,324,167,157
El Paso,031-POLLY HARRIS SR CTR,"JUSTICE, 8TH COURT OF APPEALS DISTRICT, PLACE 2",,CHRIS ANTCLIFF,REP,66,3,45,0,114,69,45
El Paso,031-POLLY HARRIS SR CTR,"JUSTICE, 8TH COURT OF APPEALS DISTRICT, PLACE 2",,YVONNE RODRIGUEZ,DEM,145,7,140,0,292,152,140
El Paso,031-POLLY HARRIS SR CTR,"JUSTICE, 8TH COURT OF APPEALS DISTRICT, PLACE 3",,GUADALUPE LUPE RIVER,DEM,162,9,155,0,326,171,155
El Paso,031-POLLY HARRIS SR CTR,"DISTRICT JUDGE, 34TH JUDICIAL DISTRICT",,BILL MOODY,DEM,163,9,155,0,327,172,155
El Paso,031-POLLY HARRIS SR CTR,"DISTRICT JUDGE, 41ST JUDICIAL DISTRICT",,ANNA PEREZ,DEM,160,9,152,0,321,169,152
El Paso,031-POLLY HARRIS SR CTR,"DISTRICT JUDGE, 243RD JUDICIAL DISTRICT",,BILLY DON HICKS,REP,73,3,47,0,123,76,47
El Paso,031-POLLY HARRIS SR CTR,"DISTRICT JUDGE, 243RD JUDICIAL DISTRICT",,LUIS AGUILAR,DEM,141,7,134,0,282,148,134
El Paso,031-POLLY HARRIS SR CTR,"DISTRICT JUDGE, 346TH JUDICIAL DISTRICT",,ANGIE J. BARILL,DEM,159,9,155,0,323,168,155
El Paso,031-POLLY HARRIS SR CTR,"DISTRICT JUDGE, 383RD JUDICIAL DISTRICT",,MIKE HERRERA,DEM,160,9,155,0,324,169,155
El Paso,031-POLLY HARRIS SR CTR,"DISTRICT JUDGE, 384TH JUDICIAL DISTRICT",,PATRICK M. GARCIA,DEM,157,9,154,0,320,166,154
El Paso,031-POLLY HARRIS SR CTR,"DISTRICT JUDGE, 388TH JUDICIAL DISTRICT",,LAURA STRATHMANN,DEM,157,9,153,0,319,166,153
El Paso,031-POLLY HARRIS SR CTR,"DISTRICT JUDGE, 409TH JUDICIAL DISTRICT",,SAM MEDRANO JR,DEM,158,9,155,0,322,167,155
El Paso,031-POLLY HARRIS SR CTR,"DISTRICT JUDGE, 448TH JUDICIAL DISTRICT",,SERGIO H. ENRIQUEZ,DEM,155,9,154,0,318,164,154
El Paso,031-POLLY HARRIS SR CTR,"CRIMINAL DISTRICT JUDGE, COURT NO. 1",,DIANE NAVARRETE,DEM,158,9,152,0,319,167,152
El Paso,031-POLLY HARRIS SR CTR,"FAMILY DISTRICT JUDGE, 65TH JUDICIAL DISTRICT",,YAHARA L. GUTIERREZ,DEM,159,9,152,0,320,168,152
El Paso,031-POLLY HARRIS SR CTR,"DISTRICT ATTORNEY, 34TH JUDICIAL DISTRICT",,JAIME ESPARZA,DEM,164,9,150,0,323,173,150
El Paso,031-POLLY HARRIS SR CTR,"JUDGE, COUNTY CRIMINAL COURT NO. 3",,CARLOS CARRASCO,DEM,159,9,154,0,322,168,154
El Paso,031-POLLY HARRIS SR CTR,"JUDGE, COUNTY CRIMINAL COURT NO. 4",,JESUS HERRERA,DEM,155,9,148,0,312,164,148
El Paso,031-POLLY HARRIS SR CTR,COUNTY ATTORNEY,,JO ANNE BERNAL,DEM,156,9,152,0,317,165,152
El Paso,031-POLLY HARRIS SR CTR,SHERIFF,,RICHARD D. WILES,DEM,161,9,153,0,323,170,153
El Paso,031-POLLY HARRIS SR CTR,COUNTY TAX ASSESSOR COLLECTOR,,VICTOR A. FLORES,DEM,165,9,155,0,329,174,155
El Paso,031-POLLY HARRIS SR CTR,"CONSTABLE, PRECINCT NO. 1",,ROBERT WHITE,DEM,157,9,157,0,323,166,157
El Paso,032-MESITA ELEMENTARY,"CITY OF EL PASO, PROPOSITION",,FOR (A FAVOR),NP,406,8,197,2,613,414,199
El Paso,032-MESITA ELEMENTARY,"CITY OF EL PASO, PROPOSITION",,AGAINST (EN CONTRA),NP,137,2,65,0,204,139,65
El Paso,032-MESITA ELEMENTARY,"CITY OF EL PASO, PROPOSITION",,FOR (A FAVOR),NP,389,8,182,2,581,397,184
El Paso,032-MESITA ELEMENTARY,"CITY OF EL PASO, PROPOSITION",,AGAINST (EN CONTRA),NP,143,1,79,0,223,144,79
El Paso,032-MESITA ELEMENTARY,"CITY OF EL PASO, PROPOSITION",,FOR (A FAVOR),NP,326,4,161,1,492,330,162
El Paso,032-MESITA ELEMENTARY,"CITY OF EL PASO, PROPOSITION",,AGAINST (EN CONTRA),NP,207,6,96,1,310,213,97
El Paso,032-MESITA ELEMENTARY,STRAIGHT PARTY,,REPUBLICAN,REP,78,3,41,0,122,81,41
El Paso,032-MESITA ELEMENTARY,STRAIGHT PARTY,,DEMOCRAT,DEM,163,4,84,2,253,167,86
El Paso,032-MESITA ELEMENTARY,STRAIGHT PARTY,,LIBERTARIAN,LIB,1,0,5,0,6,1,5
El Paso,032-MESITA ELEMENTARY,STRAIGHT PARTY,,GREEN,GRN,1,0,1,0,2,1,1
El Paso,032-MESITA ELEMENTARY,US PRESIDENT,,MITT ROMNEY,REP,202,7,98,0,307,209,98
El Paso,032-MESITA ELEMENTARY,US PRESIDENT,,BARACK OBAMA,DEM,335,6,159,2,502,341,161
El Paso,032-MESITA ELEMENTARY,US PRESIDENT,,GARY JOHNSON,LIB,8,0,2,0,10,8,2
El Paso,032-MESITA ELEMENTARY,US PRESIDENT,,JILL STEIN,GRN,5,0,4,0,9,5,4
El Paso,032-MESITA ELEMENTARY,US PRESIDENT,,WRITE-IN,NP,3,0,2,0,5,3,2
El Paso,032-MESITA ELEMENTARY,US SENATOR,,TED CRUZ,REP,206,6,103,0,315,212,103
El Paso,032-MESITA ELEMENTARY,US SENATOR,,PAUL SADLER,DEM,310,4,134,2,450,314,136
El Paso,032-MESITA ELEMENTARY,US SENATOR,,JOHN JAY MYERS,LIB,14,0,6,0,20,14,6
El Paso,032-MESITA ELEMENTARY,US SENATOR,,DAVID B. COLLINS,GRN,7,0,10,0,17,7,10
El Paso,032-MESITA ELEMENTARY,US REP DISTRICT 16,,BARBARA CARRASCO,REP,163,5,90,0,258,168,90
El Paso,032-MESITA ELEMENTARY,US REP DISTRICT 16,,BETO OROURKE,DEM,371,7,163,2,543,378,165
El Paso,032-MESITA ELEMENTARY,US REP DISTRICT 16,,JUNART SODOY,LIB,13,0,7,0,20,13,7
El Paso,032-MESITA ELEMENTARY,RAILROAD COMMISSIONER,,CHRISTI CRADDICK,REP,177,5,83,0,265,182,83
El Paso,032-MESITA ELEMENTARY,RAILROAD COMMISSIONER,,DALE HENRY,DEM,297,5,138,2,442,302,140
El Paso,032-MESITA ELEMENTARY,RAILROAD COMMISSIONER,,VIVEKANANDA (VIK) WA,LIB,14,1,9,0,24,15,9
El Paso,032-MESITA ELEMENTARY,RAILROAD COMMISSIONER,,CHRIS KENNEDY,GRN,32,0,10,0,42,32,10
El Paso,032-MESITA ELEMENTARY,RAILROAD COMMISSIONER,,BARRY SMITHERMAN,REP,207,5,103,0,315,212,103
El Paso,032-MESITA ELEMENTARY,RAILROAD COMMISSIONER,,JAIME O. PEREZ,LIB,174,1,75,0,250,175,75
El Paso,032-MESITA ELEMENTARY,RAILROAD COMMISSIONER,,JOSH WENDEL,GRN,60,2,29,2,93,62,31
El Paso,032-MESITA ELEMENTARY,"JUSTICE, SUPREME COURT, PLACE 2",,DON WILLETT,REP,260,5,131,0,396,265,131
El Paso,032-MESITA ELEMENTARY,"JUSTICE, SUPREME COURT, PLACE 2",,RS ROBERT KOELSCH,LIB,164,2,70,1,237,166,71
El Paso,032-MESITA ELEMENTARY,"JUSTICE, SUPREME COURT, PLACE 4",,JOHN DEVINE,REP,229,6,117,0,352,235,117
El Paso,032-MESITA ELEMENTARY,"JUSTICE, SUPREME COURT, PLACE 4",,TOM OXFORD,LIB,128,1,50,0,179,129,50
El Paso,032-MESITA ELEMENTARY,"JUSTICE, SUPREME COURT, PLACE 4",,CHARLES E. WATERBURY,GRN,74,1,31,2,108,75,33
El Paso,032-MESITA ELEMENTARY,"JUSTICE, SUPREME COURT, PLACE 6",,NATHAN HECHT,REP,180,6,80,0,266,186,80
El Paso,032-MESITA ELEMENTARY,"JUSTICE, SUPREME COURT, PLACE 6",,MICHELE PETTY,DEM,299,5,135,2,441,304,137
El Paso,032-MESITA ELEMENTARY,"JUSTICE, SUPREME COURT, PLACE 6",,MARK ASH,LIB,25,0,11,0,36,25,11
El Paso,032-MESITA ELEMENTARY,"JUSTICE, SUPREME COURT, PLACE 6",,JIM CHISHOLM,GRN,17,0,9,0,26,17,9
El Paso,032-MESITA ELEMENTARY,"PRESIDING JUDGE, COURT OF CRIMINAL APPEALS",,SHARON KELLER,REP,190,5,93,0,288,195,93
El Paso,032-MESITA ELEMENTARY,"PRESIDING JUDGE, COURT OF CRIMINAL APPEALS",,KEITH HAMPTON,DEM,306,6,130,2,444,312,132
El Paso,032-MESITA ELEMENTARY,"PRESIDING JUDGE, COURT OF CRIMINAL APPEALS",,LANCE STOTT,LIB,26,0,9,0,35,26,9
El Paso,032-MESITA ELEMENTARY,"JUDGE, COURT OF CRIMINAL APPEALS, PLACE 7",,BARBARA PARKER HERVE,REP,251,7,130,0,388,258,130
El Paso,032-MESITA ELEMENTARY,"JUDGE, COURT OF CRIMINAL APPEALS, PLACE 7",,MARK W. BENNETT,LIB,164,1,65,1,231,165,66
El Paso,032-MESITA ELEMENTARY,"JUDGE, COURT OF CRIMINAL APPEALS, PLACE 8",,ELSA ALCALA,REP,260,7,135,0,402,267,135
El Paso,032-MESITA ELEMENTARY,"JUDGE, COURT OF CRIMINAL APPEALS, PLACE 8",,WILLIAM BRYAN STRANG,LIB,153,0,65,1,219,153,66
El Paso,032-MESITA ELEMENTARY,MEMBER STATE BOARD OF EDUCATION DISTRICT 1,,CARLOS CHARLIE GARZA,REP,199,5,85,0,289,204,85
El Paso,032-MESITA ELEMENTARY,MEMBER STATE BOARD OF EDUCATION DISTRICT 1,,MARTHA M. DOMINGUEZ,DEM,322,6,149,2,479,328,151
El Paso,032-MESITA ELEMENTARY,STATE SENATOR DISTRICT 29,,DAN CHAVEZ,REP,164,5,81,0,250,169,81
El Paso,032-MESITA ELEMENTARY,STATE SENATOR DISTRICT 29,,JOSE R. RODRIGUEZ,DEM,368,6,163,2,539,374,165
El Paso,032-MESITA ELEMENTARY,STATE REPRESENTATIVE DISTRICT 77,,MARISA MARQUEZ,DEM,398,6,176,2,582,404,178
El Paso,032-MESITA ELEMENTARY,"CHIEF JUSTICE, COURT OF APPEALS 8TH DISTRICT",,ANN CRAWFORD MCCLURE,DEM,388,7,171,2,568,395,173
El Paso,032-MESITA ELEMENTARY,"JUSTICE, 8TH COURT OF APPEALS DISTRICT, PLACE 2",,CHRIS ANTCLIFF,REP,242,5,95,0,342,247,95
El Paso,032-MESITA ELEMENTARY,"JUSTICE, 8TH COURT OF APPEALS DISTRICT, PLACE 2",,YVONNE RODRIGUEZ,DEM,293,6,146,2,447,299,148
El Paso,032-MESITA ELEMENTARY,"JUSTICE, 8TH COURT OF APPEALS DISTRICT, PLACE 3",,GUADALUPE LUPE RIVER,DEM,390,7,177,2,576,397,179
El Paso,032-MESITA ELEMENTARY,"DISTRICT JUDGE, 34TH JUDICIAL DISTRICT",,BILL MOODY,DEM,391,7,175,2,575,398,177
El Paso,032-MESITA ELEMENTARY,"DISTRICT JUDGE, 41ST JUDICIAL DISTRICT",,ANNA PEREZ,DEM,380,6,176,2,564,386,178
El Paso,032-MESITA ELEMENTARY,"DISTRICT JUDGE, 243RD JUDICIAL DISTRICT",,BILLY DON HICKS,REP,241,5,115,0,361,246,115
El Paso,032-MESITA ELEMENTARY,"DISTRICT JUDGE, 243RD JUDICIAL DISTRICT",,LUIS AGUILAR,DEM,291,6,123,2,422,297,125
El Paso,032-MESITA ELEMENTARY,"DISTRICT JUDGE, 346TH JUDICIAL DISTRICT",,ANGIE J. BARILL,DEM,380,6,170,2,558,386,172
El Paso,032-MESITA ELEMENTARY,"DISTRICT JUDGE, 383RD JUDICIAL DISTRICT",,MIKE HERRERA,DEM,385,6,171,2,564,391,173
El Paso,032-MESITA ELEMENTARY,"DISTRICT JUDGE, 384TH JUDICIAL DISTRICT",,PATRICK M. GARCIA,DEM,378,6,169,2,555,384,171
El Paso,032-MESITA ELEMENTARY,"DISTRICT JUDGE, 388TH JUDICIAL DISTRICT",,LAURA STRATHMANN,DEM,374,6,166,2,548,380,168
El Paso,032-MESITA ELEMENTARY,"DISTRICT JUDGE, 409TH JUDICIAL DISTRICT",,SAM MEDRANO JR,DEM,382,6,169,2,559,388,171
El Paso,032-MESITA ELEMENTARY,"DISTRICT JUDGE, 448TH JUDICIAL DISTRICT",,SERGIO H. ENRIQUEZ,DEM,376,6,167,2,551,382,169
El Paso,032-MESITA ELEMENTARY,"CRIMINAL DISTRICT JUDGE, COURT NO. 1",,DIANE NAVARRETE,DEM,371,6,168,2,547,377,170
El Paso,032-MESITA ELEMENTARY,"FAMILY DISTRICT JUDGE, 65TH JUDICIAL DISTRICT",,YAHARA L. GUTIERREZ,DEM,374,6,171,2,553,380,173
El Paso,032-MESITA ELEMENTARY,"DISTRICT ATTORNEY, 34TH JUDICIAL DISTRICT",,JAIME ESPARZA,DEM,388,6,174,2,570,394,176
El Paso,032-MESITA ELEMENTARY,"JUDGE, COUNTY CRIMINAL COURT NO. 3",,CARLOS CARRASCO,DEM,369,5,170,2,546,374,172
El Paso,032-MESITA ELEMENTARY,"JUDGE, COUNTY CRIMINAL COURT NO. 4",,JESUS HERRERA,DEM,374,6,171,2,553,380,173
El Paso,032-MESITA ELEMENTARY,COUNTY ATTORNEY,,JO ANNE BERNAL,DEM,384,6,173,2,565,390,175
El Paso,032-MESITA ELEMENTARY,SHERIFF,,RICHARD D. WILES,DEM,394,6,185,2,587,400,187
El Paso,032-MESITA ELEMENTARY,COUNTY TAX ASSESSOR COLLECTOR,,VICTOR A. FLORES,DEM,383,6,179,2,570,389,181
El Paso,032-MESITA ELEMENTARY,"CONSTABLE, PRECINCT NO. 1",,ROBERT WHITE,DEM,384,5,173,2,564,389,175
El Paso,033-MESITA ELEMENTARY,"CITY OF EL PASO, PROPOSITION",,FOR (A FAVOR),NP,640,24,298,0,962,664,298
El Paso,033-MESITA ELEMENTARY,"CITY OF EL PASO, PROPOSITION",,AGAINST (EN CONTRA),NP,212,8,89,0,309,220,89
El Paso,033-MESITA ELEMENTARY,"CITY OF EL PASO, PROPOSITION",,FOR (A FAVOR),NP,607,20,286,0,913,627,286
El Paso,033-MESITA ELEMENTARY,"CITY OF EL PASO, PROPOSITION",,AGAINST (EN CONTRA),NP,234,12,100,0,346,246,100
El Paso,033-MESITA ELEMENTARY,"CITY OF EL PASO, PROPOSITION",,FOR (A FAVOR),NP,529,17,253,0,799,546,253
El Paso,033-MESITA ELEMENTARY,"CITY OF EL PASO, PROPOSITION",,AGAINST (EN CONTRA),NP,312,14,130,0,456,326,130
El Paso,033-MESITA ELEMENTARY,STRAIGHT PARTY,,REPUBLICAN,REP,143,8,63,0,214,151,63
El Paso,033-MESITA ELEMENTARY,STRAIGHT PARTY,,DEMOCRAT,DEM,200,10,117,1,328,210,118
El Paso,033-MESITA ELEMENTARY,STRAIGHT PARTY,,LIBERTARIAN,LIB,4,0,2,0,6,4,2
El Paso,033-MESITA ELEMENTARY,STRAIGHT PARTY,,GREEN,GRN,0,0,3,0,3,0,3
El Paso,033-MESITA ELEMENTARY,US PRESIDENT,,MITT ROMNEY,REP,340,16,142,0,498,356,142
El Paso,033-MESITA ELEMENTARY,US PRESIDENT,,BARACK OBAMA,DEM,501,20,235,1,757,521,236
El Paso,033-MESITA ELEMENTARY,US PRESIDENT,,GARY JOHNSON,LIB,11,0,9,0,20,11,9
El Paso,033-MESITA ELEMENTARY,US PRESIDENT,,JILL STEIN,GRN,1,0,4,0,5,1,4
El Paso,033-MESITA ELEMENTARY,US PRESIDENT,,WRITE-IN,NP,4,0,4,0,8,4,4
El Paso,033-MESITA ELEMENTARY,US SENATOR,,TED CRUZ,REP,344,18,142,0,504,362,142
El Paso,033-MESITA ELEMENTARY,US SENATOR,,PAUL SADLER,DEM,454,17,208,1,680,471,209
El Paso,033-MESITA ELEMENTARY,US SENATOR,,JOHN JAY MYERS,LIB,18,0,14,0,32,18,14
El Paso,033-MESITA ELEMENTARY,US SENATOR,,DAVID B. COLLINS,GRN,16,0,10,0,26,16,10
El Paso,033-MESITA ELEMENTARY,US REP DISTRICT 16,,BARBARA CARRASCO,REP,257,12,105,0,374,269,105
El Paso,033-MESITA ELEMENTARY,US REP DISTRICT 16,,BETO OROURKE,DEM,587,23,275,1,886,610,276
El Paso,033-MESITA ELEMENTARY,US REP DISTRICT 16,,JUNART SODOY,LIB,10,0,8,0,18,10,8
El Paso,033-MESITA ELEMENTARY,RAILROAD COMMISSIONER,,CHRISTI CRADDICK,REP,311,16,122,0,449,327,122
El Paso,033-MESITA ELEMENTARY,RAILROAD COMMISSIONER,,DALE HENRY,DEM,413,15,194,1,623,428,195
El Paso,033-MESITA ELEMENTARY,RAILROAD COMMISSIONER,,VIVEKANANDA (VIK) WA,LIB,29,0,16,0,45,29,16
El Paso,033-MESITA ELEMENTARY,RAILROAD COMMISSIONER,,CHRIS KENNEDY,GRN,33,3,19,0,55,36,19
El Paso,033-MESITA ELEMENTARY,RAILROAD COMMISSIONER,,BARRY SMITHERMAN,REP,355,16,132,0,503,371,132
El Paso,033-MESITA ELEMENTARY,RAILROAD COMMISSIONER,,JAIME O. PEREZ,LIB,186,1,115,0,302,187,115
El Paso,033-MESITA ELEMENTARY,RAILROAD COMMISSIONER,,JOSH WENDEL,GRN,138,4,51,0,193,142,51
El Paso,033-MESITA ELEMENTARY,"JUSTICE, SUPREME COURT, PLACE 2",,DON WILLETT,REP,383,15,151,0,549,398,151
El Paso,033-MESITA ELEMENTARY,"JUSTICE, SUPREME COURT, PLACE 2",,RS ROBERT KOELSCH,LIB,257,5,138,0,400,262,138
El Paso,033-MESITA ELEMENTARY,"JUSTICE, SUPREME COURT, PLACE 4",,JOHN DEVINE,REP,355,13,139,0,507,368,139
El Paso,033-MESITA ELEMENTARY,"JUSTICE, SUPREME COURT, PLACE 4",,TOM OXFORD,LIB,174,3,100,0,277,177,100
El Paso,033-MESITA ELEMENTARY,"JUSTICE, SUPREME COURT, PLACE 4",,CHARLES E. WATERBURY,GRN,128,4,53,0,185,132,53
El Paso,033-MESITA ELEMENTARY,"JUSTICE, SUPREME COURT, PLACE 6",,NATHAN HECHT,REP,297,13,109,0,419,310,109
El Paso,033-MESITA ELEMENTARY,"JUSTICE, SUPREME COURT, PLACE 6",,MICHELE PETTY,DEM,443,18,204,1,666,461,205
El Paso,033-MESITA ELEMENTARY,"JUSTICE, SUPREME COURT, PLACE 6",,MARK ASH,LIB,34,0,18,0,52,34,18
El Paso,033-MESITA ELEMENTARY,"JUSTICE, SUPREME COURT, PLACE 6",,JIM CHISHOLM,GRN,27,0,19,0,46,27,19
El Paso,033-MESITA ELEMENTARY,"PRESIDING JUDGE, COURT OF CRIMINAL APPEALS",,SHARON KELLER,REP,322,14,121,0,457,336,121
El Paso,033-MESITA ELEMENTARY,"PRESIDING JUDGE, COURT OF CRIMINAL APPEALS",,KEITH HAMPTON,DEM,427,17,199,1,644,444,200
El Paso,033-MESITA ELEMENTARY,"PRESIDING JUDGE, COURT OF CRIMINAL APPEALS",,LANCE STOTT,LIB,44,0,26,0,70,44,26
El Paso,033-MESITA ELEMENTARY,"JUDGE, COURT OF CRIMINAL APPEALS, PLACE 7",,BARBARA PARKER HERVE,REP,396,18,158,0,572,414,158
El Paso,033-MESITA ELEMENTARY,"JUDGE, COURT OF CRIMINAL APPEALS, PLACE 7",,MARK W. BENNETT,LIB,254,3,129,0,386,257,129
El Paso,033-MESITA ELEMENTARY,"JUDGE, COURT OF CRIMINAL APPEALS, PLACE 8",,ELSA ALCALA,REP,403,16,166,0,585,419,166
El Paso,033-MESITA ELEMENTARY,"JUDGE, COURT OF CRIMINAL APPEALS, PLACE 8",,WILLIAM BRYAN STRANG,LIB,246,4,120,0,370,250,120
El Paso,033-MESITA ELEMENTARY,MEMBER STATE BOARD OF EDUCATION DISTRICT 1,,CARLOS CHARLIE GARZA,REP,327,14,130,0,471,341,130
El Paso,033-MESITA ELEMENTARY,MEMBER STATE BOARD OF EDUCATION DISTRICT 1,,MARTHA M. DOMINGUEZ,DEM,454,17,218,1,690,471,219
El Paso,033-MESITA ELEMENTARY,STATE SENATOR DISTRICT 29,,DAN CHAVEZ,REP,294,14,119,0,427,308,119
El Paso,033-MESITA ELEMENTARY,STATE SENATOR DISTRICT 29,,JOSE R. RODRIGUEZ,DEM,530,18,240,1,789,548,241
El Paso,033-MESITA ELEMENTARY,STATE REPRESENTATIVE DISTRICT 77,,MARISA MARQUEZ,DEM,570,19,250,1,840,589,251
El Paso,033-MESITA ELEMENTARY,"CHIEF JUSTICE, COURT OF APPEALS 8TH DISTRICT",,ANN CRAWFORD MCCLURE,DEM,556,19,241,1,817,575,242
El Paso,033-MESITA ELEMENTARY,"JUSTICE, 8TH COURT OF APPEALS DISTRICT, PLACE 2",,CHRIS ANTCLIFF,REP,418,18,164,0,600,436,164
El Paso,033-MESITA ELEMENTARY,"JUSTICE, 8TH COURT OF APPEALS DISTRICT, PLACE 2",,YVONNE RODRIGUEZ,DEM,387,15,193,1,596,402,194
El Paso,033-MESITA ELEMENTARY,"JUSTICE, 8TH COURT OF APPEALS DISTRICT, PLACE 3",,GUADALUPE LUPE RIVER,DEM,560,18,247,1,826,578,248
El Paso,033-MESITA ELEMENTARY,"DISTRICT JUDGE, 34TH JUDICIAL DISTRICT",,BILL MOODY,DEM,574,19,253,1,847,593,254
El Paso,033-MESITA ELEMENTARY,"DISTRICT JUDGE, 41ST JUDICIAL DISTRICT",,ANNA PEREZ,DEM,548,17,249,1,815,565,250
El Paso,033-MESITA ELEMENTARY,"DISTRICT JUDGE, 243RD JUDICIAL DISTRICT",,BILLY DON HICKS,REP,409,18,191,0,618,427,191
El Paso,033-MESITA ELEMENTARY,"DISTRICT JUDGE, 243RD JUDICIAL DISTRICT",,LUIS AGUILAR,DEM,390,15,179,1,585,405,180
El Paso,033-MESITA ELEMENTARY,"DISTRICT JUDGE, 346TH JUDICIAL DISTRICT",,ANGIE J. BARILL,DEM,542,17,236,1,796,559,237
El Paso,033-MESITA ELEMENTARY,"DISTRICT JUDGE, 383RD JUDICIAL DISTRICT",,MIKE HERRERA,DEM,524,17,235,1,777,541,236
El Paso,033-MESITA ELEMENTARY,"DISTRICT JUDGE, 384TH JUDICIAL DISTRICT",,PATRICK M. GARCIA,DEM,528,17,234,1,780,545,235
El Paso,033-MESITA ELEMENTARY,"DISTRICT JUDGE, 388TH JUDICIAL DISTRICT",,LAURA STRATHMANN,DEM,536,17,238,1,792,553,239
El Paso,033-MESITA ELEMENTARY,"DISTRICT JUDGE, 409TH JUDICIAL DISTRICT",,SAM MEDRANO JR,DEM,526,17,229,1,773,543,230
El Paso,033-MESITA ELEMENTARY,"DISTRICT JUDGE, 448TH JUDICIAL DISTRICT",,SERGIO H. ENRIQUEZ,DEM,525,17,232,1,775,542,233
El Paso,033-MESITA ELEMENTARY,"CRIMINAL DISTRICT JUDGE, COURT NO. 1",,DIANE NAVARRETE,DEM,534,17,233,1,785,551,234
El Paso,033-MESITA ELEMENTARY,"FAMILY DISTRICT JUDGE, 65TH JUDICIAL DISTRICT",,YAHARA L. GUTIERREZ,DEM,532,17,228,1,778,549,229
El Paso,033-MESITA ELEMENTARY,"DISTRICT ATTORNEY, 34TH JUDICIAL DISTRICT",,JAIME ESPARZA,DEM,536,19,239,1,795,555,240
El Paso,033-MESITA ELEMENTARY,"JUDGE, COUNTY CRIMINAL COURT NO. 3",,CARLOS CARRASCO,DEM,515,17,229,1,762,532,230
El Paso,033-MESITA ELEMENTARY,"JUDGE, COUNTY CRIMINAL COURT NO. 4",,JESUS HERRERA,DEM,519,17,225,1,762,536,226
El Paso,033-MESITA ELEMENTARY,COUNTY ATTORNEY,,JO ANNE BERNAL,DEM,536,18,230,1,785,554,231
El Paso,033-MESITA ELEMENTARY,SHERIFF,,RICHARD D. WILES,DEM,575,20,253,1,849,595,254
El Paso,033-MESITA ELEMENTARY,COUNTY TAX ASSESSOR COLLECTOR,,VICTOR A. FLORES,DEM,548,17,239,1,805,565,240
El Paso,033-MESITA ELEMENTARY,"CONSTABLE, PRECINCT NO. 1",,ROBERT WHITE,DEM,524,18,230,1,773,542,231
El Paso,034-MESITA ELEMENTARY,"CITY OF EL PASO, PROPOSITION",,FOR (A FAVOR),NP,104,6,76,1,187,110,77
El Paso,034-MESITA ELEMENTARY,"CITY OF EL PASO, PROPOSITION",,AGAINST (EN CONTRA),NP,18,1,19,0,38,19,19
El Paso,034-MESITA ELEMENTARY,"CITY OF EL PASO, PROPOSITION",,FOR (A FAVOR),NP,98,6,73,1,178,104,74
El Paso,034-MESITA ELEMENTARY,"CITY OF EL PASO, PROPOSITION",,AGAINST (EN CONTRA),NP,17,1,20,0,38,18,20
El Paso,034-MESITA ELEMENTARY,"CITY OF EL PASO, PROPOSITION",,FOR (A FAVOR),NP,70,4,55,1,130,74,56
El Paso,034-MESITA ELEMENTARY,"CITY OF EL PASO, PROPOSITION",,AGAINST (EN CONTRA),NP,51,4,41,0,96,55,41
El Paso,034-MESITA ELEMENTARY,STRAIGHT PARTY,,REPUBLICAN,REP,21,1,12,0,34,22,12
El Paso,034-MESITA ELEMENTARY,STRAIGHT PARTY,,DEMOCRAT,DEM,70,7,65,0,142,77,65
El Paso,034-MESITA ELEMENTARY,STRAIGHT PARTY,,LIBERTARIAN,LIB,0,0,3,0,3,0,3
El Paso,034-MESITA ELEMENTARY,STRAIGHT PARTY,,GREEN,GRN,1,1,1,0,3,2,1
El Paso,034-MESITA ELEMENTARY,US PRESIDENT,,MITT ROMNEY,REP,25,3,17,0,45,28,17
El Paso,034-MESITA ELEMENTARY,US PRESIDENT,,BARACK OBAMA,DEM,95,7,80,1,183,102,81
El Paso,034-MESITA ELEMENTARY,US PRESIDENT,,GARY JOHNSON,LIB,0,0,2,0,2,0,2
El Paso,034-MESITA ELEMENTARY,US PRESIDENT,,JILL STEIN,GRN,0,0,0,0,0,0,0
El Paso,034-MESITA ELEMENTARY,US PRESIDENT,,WRITE-IN,NP,1,0,0,0,1,1,0
El Paso,034-MESITA ELEMENTARY,US SENATOR,,TED CRUZ,REP,28,3,20,0,51,31,20
El Paso,034-MESITA ELEMENTARY,US SENATOR,,PAUL SADLER,DEM,85,7,73,1,166,92,74
El Paso,034-MESITA ELEMENTARY,US SENATOR,,JOHN JAY MYERS,LIB,4,0,2,0,6,4,2
El Paso,034-MESITA ELEMENTARY,US SENATOR,,DAVID B. COLLINS,GRN,1,0,2,0,3,1,2
El Paso,034-MESITA ELEMENTARY,US REP DISTRICT 16,,BARBARA CARRASCO,REP,26,2,19,0,47,28,19
El Paso,034-MESITA ELEMENTARY,US REP DISTRICT 16,,BETO OROURKE,DEM,92,8,76,1,177,100,77
El Paso,034-MESITA ELEMENTARY,US REP DISTRICT 16,,JUNART SODOY,LIB,0,0,3,0,3,0,3
El Paso,034-MESITA ELEMENTARY,RAILROAD COMMISSIONER,,CHRISTI CRADDICK,REP,26,2,15,0,43,28,15
El Paso,034-MESITA ELEMENTARY,RAILROAD COMMISSIONER,,DALE HENRY,DEM,85,7,72,0,164,92,72
El Paso,034-MESITA ELEMENTARY,RAILROAD COMMISSIONER,,VIVEKANANDA (VIK) WA,LIB,3,1,5,0,9,4,5
El Paso,034-MESITA ELEMENTARY,RAILROAD COMMISSIONER,,CHRIS KENNEDY,GRN,4,0,3,1,8,4,4
El Paso,034-MESITA ELEMENTARY,RAILROAD COMMISSIONER,,BARRY SMITHERMAN,REP,26,1,26,0,53,27,26
El Paso,034-MESITA ELEMENTARY,RAILROAD COMMISSIONER,,JAIME O. PEREZ,LIB,44,1,43,0,88,45,43
El Paso,034-MESITA ELEMENTARY,RAILROAD COMMISSIONER,,JOSH WENDEL,GRN,18,2,8,1,29,20,9
El Paso,034-MESITA ELEMENTARY,"JUSTICE, SUPREME COURT, PLACE 2",,DON WILLETT,REP,37,1,29,1,68,38,30
El Paso,034-MESITA ELEMENTARY,"JUSTICE, SUPREME COURT, PLACE 2",,RS ROBERT KOELSCH,LIB,48,3,48,0,99,51,48
El Paso,034-MESITA ELEMENTARY,"JUSTICE, SUPREME COURT, PLACE 4",,JOHN DEVINE,REP,35,2,26,0,63,37,26
El Paso,034-MESITA ELEMENTARY,"JUSTICE, SUPREME COURT, PLACE 4",,TOM OXFORD,LIB,30,1,35,0,66,31,35
El Paso,034-MESITA ELEMENTARY,"JUSTICE, SUPREME COURT, PLACE 4",,CHARLES E. WATERBURY,GRN,18,1,15,1,35,19,16
El Paso,034-MESITA ELEMENTARY,"JUSTICE, SUPREME COURT, PLACE 6",,NATHAN HECHT,REP,26,2,13,0,41,28,13
El Paso,034-MESITA ELEMENTARY,"JUSTICE, SUPREME COURT, PLACE 6",,MICHELE PETTY,DEM,86,8,78,1,173,94,79
El Paso,034-MESITA ELEMENTARY,"JUSTICE, SUPREME COURT, PLACE 6",,MARK ASH,LIB,1,0,4,0,5,1,4
El Paso,034-MESITA ELEMENTARY,"JUSTICE, SUPREME COURT, PLACE 6",,JIM CHISHOLM,GRN,2,0,3,0,5,2,3
El Paso,034-MESITA ELEMENTARY,"PRESIDING JUDGE, COURT OF CRIMINAL APPEALS",,SHARON KELLER,REP,25,2,20,0,47,27,20
El Paso,034-MESITA ELEMENTARY,"PRESIDING JUDGE, COURT OF CRIMINAL APPEALS",,KEITH HAMPTON,DEM,88,7,71,1,167,95,72
El Paso,034-MESITA ELEMENTARY,"PRESIDING JUDGE, COURT OF CRIMINAL APPEALS",,LANCE STOTT,LIB,2,1,5,0,8,3,5
El Paso,034-MESITA ELEMENTARY,"JUDGE, COURT OF CRIMINAL APPEALS, PLACE 7",,BARBARA PARKER HERVE,REP,37,3,30,1,71,40,31
El Paso,034-MESITA ELEMENTARY,"JUDGE, COURT OF CRIMINAL APPEALS, PLACE 7",,MARK W. BENNETT,LIB,42,1,44,0,87,43,44
El Paso,034-MESITA ELEMENTARY,"JUDGE, COURT OF CRIMINAL APPEALS, PLACE 8",,ELSA ALCALA,REP,38,3,33,1,75,41,34
El Paso,034-MESITA ELEMENTARY,"JUDGE, COURT OF CRIMINAL APPEALS, PLACE 8",,WILLIAM BRYAN STRANG,LIB,43,1,40,0,84,44,40
El Paso,034-MESITA ELEMENTARY,MEMBER STATE BOARD OF EDUCATION DISTRICT 1,,CARLOS CHARLIE GARZA,REP,28,2,18,0,48,30,18
El Paso,034-MESITA ELEMENTARY,MEMBER STATE BOARD OF EDUCATION DISTRICT 1,,MARTHA M. DOMINGUEZ,DEM,89,8,79,1,177,97,80
El Paso,034-MESITA ELEMENTARY,STATE SENATOR DISTRICT 29,,DAN CHAVEZ,REP,26,3,22,0,51,29,22
El Paso,034-MESITA ELEMENTARY,STATE SENATOR DISTRICT 29,,JOSE R. RODRIGUEZ,DEM,92,7,77,1,177,99,78
El Paso,034-MESITA ELEMENTARY,STATE REPRESENTATIVE DISTRICT 77,,MARISA MARQUEZ,DEM,97,8,84,1,190,105,85
El Paso,034-MESITA ELEMENTARY,"CHIEF JUSTICE, COURT OF APPEALS 8TH DISTRICT",,ANN CRAWFORD MCCLURE,DEM,96,8,83,1,188,104,84
El Paso,034-MESITA ELEMENTARY,"JUSTICE, 8TH COURT OF APPEALS DISTRICT, PLACE 2",,CHRIS ANTCLIFF,REP,26,2,20,0,48,28,20
El Paso,034-MESITA ELEMENTARY,"JUSTICE, 8TH COURT OF APPEALS DISTRICT, PLACE 2",,YVONNE RODRIGUEZ,DEM,87,7,78,1,173,94,79
El Paso,034-MESITA ELEMENTARY,"JUSTICE, 8TH COURT OF APPEALS DISTRICT, PLACE 3",,GUADALUPE LUPE RIVER,DEM,95,10,85,1,191,105,86
El Paso,034-MESITA ELEMENTARY,"DISTRICT JUDGE, 34TH JUDICIAL DISTRICT",,BILL MOODY,DEM,101,8,85,1,195,109,86
El Paso,034-MESITA ELEMENTARY,"DISTRICT JUDGE, 41ST JUDICIAL DISTRICT",,ANNA PEREZ,DEM,96,9,86,1,192,105,87
El Paso,034-MESITA ELEMENTARY,"DISTRICT JUDGE, 243RD JUDICIAL DISTRICT",,BILLY DON HICKS,REP,26,1,26,0,53,27,26
El Paso,034-MESITA ELEMENTARY,"DISTRICT JUDGE, 243RD JUDICIAL DISTRICT",,LUIS AGUILAR,DEM,91,8,73,1,173,99,74
El Paso,034-MESITA ELEMENTARY,"DISTRICT JUDGE, 346TH JUDICIAL DISTRICT",,ANGIE J. BARILL,DEM,95,8,84,1,188,103,85
El Paso,034-MESITA ELEMENTARY,"DISTRICT JUDGE, 383RD JUDICIAL DISTRICT",,MIKE HERRERA,DEM,98,8,81,1,188,106,82
El Paso,034-MESITA ELEMENTARY,"DISTRICT JUDGE, 384TH JUDICIAL DISTRICT",,PATRICK M. GARCIA,DEM,96,8,83,1,188,104,84
El Paso,034-MESITA ELEMENTARY,"DISTRICT JUDGE, 388TH JUDICIAL DISTRICT",,LAURA STRATHMANN,DEM,97,8,82,1,188,105,83
El Paso,034-MESITA ELEMENTARY,"DISTRICT JUDGE, 409TH JUDICIAL DISTRICT",,SAM MEDRANO JR,DEM,95,9,82,1,187,104,83
El Paso,034-MESITA ELEMENTARY,"DISTRICT JUDGE, 448TH JUDICIAL DISTRICT",,SERGIO H. ENRIQUEZ,DEM,99,8,80,1,188,107,81
El Paso,034-MESITA ELEMENTARY,"CRIMINAL DISTRICT JUDGE, COURT NO. 1",,DIANE NAVARRETE,DEM,94,9,82,1,186,103,83
El Paso,034-MESITA ELEMENTARY,"FAMILY DISTRICT JUDGE, 65TH JUDICIAL DISTRICT",,YAHARA L. GUTIERREZ,DEM,93,9,80,1,183,102,81
El Paso,034-MESITA ELEMENTARY,"DISTRICT ATTORNEY, 34TH JUDICIAL DISTRICT",,JAIME ESPARZA,DEM,96,9,80,1,186,105,81
El Paso,034-MESITA ELEMENTARY,"JUDGE, COUNTY CRIMINAL COURT NO. 3",,CARLOS CARRASCO,DEM,95,9,85,1,190,104,86
El Paso,034-MESITA ELEMENTARY,"JUDGE, COUNTY CRIMINAL COURT NO. 4",,JESUS HERRERA,DEM,97,8,82,1,188,105,83
El Paso,034-MESITA ELEMENTARY,COUNTY ATTORNEY,,JO ANNE BERNAL,DEM,94,9,80,1,184,103,81
El Paso,034-MESITA ELEMENTARY,SHERIFF,,RICHARD D. WILES,DEM,97,9,85,1,192,106,86
El Paso,034-MESITA ELEMENTARY,COUNTY TAX ASSESSOR COLLECTOR,,VICTOR A. FLORES,DEM,96,9,81,1,187,105,82
El Paso,034-MESITA ELEMENTARY,"CONSTABLE, PRECINCT NO. 1",,ROBERT WHITE,DEM,98,9,82,1,190,107,83
El Paso,035-EL PASO TENNIS CLUB,"CITY OF EL PASO, PROPOSITION",,FOR (A FAVOR),NP,515,19,331,3,868,534,334
El Paso,035-EL PASO TENNIS CLUB,"CITY OF EL PASO, PROPOSITION",,AGAINST (EN CONTRA),NP,169,9,95,0,273,178,95
El Paso,035-EL PASO TENNIS CLUB,"CITY OF EL PASO, PROPOSITION",,FOR (A FAVOR),NP,512,18,319,3,852,530,322
El Paso,035-EL PASO TENNIS CLUB,"CITY OF EL PASO, PROPOSITION",,AGAINST (EN CONTRA),NP,167,10,99,0,276,177,99
El Paso,035-EL PASO TENNIS CLUB,"CITY OF EL PASO, PROPOSITION",,FOR (A FAVOR),NP,448,9,275,1,733,457,276
El Paso,035-EL PASO TENNIS CLUB,"CITY OF EL PASO, PROPOSITION",,AGAINST (EN CONTRA),NP,230,12,141,2,385,242,143
El Paso,035-EL PASO TENNIS CLUB,STRAIGHT PARTY,,REPUBLICAN,REP,96,8,53,0,157,104,53
El Paso,035-EL PASO TENNIS CLUB,STRAIGHT PARTY,,DEMOCRAT,DEM,174,7,138,1,320,181,139
El Paso,035-EL PASO TENNIS CLUB,STRAIGHT PARTY,,LIBERTARIAN,LIB,1,1,2,0,4,2,2
El Paso,035-EL PASO TENNIS CLUB,STRAIGHT PARTY,,GREEN,GRN,2,0,1,0,3,2,1
El Paso,035-EL PASO TENNIS CLUB,US PRESIDENT,,MITT ROMNEY,REP,277,13,172,2,464,290,174
El Paso,035-EL PASO TENNIS CLUB,US PRESIDENT,,BARACK OBAMA,DEM,409,15,261,2,687,424,263
El Paso,035-EL PASO TENNIS CLUB,US PRESIDENT,,GARY JOHNSON,LIB,2,1,2,0,5,3,2
El Paso,035-EL PASO TENNIS CLUB,US PRESIDENT,,JILL STEIN,GRN,4,0,1,0,5,4,1
El Paso,035-EL PASO TENNIS CLUB,US PRESIDENT,,WRITE-IN,NP,1,1,2,0,4,2,2
El Paso,035-EL PASO TENNIS CLUB,US SENATOR,,TED CRUZ,REP,265,11,157,2,435,276,159
El Paso,035-EL PASO TENNIS CLUB,US SENATOR,,PAUL SADLER,DEM,389,17,235,1,642,406,236
El Paso,035-EL PASO TENNIS CLUB,US SENATOR,,JOHN JAY MYERS,LIB,7,2,11,0,20,9,11
El Paso,035-EL PASO TENNIS CLUB,US SENATOR,,DAVID B. COLLINS,GRN,12,0,5,0,17,12,5
El Paso,035-EL PASO TENNIS CLUB,US REP DISTRICT 16,,BARBARA CARRASCO,REP,182,12,109,2,305,194,111
El Paso,035-EL PASO TENNIS CLUB,US REP DISTRICT 16,,BETO OROURKE,DEM,495,17,313,2,827,512,315
El Paso,035-EL PASO TENNIS CLUB,US REP DISTRICT 16,,JUNART SODOY,LIB,5,1,9,0,15,6,9
El Paso,035-EL PASO TENNIS CLUB,RAILROAD COMMISSIONER,,CHRISTI CRADDICK,REP,243,11,124,3,381,254,127
El Paso,035-EL PASO TENNIS CLUB,RAILROAD COMMISSIONER,,DALE HENRY,DEM,333,15,215,1,564,348,216
El Paso,035-EL PASO TENNIS CLUB,RAILROAD COMMISSIONER,,VIVEKANANDA (VIK) WA,LIB,9,2,20,0,31,11,20
El Paso,035-EL PASO TENNIS CLUB,RAILROAD COMMISSIONER,,CHRIS KENNEDY,GRN,38,1,23,0,62,39,23
El Paso,035-EL PASO TENNIS CLUB,RAILROAD COMMISSIONER,,BARRY SMITHERMAN,REP,257,11,148,2,418,268,150
El Paso,035-EL PASO TENNIS CLUB,RAILROAD COMMISSIONER,,JAIME O. PEREZ,LIB,136,3,109,0,248,139,109
El Paso,035-EL PASO TENNIS CLUB,RAILROAD COMMISSIONER,,JOSH WENDEL,GRN,125,7,71,0,203,132,71
El Paso,035-EL PASO TENNIS CLUB,"JUSTICE, SUPREME COURT, PLACE 2",,DON WILLETT,REP,289,13,180,3,485,302,183
El Paso,035-EL PASO TENNIS CLUB,"JUSTICE, SUPREME COURT, PLACE 2",,RS ROBERT KOELSCH,LIB,207,6,134,0,347,213,134
El Paso,035-EL PASO TENNIS CLUB,"JUSTICE, SUPREME COURT, PLACE 4",,JOHN DEVINE,REP,284,13,161,3,461,297,164
El Paso,035-EL PASO TENNIS CLUB,"JUSTICE, SUPREME COURT, PLACE 4",,TOM OXFORD,LIB,122,4,87,0,213,126,87
El Paso,035-EL PASO TENNIS CLUB,"JUSTICE, SUPREME COURT, PLACE 4",,CHARLES E. WATERBURY,GRN,114,6,73,0,193,120,73
El Paso,035-EL PASO TENNIS CLUB,"JUSTICE, SUPREME COURT, PLACE 6",,NATHAN HECHT,REP,230,13,129,2,374,243,131
El Paso,035-EL PASO TENNIS CLUB,"JUSTICE, SUPREME COURT, PLACE 6",,MICHELE PETTY,DEM,359,16,219,1,595,375,220
El Paso,035-EL PASO TENNIS CLUB,"JUSTICE, SUPREME COURT, PLACE 6",,MARK ASH,LIB,22,1,22,1,46,23,23
El Paso,035-EL PASO TENNIS CLUB,"JUSTICE, SUPREME COURT, PLACE 6",,JIM CHISHOLM,GRN,22,0,15,0,37,22,15
El Paso,035-EL PASO TENNIS CLUB,"PRESIDING JUDGE, COURT OF CRIMINAL APPEALS",,SHARON KELLER,REP,232,10,139,3,384,242,142
El Paso,035-EL PASO TENNIS CLUB,"PRESIDING JUDGE, COURT OF CRIMINAL APPEALS",,KEITH HAMPTON,DEM,366,17,218,1,602,383,219
El Paso,035-EL PASO TENNIS CLUB,"PRESIDING JUDGE, COURT OF CRIMINAL APPEALS",,LANCE STOTT,LIB,31,1,31,0,63,32,31
El Paso,035-EL PASO TENNIS CLUB,"JUDGE, COURT OF CRIMINAL APPEALS, PLACE 7",,BARBARA PARKER HERVE,REP,296,13,176,3,488,309,179
El Paso,035-EL PASO TENNIS CLUB,"JUDGE, COURT OF CRIMINAL APPEALS, PLACE 7",,MARK W. BENNETT,LIB,198,4,134,0,336,202,134
El Paso,035-EL PASO TENNIS CLUB,"JUDGE, COURT OF CRIMINAL APPEALS, PLACE 8",,ELSA ALCALA,REP,292,13,183,3,491,305,186
El Paso,035-EL PASO TENNIS CLUB,"JUDGE, COURT OF CRIMINAL APPEALS, PLACE 8",,WILLIAM BRYAN STRANG,LIB,197,5,126,0,328,202,126
El Paso,035-EL PASO TENNIS CLUB,MEMBER STATE BOARD OF EDUCATION DISTRICT 1,,CARLOS CHARLIE GARZA,REP,240,9,136,2,387,249,138
El Paso,035-EL PASO TENNIS CLUB,MEMBER STATE BOARD OF EDUCATION DISTRICT 1,,MARTHA M. DOMINGUEZ,DEM,381,17,240,2,640,398,242
El Paso,035-EL PASO TENNIS CLUB,STATE SENATOR DISTRICT 29,,DAN CHAVEZ,REP,220,9,117,2,348,229,119
El Paso,035-EL PASO TENNIS CLUB,STATE SENATOR DISTRICT 29,,JOSE R. RODRIGUEZ,DEM,439,18,278,2,737,457,280
El Paso,035-EL PASO TENNIS CLUB,STATE REPRESENTATIVE DISTRICT 77,,MARISA MARQUEZ,DEM,463,17,287,2,769,480,289
El Paso,035-EL PASO TENNIS CLUB,"CHIEF JUSTICE, COURT OF APPEALS 8TH DISTRICT",,ANN CRAWFORD MCCLURE,DEM,472,17,281,1,771,489,282
El Paso,035-EL PASO TENNIS CLUB,"JUSTICE, 8TH COURT OF APPEALS DISTRICT, PLACE 2",,CHRIS ANTCLIFF,REP,321,11,177,2,511,332,179
El Paso,035-EL PASO TENNIS CLUB,"JUSTICE, 8TH COURT OF APPEALS DISTRICT, PLACE 2",,YVONNE RODRIGUEZ,DEM,327,17,220,2,566,344,222
El Paso,035-EL PASO TENNIS CLUB,"JUSTICE, 8TH COURT OF APPEALS DISTRICT, PLACE 3",,GUADALUPE LUPE RIVER,DEM,479,15,283,2,779,494,285
El Paso,035-EL PASO TENNIS CLUB,"DISTRICT JUDGE, 34TH JUDICIAL DISTRICT",,BILL MOODY,DEM,481,17,293,2,793,498,295
El Paso,035-EL PASO TENNIS CLUB,"DISTRICT JUDGE, 41ST JUDICIAL DISTRICT",,ANNA PEREZ,DEM,460,14,277,1,752,474,278
El Paso,035-EL PASO TENNIS CLUB,"DISTRICT JUDGE, 243RD JUDICIAL DISTRICT",,BILLY DON HICKS,REP,320,13,167,2,502,333,169
El Paso,035-EL PASO TENNIS CLUB,"DISTRICT JUDGE, 243RD JUDICIAL DISTRICT",,LUIS AGUILAR,DEM,325,15,226,1,567,340,227
El Paso,035-EL PASO TENNIS CLUB,"DISTRICT JUDGE, 346TH JUDICIAL DISTRICT",,ANGIE J. BARILL,DEM,449,14,280,2,745,463,282
El Paso,035-EL PASO TENNIS CLUB,"DISTRICT JUDGE, 383RD JUDICIAL DISTRICT",,MIKE HERRERA,DEM,426,14,273,2,715,440,275
El Paso,035-EL PASO TENNIS CLUB,"DISTRICT JUDGE, 384TH JUDICIAL DISTRICT",,PATRICK M. GARCIA,DEM,431,14,276,1,722,445,277
El Paso,035-EL PASO TENNIS CLUB,"DISTRICT JUDGE, 388TH JUDICIAL DISTRICT",,LAURA STRATHMANN,DEM,445,14,282,2,743,459,284
El Paso,035-EL PASO TENNIS CLUB,"DISTRICT JUDGE, 409TH JUDICIAL DISTRICT",,SAM MEDRANO JR,DEM,439,14,276,2,731,453,278
El Paso,035-EL PASO TENNIS CLUB,"DISTRICT JUDGE, 448TH JUDICIAL DISTRICT",,SERGIO H. ENRIQUEZ,DEM,430,14,277,2,723,444,279
El Paso,035-EL PASO TENNIS CLUB,"CRIMINAL DISTRICT JUDGE, COURT NO. 1",,DIANE NAVARRETE,DEM,443,15,274,2,734,458,276
El Paso,035-EL PASO TENNIS CLUB,"FAMILY DISTRICT JUDGE, 65TH JUDICIAL DISTRICT",,YAHARA L. GUTIERREZ,DEM,436,14,270,2,722,450,272
El Paso,035-EL PASO TENNIS CLUB,"DISTRICT ATTORNEY, 34TH JUDICIAL DISTRICT",,JAIME ESPARZA,DEM,464,14,291,2,771,478,293
El Paso,035-EL PASO TENNIS CLUB,"JUDGE, COUNTY CRIMINAL COURT NO. 3",,CARLOS CARRASCO,DEM,431,14,272,2,719,445,274
El Paso,035-EL PASO TENNIS CLUB,"JUDGE, COUNTY CRIMINAL COURT NO. 4",,JESUS HERRERA,DEM,426,14,270,2,712,440,272
El Paso,035-EL PASO TENNIS CLUB,COUNTY ATTORNEY,,JO ANNE BERNAL,DEM,454,14,285,2,755,468,287
El Paso,035-EL PASO TENNIS CLUB,SHERIFF,,RICHARD D. WILES,DEM,480,15,295,2,792,495,297
El Paso,035-EL PASO TENNIS CLUB,COUNTY TAX ASSESSOR COLLECTOR,,VICTOR A. FLORES,DEM,457,16,289,2,764,473,291
El Paso,035-EL PASO TENNIS CLUB,"CONSTABLE, PRECINCT NO. 1",,ROBERT WHITE,DEM,440,14,279,2,735,454,281
El Paso,036-VILAS ELEMENTARY,"CITY OF EL PASO, PROPOSITION",,FOR (A FAVOR),NP,321,7,311,1,640,328,312
El Paso,036-VILAS ELEMENTARY,"CITY OF EL PASO, PROPOSITION",,AGAINST (EN CONTRA),NP,74,7,89,1,171,81,90
El Paso,036-VILAS ELEMENTARY,"CITY OF EL PASO, PROPOSITION",,FOR (A FAVOR),NP,308,9,290,2,609,317,292
El Paso,036-VILAS ELEMENTARY,"CITY OF EL PASO, PROPOSITION",,AGAINST (EN CONTRA),NP,73,5,86,0,164,78,86
El Paso,036-VILAS ELEMENTARY,"CITY OF EL PASO, PROPOSITION",,FOR (A FAVOR),NP,229,7,223,2,461,236,225
El Paso,036-VILAS ELEMENTARY,"CITY OF EL PASO, PROPOSITION",,AGAINST (EN CONTRA),NP,158,5,164,0,327,163,164
El Paso,036-VILAS ELEMENTARY,STRAIGHT PARTY,,REPUBLICAN,REP,46,3,37,0,86,49,37
El Paso,036-VILAS ELEMENTARY,STRAIGHT PARTY,,DEMOCRAT,DEM,170,8,239,2,419,178,241
El Paso,036-VILAS ELEMENTARY,STRAIGHT PARTY,,LIBERTARIAN,LIB,6,0,5,0,11,6,5
El Paso,036-VILAS ELEMENTARY,STRAIGHT PARTY,,GREEN,GRN,2,0,3,0,5,2,3
El Paso,036-VILAS ELEMENTARY,US PRESIDENT,,MITT ROMNEY,REP,82,5,69,0,156,87,69
El Paso,036-VILAS ELEMENTARY,US PRESIDENT,,BARACK OBAMA,DEM,312,11,328,2,653,323,330
El Paso,036-VILAS ELEMENTARY,US PRESIDENT,,GARY JOHNSON,LIB,9,0,11,0,20,9,11
El Paso,036-VILAS ELEMENTARY,US PRESIDENT,,JILL STEIN,GRN,3,0,6,0,9,3,6
El Paso,036-VILAS ELEMENTARY,US PRESIDENT,,WRITE-IN,NP,4,0,5,0,9,4,5
El Paso,036-VILAS ELEMENTARY,US SENATOR,,TED CRUZ,REP,86,5,83,1,175,91,84
El Paso,036-VILAS ELEMENTARY,US SENATOR,,PAUL SADLER,DEM,282,10,298,0,590,292,298
El Paso,036-VILAS ELEMENTARY,US SENATOR,,JOHN JAY MYERS,LIB,12,0,13,0,25,12,13
El Paso,036-VILAS ELEMENTARY,US SENATOR,,DAVID B. COLLINS,GRN,12,1,14,0,27,13,14
El Paso,036-VILAS ELEMENTARY,US REP DISTRICT 16,,BARBARA CARRASCO,REP,81,4,65,0,150,85,65
El Paso,036-VILAS ELEMENTARY,US REP DISTRICT 16,,BETO OROURKE,DEM,307,12,334,2,655,319,336
El Paso,036-VILAS ELEMENTARY,US REP DISTRICT 16,,JUNART SODOY,LIB,11,0,11,0,22,11,11
El Paso,036-VILAS ELEMENTARY,RAILROAD COMMISSIONER,,CHRISTI CRADDICK,REP,72,4,70,0,146,76,70
El Paso,036-VILAS ELEMENTARY,RAILROAD COMMISSIONER,,DALE HENRY,DEM,264,10,294,2,570,274,296
El Paso,036-VILAS ELEMENTARY,RAILROAD COMMISSIONER,,VIVEKANANDA (VIK) WA,LIB,17,0,10,0,27,17,10
El Paso,036-VILAS ELEMENTARY,RAILROAD COMMISSIONER,,CHRIS KENNEDY,GRN,21,2,29,0,52,23,29
El Paso,036-VILAS ELEMENTARY,RAILROAD COMMISSIONER,,BARRY SMITHERMAN,REP,97,5,81,1,184,102,82
El Paso,036-VILAS ELEMENTARY,RAILROAD COMMISSIONER,,JAIME O. PEREZ,LIB,122,2,153,0,277,124,153
El Paso,036-VILAS ELEMENTARY,RAILROAD COMMISSIONER,,JOSH WENDEL,GRN,66,1,78,1,146,67,79
El Paso,036-VILAS ELEMENTARY,"JUSTICE, SUPREME COURT, PLACE 2",,DON WILLETT,REP,129,5,119,0,253,134,119
El Paso,036-VILAS ELEMENTARY,"JUSTICE, SUPREME COURT, PLACE 2",,RS ROBERT KOELSCH,LIB,143,2,180,2,327,145,182
El Paso,036-VILAS ELEMENTARY,"JUSTICE, SUPREME COURT, PLACE 4",,JOHN DEVINE,REP,111,5,108,1,225,116,109
El Paso,036-VILAS ELEMENTARY,"JUSTICE, SUPREME COURT, PLACE 4",,TOM OXFORD,LIB,101,1,120,0,222,102,120
El Paso,036-VILAS ELEMENTARY,"JUSTICE, SUPREME COURT, PLACE 4",,CHARLES E. WATERBURY,GRN,69,2,79,1,151,71,80
El Paso,036-VILAS ELEMENTARY,"JUSTICE, SUPREME COURT, PLACE 6",,NATHAN HECHT,REP,72,4,67,0,143,76,67
El Paso,036-VILAS ELEMENTARY,"JUSTICE, SUPREME COURT, PLACE 6",,MICHELE PETTY,DEM,272,10,299,2,583,282,301
El Paso,036-VILAS ELEMENTARY,"JUSTICE, SUPREME COURT, PLACE 6",,MARK ASH,LIB,15,1,14,0,30,16,14
El Paso,036-VILAS ELEMENTARY,"JUSTICE, SUPREME COURT, PLACE 6",,JIM CHISHOLM,GRN,14,1,21,0,36,15,21
El Paso,036-VILAS ELEMENTARY,"PRESIDING JUDGE, COURT OF CRIMINAL APPEALS",,SHARON KELLER,REP,73,4,69,0,146,77,69
El Paso,036-VILAS ELEMENTARY,"PRESIDING JUDGE, COURT OF CRIMINAL APPEALS",,KEITH HAMPTON,DEM,280,11,302,2,595,291,304
El Paso,036-VILAS ELEMENTARY,"PRESIDING JUDGE, COURT OF CRIMINAL APPEALS",,LANCE STOTT,LIB,18,0,27,0,45,18,27
El Paso,036-VILAS ELEMENTARY,"JUDGE, COURT OF CRIMINAL APPEALS, PLACE 7",,BARBARA PARKER HERVE,REP,127,4,125,0,256,131,125
El Paso,036-VILAS ELEMENTARY,"JUDGE, COURT OF CRIMINAL APPEALS, PLACE 7",,MARK W. BENNETT,LIB,135,2,177,2,316,137,179
El Paso,036-VILAS ELEMENTARY,"JUDGE, COURT OF CRIMINAL APPEALS, PLACE 8",,ELSA ALCALA,REP,133,4,134,1,272,137,135
El Paso,036-VILAS ELEMENTARY,"JUDGE, COURT OF CRIMINAL APPEALS, PLACE 8",,WILLIAM BRYAN STRANG,LIB,127,2,159,1,289,129,160
El Paso,036-VILAS ELEMENTARY,MEMBER STATE BOARD OF EDUCATION DISTRICT 1,,CARLOS CHARLIE GARZA,REP,85,5,71,1,162,90,72
El Paso,036-VILAS ELEMENTARY,MEMBER STATE BOARD OF EDUCATION DISTRICT 1,,MARTHA M. DOMINGUEZ,DEM,287,11,319,1,618,298,320
El Paso,036-VILAS ELEMENTARY,STATE SENATOR DISTRICT 29,,DAN CHAVEZ,REP,72,5,62,0,139,77,62
El Paso,036-VILAS ELEMENTARY,STATE SENATOR DISTRICT 29,,JOSE R. RODRIGUEZ,DEM,316,11,336,2,665,327,338
El Paso,036-VILAS ELEMENTARY,STATE REPRESENTATIVE DISTRICT 77,,MARISA MARQUEZ,DEM,306,10,343,2,661,316,345
El Paso,036-VILAS ELEMENTARY,"CHIEF JUSTICE, COURT OF APPEALS 8TH DISTRICT",,ANN CRAWFORD MCCLURE,DEM,314,11,338,2,665,325,340
El Paso,036-VILAS ELEMENTARY,"JUSTICE, 8TH COURT OF APPEALS DISTRICT, PLACE 2",,CHRIS ANTCLIFF,REP,102,5,78,1,186,107,79
El Paso,036-VILAS ELEMENTARY,"JUSTICE, 8TH COURT OF APPEALS DISTRICT, PLACE 2",,YVONNE RODRIGUEZ,DEM,274,11,313,1,599,285,314
El Paso,036-VILAS ELEMENTARY,"JUSTICE, 8TH COURT OF APPEALS DISTRICT, PLACE 3",,GUADALUPE LUPE RIVER,DEM,305,12,339,2,658,317,341
El Paso,036-VILAS ELEMENTARY,"DISTRICT JUDGE, 34TH JUDICIAL DISTRICT",,BILL MOODY,DEM,311,12,335,2,660,323,337
El Paso,036-VILAS ELEMENTARY,"DISTRICT JUDGE, 41ST JUDICIAL DISTRICT",,ANNA PEREZ,DEM,306,11,334,2,653,317,336
El Paso,036-VILAS ELEMENTARY,"DISTRICT JUDGE, 243RD JUDICIAL DISTRICT",,BILLY DON HICKS,REP,97,5,85,0,187,102,85
El Paso,036-VILAS ELEMENTARY,"DISTRICT JUDGE, 243RD JUDICIAL DISTRICT",,LUIS AGUILAR,DEM,282,11,305,2,600,293,307
El Paso,036-VILAS ELEMENTARY,"DISTRICT JUDGE, 346TH JUDICIAL DISTRICT",,ANGIE J. BARILL,DEM,304,12,328,2,646,316,330
El Paso,036-VILAS ELEMENTARY,"DISTRICT JUDGE, 383RD JUDICIAL DISTRICT",,MIKE HERRERA,DEM,306,12,330,2,650,318,332
El Paso,036-VILAS ELEMENTARY,"DISTRICT JUDGE, 384TH JUDICIAL DISTRICT",,PATRICK M. GARCIA,DEM,304,11,329,2,646,315,331
El Paso,036-VILAS ELEMENTARY,"DISTRICT JUDGE, 388TH JUDICIAL DISTRICT",,LAURA STRATHMANN,DEM,307,11,331,2,651,318,333
El Paso,036-VILAS ELEMENTARY,"DISTRICT JUDGE, 409TH JUDICIAL DISTRICT",,SAM MEDRANO JR,DEM,301,12,329,2,644,313,331
El Paso,036-VILAS ELEMENTARY,"DISTRICT JUDGE, 448TH JUDICIAL DISTRICT",,SERGIO H. ENRIQUEZ,DEM,302,11,333,2,648,313,335
El Paso,036-VILAS ELEMENTARY,"CRIMINAL DISTRICT JUDGE, COURT NO. 1",,DIANE NAVARRETE,DEM,301,11,329,2,643,312,331
El Paso,036-VILAS ELEMENTARY,"FAMILY DISTRICT JUDGE, 65TH JUDICIAL DISTRICT",,YAHARA L. GUTIERREZ,DEM,307,11,331,2,651,318,333
El Paso,036-VILAS ELEMENTARY,"DISTRICT ATTORNEY, 34TH JUDICIAL DISTRICT",,JAIME ESPARZA,DEM,310,12,330,2,654,322,332
El Paso,036-VILAS ELEMENTARY,"JUDGE, COUNTY CRIMINAL COURT NO. 3",,CARLOS CARRASCO,DEM,303,11,336,2,652,314,338
El Paso,036-VILAS ELEMENTARY,"JUDGE, COUNTY CRIMINAL COURT NO. 4",,JESUS HERRERA,DEM,306,12,328,2,648,318,330
El Paso,036-VILAS ELEMENTARY,COUNTY ATTORNEY,,JO ANNE BERNAL,DEM,310,12,332,2,656,322,334
El Paso,036-VILAS ELEMENTARY,SHERIFF,,RICHARD D. WILES,DEM,323,12,340,2,677,335,342
El Paso,036-VILAS ELEMENTARY,COUNTY TAX ASSESSOR COLLECTOR,,VICTOR A. FLORES,DEM,307,13,337,2,659,320,339
El Paso,036-VILAS ELEMENTARY,"CONSTABLE, PRECINCT NO. 1",,ROBERT WHITE,DEM,293,11,334,2,640,304,336
El Paso,037-FATHER PINTO COMPLEX,"CITY OF EL PASO, PROPOSITION",,FOR (A FAVOR),NP,191,16,309,0,516,207,309
El Paso,037-FATHER PINTO COMPLEX,"CITY OF EL PASO, PROPOSITION",,AGAINST (EN CONTRA),NP,46,5,49,0,100,51,49
El Paso,037-FATHER PINTO COMPLEX,"CITY OF EL PASO, PROPOSITION",,FOR (A FAVOR),NP,162,13,266,0,441,175,266
El Paso,037-FATHER PINTO COMPLEX,"CITY OF EL PASO, PROPOSITION",,AGAINST (EN CONTRA),NP,44,9,71,0,124,53,71
El Paso,037-FATHER PINTO COMPLEX,"CITY OF EL PASO, PROPOSITION",,FOR (A FAVOR),NP,136,10,196,0,342,146,196
El Paso,037-FATHER PINTO COMPLEX,"CITY OF EL PASO, PROPOSITION",,AGAINST (EN CONTRA),NP,91,10,154,0,255,101,154
El Paso,037-FATHER PINTO COMPLEX,STRAIGHT PARTY,,REPUBLICAN,REP,35,4,22,0,61,39,22
El Paso,037-FATHER PINTO COMPLEX,STRAIGHT PARTY,,DEMOCRAT,DEM,164,19,347,0,530,183,347
El Paso,037-FATHER PINTO COMPLEX,STRAIGHT PARTY,,LIBERTARIAN,LIB,3,0,3,0,6,3,3
El Paso,037-FATHER PINTO COMPLEX,STRAIGHT PARTY,,GREEN,GRN,1,0,3,0,4,1,3
El Paso,037-FATHER PINTO COMPLEX,US PRESIDENT,,MITT ROMNEY,REP,44,6,31,0,81,50,31
El Paso,037-FATHER PINTO COMPLEX,US PRESIDENT,,BARACK OBAMA,DEM,216,27,398,0,641,243,398
El Paso,037-FATHER PINTO COMPLEX,US PRESIDENT,,GARY JOHNSON,LIB,5,0,3,0,8,5,3
El Paso,037-FATHER PINTO COMPLEX,US PRESIDENT,,JILL STEIN,GRN,1,1,2,0,4,2,2
El Paso,037-FATHER PINTO COMPLEX,US PRESIDENT,,WRITE-IN,NP,0,0,0,0,0,0,0
El Paso,037-FATHER PINTO COMPLEX,US SENATOR,,TED CRUZ,REP,58,9,39,0,106,67,39
El Paso,037-FATHER PINTO COMPLEX,US SENATOR,,PAUL SADLER,DEM,188,22,364,0,574,210,364
El Paso,037-FATHER PINTO COMPLEX,US SENATOR,,JOHN JAY MYERS,LIB,7,0,10,0,17,7,10
El Paso,037-FATHER PINTO COMPLEX,US SENATOR,,DAVID B. COLLINS,GRN,3,0,9,0,12,3,9
El Paso,037-FATHER PINTO COMPLEX,US REP DISTRICT 16,,BARBARA CARRASCO,REP,53,8,51,0,112,61,51
El Paso,037-FATHER PINTO COMPLEX,US REP DISTRICT 16,,BETO OROURKE,DEM,197,23,373,0,593,220,373
El Paso,037-FATHER PINTO COMPLEX,US REP DISTRICT 16,,JUNART SODOY,LIB,8,0,4,0,12,8,4
El Paso,037-FATHER PINTO COMPLEX,RAILROAD COMMISSIONER,,CHRISTI CRADDICK,REP,44,7,29,0,80,51,29
El Paso,037-FATHER PINTO COMPLEX,RAILROAD COMMISSIONER,,DALE HENRY,DEM,192,22,373,0,587,214,373
El Paso,037-FATHER PINTO COMPLEX,RAILROAD COMMISSIONER,,VIVEKANANDA (VIK) WA,LIB,10,0,5,0,15,10,5
El Paso,037-FATHER PINTO COMPLEX,RAILROAD COMMISSIONER,,CHRIS KENNEDY,GRN,8,1,12,0,21,9,12
El Paso,037-FATHER PINTO COMPLEX,RAILROAD COMMISSIONER,,BARRY SMITHERMAN,REP,58,7,61,0,126,65,61
El Paso,037-FATHER PINTO COMPLEX,RAILROAD COMMISSIONER,,JAIME O. PEREZ,LIB,85,4,152,0,241,89,152
El Paso,037-FATHER PINTO COMPLEX,RAILROAD COMMISSIONER,,JOSH WENDEL,GRN,18,2,47,0,67,20,47
El Paso,037-FATHER PINTO COMPLEX,"JUSTICE, SUPREME COURT, PLACE 2",,DON WILLETT,REP,77,7,82,0,166,84,82
El Paso,037-FATHER PINTO COMPLEX,"JUSTICE, SUPREME COURT, PLACE 2",,RS ROBERT KOELSCH,LIB,78,5,166,0,249,83,166
El Paso,037-FATHER PINTO COMPLEX,"JUSTICE, SUPREME COURT, PLACE 4",,JOHN DEVINE,REP,73,7,82,0,162,80,82
El Paso,037-FATHER PINTO COMPLEX,"JUSTICE, SUPREME COURT, PLACE 4",,TOM OXFORD,LIB,54,2,103,0,159,56,103
El Paso,037-FATHER PINTO COMPLEX,"JUSTICE, SUPREME COURT, PLACE 4",,CHARLES E. WATERBURY,GRN,24,3,60,0,87,27,60
El Paso,037-FATHER PINTO COMPLEX,"JUSTICE, SUPREME COURT, PLACE 6",,NATHAN HECHT,REP,45,7,26,0,78,52,26
El Paso,037-FATHER PINTO COMPLEX,"JUSTICE, SUPREME COURT, PLACE 6",,MICHELE PETTY,DEM,195,21,373,0,589,216,373
El Paso,037-FATHER PINTO COMPLEX,"JUSTICE, SUPREME COURT, PLACE 6",,MARK ASH,LIB,9,1,12,0,22,10,12
El Paso,037-FATHER PINTO COMPLEX,"JUSTICE, SUPREME COURT, PLACE 6",,JIM CHISHOLM,GRN,6,0,7,0,13,6,7
El Paso,037-FATHER PINTO COMPLEX,"PRESIDING JUDGE, COURT OF CRIMINAL APPEALS",,SHARON KELLER,REP,51,7,32,0,90,58,32
El Paso,037-FATHER PINTO COMPLEX,"PRESIDING JUDGE, COURT OF CRIMINAL APPEALS",,KEITH HAMPTON,DEM,196,22,375,0,593,218,375
El Paso,037-FATHER PINTO COMPLEX,"PRESIDING JUDGE, COURT OF CRIMINAL APPEALS",,LANCE STOTT,LIB,8,1,10,0,19,9,10
El Paso,037-FATHER PINTO COMPLEX,"JUDGE, COURT OF CRIMINAL APPEALS, PLACE 7",,BARBARA PARKER HERVE,REP,82,8,109,0,199,90,109
El Paso,037-FATHER PINTO COMPLEX,"JUDGE, COURT OF CRIMINAL APPEALS, PLACE 7",,MARK W. BENNETT,LIB,71,4,135,0,210,75,135
El Paso,037-FATHER PINTO COMPLEX,"JUDGE, COURT OF CRIMINAL APPEALS, PLACE 8",,ELSA ALCALA,REP,85,9,122,0,216,94,122
El Paso,037-FATHER PINTO COMPLEX,"JUDGE, COURT OF CRIMINAL APPEALS, PLACE 8",,WILLIAM BRYAN STRANG,LIB,60,3,120,0,183,63,120
El Paso,037-FATHER PINTO COMPLEX,MEMBER STATE BOARD OF EDUCATION DISTRICT 1,,CARLOS CHARLIE GARZA,REP,51,7,38,0,96,58,38
El Paso,037-FATHER PINTO COMPLEX,MEMBER STATE BOARD OF EDUCATION DISTRICT 1,,MARTHA M. DOMINGUEZ,DEM,200,23,378,0,601,223,378
El Paso,037-FATHER PINTO COMPLEX,STATE SENATOR DISTRICT 29,,DAN CHAVEZ,REP,44,7,26,0,77,51,26
El Paso,037-FATHER PINTO COMPLEX,STATE SENATOR DISTRICT 29,,JOSE R. RODRIGUEZ,DEM,212,22,391,0,625,234,391
El Paso,037-FATHER PINTO COMPLEX,STATE REPRESENTATIVE DISTRICT 77,,MARISA MARQUEZ,DEM,218,23,393,0,634,241,393
El Paso,037-FATHER PINTO COMPLEX,"CHIEF JUSTICE, COURT OF APPEALS 8TH DISTRICT",,ANN CRAWFORD MCCLURE,DEM,206,24,392,0,622,230,392
El Paso,037-FATHER PINTO COMPLEX,"JUSTICE, 8TH COURT OF APPEALS DISTRICT, PLACE 2",,CHRIS ANTCLIFF,REP,48,6,32,0,86,54,32
El Paso,037-FATHER PINTO COMPLEX,"JUSTICE, 8TH COURT OF APPEALS DISTRICT, PLACE 2",,YVONNE RODRIGUEZ,DEM,204,22,382,0,608,226,382
El Paso,037-FATHER PINTO COMPLEX,"JUSTICE, 8TH COURT OF APPEALS DISTRICT, PLACE 3",,GUADALUPE LUPE RIVER,DEM,212,23,396,0,631,235,396
El Paso,037-FATHER PINTO COMPLEX,"DISTRICT JUDGE, 34TH JUDICIAL DISTRICT",,BILL MOODY,DEM,210,23,394,0,627,233,394
El Paso,037-FATHER PINTO COMPLEX,"DISTRICT JUDGE, 41ST JUDICIAL DISTRICT",,ANNA PEREZ,DEM,203,25,397,0,625,228,397
El Paso,037-FATHER PINTO COMPLEX,"DISTRICT JUDGE, 243RD JUDICIAL DISTRICT",,BILLY DON HICKS,REP,50,7,34,0,91,57,34
El Paso,037-FATHER PINTO COMPLEX,"DISTRICT JUDGE, 243RD JUDICIAL DISTRICT",,LUIS AGUILAR,DEM,199,22,387,0,608,221,387
El Paso,037-FATHER PINTO COMPLEX,"DISTRICT JUDGE, 346TH JUDICIAL DISTRICT",,ANGIE J. BARILL,DEM,208,24,396,0,628,232,396
El Paso,037-FATHER PINTO COMPLEX,"DISTRICT JUDGE, 383RD JUDICIAL DISTRICT",,MIKE HERRERA,DEM,207,24,399,0,630,231,399
El Paso,037-FATHER PINTO COMPLEX,"DISTRICT JUDGE, 384TH JUDICIAL DISTRICT",,PATRICK M. GARCIA,DEM,204,23,393,0,620,227,393
El Paso,037-FATHER PINTO COMPLEX,"DISTRICT JUDGE, 388TH JUDICIAL DISTRICT",,LAURA STRATHMANN,DEM,205,24,399,0,628,229,399
El Paso,037-FATHER PINTO COMPLEX,"DISTRICT JUDGE, 409TH JUDICIAL DISTRICT",,SAM MEDRANO JR,DEM,204,23,394,0,621,227,394
El Paso,037-FATHER PINTO COMPLEX,"DISTRICT JUDGE, 448TH JUDICIAL DISTRICT",,SERGIO H. ENRIQUEZ,DEM,209,23,390,0,622,232,390
El Paso,037-FATHER PINTO COMPLEX,"CRIMINAL DISTRICT JUDGE, COURT NO. 1",,DIANE NAVARRETE,DEM,206,24,391,0,621,230,391
El Paso,037-FATHER PINTO COMPLEX,"FAMILY DISTRICT JUDGE, 65TH JUDICIAL DISTRICT",,YAHARA L. GUTIERREZ,DEM,205,24,395,0,624,229,395
El Paso,037-FATHER PINTO COMPLEX,"DISTRICT ATTORNEY, 34TH JUDICIAL DISTRICT",,JAIME ESPARZA,DEM,212,25,394,0,631,237,394
El Paso,037-FATHER PINTO COMPLEX,"JUDGE, COUNTY CRIMINAL COURT NO. 3",,CARLOS CARRASCO,DEM,208,23,393,0,624,231,393
El Paso,037-FATHER PINTO COMPLEX,"JUDGE, COUNTY CRIMINAL COURT NO. 4",,JESUS HERRERA,DEM,210,23,390,0,623,233,390
El Paso,037-FATHER PINTO COMPLEX,COUNTY ATTORNEY,,JO ANNE BERNAL,DEM,204,23,397,0,624,227,397
El Paso,037-FATHER PINTO COMPLEX,SHERIFF,,RICHARD D. WILES,DEM,214,24,399,0,637,238,399
El Paso,037-FATHER PINTO COMPLEX,COUNTY TAX ASSESSOR COLLECTOR,,VICTOR A. FLORES,DEM,209,24,396,0,629,233,396
El Paso,037-FATHER PINTO COMPLEX,"CONSTABLE, PRECINCT NO. 3",,HECTOR BERNAL,DEM,203,24,396,0,623,227,396
El Paso,038-FIRE STATION 3,"CITY OF EL PASO, PROPOSITION",,FOR (A FAVOR),NP,228,10,361,0,599,238,361
El Paso,038-FIRE STATION 3,"CITY OF EL PASO, PROPOSITION",,AGAINST (EN CONTRA),NP,61,7,101,0,169,68,101
El Paso,038-FIRE STATION 3,"CITY OF EL PASO, PROPOSITION",,FOR (A FAVOR),NP,215,9,335,0,559,224,335
El Paso,038-FIRE STATION 3,"CITY OF EL PASO, PROPOSITION",,AGAINST (EN CONTRA),NP,66,7,104,0,177,73,104
El Paso,038-FIRE STATION 3,"CITY OF EL PASO, PROPOSITION",,FOR (A FAVOR),NP,158,7,251,0,416,165,251
El Paso,038-FIRE STATION 3,"CITY OF EL PASO, PROPOSITION",,AGAINST (EN CONTRA),NP,123,9,199,0,331,132,199
El Paso,038-FIRE STATION 3,STRAIGHT PARTY,,REPUBLICAN,REP,27,3,42,0,72,30,42
El Paso,038-FIRE STATION 3,STRAIGHT PARTY,,DEMOCRAT,DEM,141,9,274,0,424,150,274
El Paso,038-FIRE STATION 3,STRAIGHT PARTY,,LIBERTARIAN,LIB,2,0,3,0,5,2,3
El Paso,038-FIRE STATION 3,STRAIGHT PARTY,,GREEN,GRN,1,0,3,0,4,1,3
El Paso,038-FIRE STATION 3,US PRESIDENT,,MITT ROMNEY,REP,57,7,78,0,142,64,78
El Paso,038-FIRE STATION 3,US PRESIDENT,,BARACK OBAMA,DEM,235,13,380,0,628,248,380
El Paso,038-FIRE STATION 3,US PRESIDENT,,GARY JOHNSON,LIB,1,0,8,0,9,1,8
El Paso,038-FIRE STATION 3,US PRESIDENT,,JILL STEIN,GRN,5,0,5,0,10,5,5
El Paso,038-FIRE STATION 3,US PRESIDENT,,WRITE-IN,NP,0,0,1,0,1,0,1
El Paso,038-FIRE STATION 3,US SENATOR,,TED CRUZ,REP,67,9,89,0,165,76,89
El Paso,038-FIRE STATION 3,US SENATOR,,PAUL SADLER,DEM,195,11,348,0,554,206,348
El Paso,038-FIRE STATION 3,US SENATOR,,JOHN JAY MYERS,LIB,6,0,12,0,18,6,12
El Paso,038-FIRE STATION 3,US SENATOR,,DAVID B. COLLINS,GRN,8,0,11,0,19,8,11
El Paso,038-FIRE STATION 3,US REP DISTRICT 16,,BARBARA CARRASCO,REP,53,8,90,0,151,61,90
El Paso,038-FIRE STATION 3,US REP DISTRICT 16,,BETO OROURKE,DEM,230,12,365,0,607,242,365
El Paso,038-FIRE STATION 3,US REP DISTRICT 16,,JUNART SODOY,LIB,4,0,11,0,15,4,11
El Paso,038-FIRE STATION 3,RAILROAD COMMISSIONER,,CHRISTI CRADDICK,REP,46,6,65,0,117,52,65
El Paso,038-FIRE STATION 3,RAILROAD COMMISSIONER,,DALE HENRY,DEM,199,12,347,0,558,211,347
El Paso,038-FIRE STATION 3,RAILROAD COMMISSIONER,,VIVEKANANDA (VIK) WA,LIB,8,0,10,0,18,8,10
El Paso,038-FIRE STATION 3,RAILROAD COMMISSIONER,,CHRIS KENNEDY,GRN,24,1,26,0,51,25,26
El Paso,038-FIRE STATION 3,RAILROAD COMMISSIONER,,BARRY SMITHERMAN,REP,68,7,93,0,168,75,93
El Paso,038-FIRE STATION 3,RAILROAD COMMISSIONER,,JAIME O. PEREZ,LIB,98,2,181,0,281,100,181
El Paso,038-FIRE STATION 3,RAILROAD COMMISSIONER,,JOSH WENDEL,GRN,40,2,58,0,100,42,58
El Paso,038-FIRE STATION 3,"JUSTICE, SUPREME COURT, PLACE 2",,DON WILLETT,REP,94,8,139,0,241,102,139
El Paso,038-FIRE STATION 3,"JUSTICE, SUPREME COURT, PLACE 2",,RS ROBERT KOELSCH,LIB,99,3,175,0,277,102,175
El Paso,038-FIRE STATION 3,"JUSTICE, SUPREME COURT, PLACE 4",,JOHN DEVINE,REP,73,7,119,0,199,80,119
El Paso,038-FIRE STATION 3,"JUSTICE, SUPREME COURT, PLACE 4",,TOM OXFORD,LIB,76,1,128,0,205,77,128
El Paso,038-FIRE STATION 3,"JUSTICE, SUPREME COURT, PLACE 4",,CHARLES E. WATERBURY,GRN,43,2,69,0,114,45,69
El Paso,038-FIRE STATION 3,"JUSTICE, SUPREME COURT, PLACE 6",,NATHAN HECHT,REP,45,6,66,0,117,51,66
El Paso,038-FIRE STATION 3,"JUSTICE, SUPREME COURT, PLACE 6",,MICHELE PETTY,DEM,208,12,360,0,580,220,360
El Paso,038-FIRE STATION 3,"JUSTICE, SUPREME COURT, PLACE 6",,MARK ASH,LIB,12,1,15,0,28,13,15
El Paso,038-FIRE STATION 3,"JUSTICE, SUPREME COURT, PLACE 6",,JIM CHISHOLM,GRN,10,0,10,0,20,10,10
El Paso,038-FIRE STATION 3,"PRESIDING JUDGE, COURT OF CRIMINAL APPEALS",,SHARON KELLER,REP,52,7,74,0,133,59,74
El Paso,038-FIRE STATION 3,"PRESIDING JUDGE, COURT OF CRIMINAL APPEALS",,KEITH HAMPTON,DEM,206,12,360,0,578,218,360
El Paso,038-FIRE STATION 3,"PRESIDING JUDGE, COURT OF CRIMINAL APPEALS",,LANCE STOTT,LIB,11,0,16,0,27,11,16
El Paso,038-FIRE STATION 3,"JUDGE, COURT OF CRIMINAL APPEALS, PLACE 7",,BARBARA PARKER HERVE,REP,90,8,136,0,234,98,136
El Paso,038-FIRE STATION 3,"JUDGE, COURT OF CRIMINAL APPEALS, PLACE 7",,MARK W. BENNETT,LIB,102,3,173,0,278,105,173
El Paso,038-FIRE STATION 3,"JUDGE, COURT OF CRIMINAL APPEALS, PLACE 8",,ELSA ALCALA,REP,99,7,166,0,272,106,166
El Paso,038-FIRE STATION 3,"JUDGE, COURT OF CRIMINAL APPEALS, PLACE 8",,WILLIAM BRYAN STRANG,LIB,91,4,142,0,237,95,142
El Paso,038-FIRE STATION 3,MEMBER STATE BOARD OF EDUCATION DISTRICT 1,,CARLOS CHARLIE GARZA,REP,63,6,83,0,152,69,83
El Paso,038-FIRE STATION 3,MEMBER STATE BOARD OF EDUCATION DISTRICT 1,,MARTHA M. DOMINGUEZ,DEM,209,13,375,0,597,222,375
El Paso,038-FIRE STATION 3,STATE SENATOR DISTRICT 29,,DAN CHAVEZ,REP,51,6,71,0,128,57,71
El Paso,038-FIRE STATION 3,STATE SENATOR DISTRICT 29,,JOSE R. RODRIGUEZ,DEM,229,13,392,0,634,242,392
El Paso,038-FIRE STATION 3,STATE REPRESENTATIVE DISTRICT 77,,MARISA MARQUEZ,DEM,228,16,403,0,647,244,403
El Paso,038-FIRE STATION 3,"CHIEF JUSTICE, COURT OF APPEALS 8TH DISTRICT",,ANN CRAWFORD MCCLURE,DEM,235,15,396,0,646,250,396
El Paso,038-FIRE STATION 3,"JUSTICE, 8TH COURT OF APPEALS DISTRICT, PLACE 2",,CHRIS ANTCLIFF,REP,67,6,85,0,158,73,85
El Paso,038-FIRE STATION 3,"JUSTICE, 8TH COURT OF APPEALS DISTRICT, PLACE 2",,YVONNE RODRIGUEZ,DEM,211,13,375,0,599,224,375
El Paso,038-FIRE STATION 3,"JUSTICE, 8TH COURT OF APPEALS DISTRICT, PLACE 3",,GUADALUPE LUPE RIVER,DEM,237,15,405,0,657,252,405
El Paso,038-FIRE STATION 3,"DISTRICT JUDGE, 34TH JUDICIAL DISTRICT",,BILL MOODY,DEM,236,15,402,0,653,251,402
El Paso,038-FIRE STATION 3,"DISTRICT JUDGE, 41ST JUDICIAL DISTRICT",,ANNA PEREZ,DEM,223,15,394,0,632,238,394
El Paso,038-FIRE STATION 3,"DISTRICT JUDGE, 243RD JUDICIAL DISTRICT",,BILLY DON HICKS,REP,70,6,83,0,159,76,83
El Paso,038-FIRE STATION 3,"DISTRICT JUDGE, 243RD JUDICIAL DISTRICT",,LUIS AGUILAR,DEM,197,13,374,0,584,210,374
El Paso,038-FIRE STATION 3,"DISTRICT JUDGE, 346TH JUDICIAL DISTRICT",,ANGIE J. BARILL,DEM,231,15,398,0,644,246,398
El Paso,038-FIRE STATION 3,"DISTRICT JUDGE, 383RD JUDICIAL DISTRICT",,MIKE HERRERA,DEM,227,15,399,0,641,242,399
El Paso,038-FIRE STATION 3,"DISTRICT JUDGE, 384TH JUDICIAL DISTRICT",,PATRICK M. GARCIA,DEM,226,15,401,0,642,241,401
El Paso,038-FIRE STATION 3,"DISTRICT JUDGE, 388TH JUDICIAL DISTRICT",,LAURA STRATHMANN,DEM,233,15,399,0,647,248,399
El Paso,038-FIRE STATION 3,"DISTRICT JUDGE, 409TH JUDICIAL DISTRICT",,SAM MEDRANO JR,DEM,225,15,396,0,636,240,396
El Paso,038-FIRE STATION 3,"DISTRICT JUDGE, 448TH JUDICIAL DISTRICT",,SERGIO H. ENRIQUEZ,DEM,227,15,394,0,636,242,394
El Paso,038-FIRE STATION 3,"CRIMINAL DISTRICT JUDGE, COURT NO. 1",,DIANE NAVARRETE,DEM,226,14,396,0,636,240,396
El Paso,038-FIRE STATION 3,"FAMILY DISTRICT JUDGE, 65TH JUDICIAL DISTRICT",,YAHARA L. GUTIERREZ,DEM,223,14,396,0,633,237,396
El Paso,038-FIRE STATION 3,"DISTRICT ATTORNEY, 34TH JUDICIAL DISTRICT",,JAIME ESPARZA,DEM,223,14,393,0,630,237,393
El Paso,038-FIRE STATION 3,"JUDGE, COUNTY CRIMINAL COURT NO. 3",,CARLOS CARRASCO,DEM,230,14,398,0,642,244,398
El Paso,038-FIRE STATION 3,"JUDGE, COUNTY CRIMINAL COURT NO. 4",,JESUS HERRERA,DEM,227,14,395,0,636,241,395
El Paso,038-FIRE STATION 3,COUNTY ATTORNEY,,JO ANNE BERNAL,DEM,228,14,395,0,637,242,395
El Paso,038-FIRE STATION 3,SHERIFF,,RICHARD D. WILES,DEM,241,14,397,0,652,255,397
El Paso,038-FIRE STATION 3,COUNTY TAX ASSESSOR COLLECTOR,,VICTOR A. FLORES,DEM,236,15,399,0,650,251,399
El Paso,038-FIRE STATION 3,"CONSTABLE, PRECINCT NO. 1",,ROBERT WHITE,DEM,234,14,393,0,641,248,393
El Paso,039-SUN PLAZA HOUSING,"CITY OF EL PASO, PROPOSITION",,FOR (A FAVOR),NP,66,6,127,1,200,72,128
El Paso,039-SUN PLAZA HOUSING,"CITY OF EL PASO, PROPOSITION",,AGAINST (EN CONTRA),NP,17,2,25,0,44,19,25
El Paso,039-SUN PLAZA HOUSING,"CITY OF EL PASO, PROPOSITION",,FOR (A FAVOR),NP,56,5,112,1,174,61,113
El Paso,039-SUN PLAZA HOUSING,"CITY OF EL PASO, PROPOSITION",,AGAINST (EN CONTRA),NP,13,3,31,0,47,16,31
El Paso,039-SUN PLAZA HOUSING,"CITY OF EL PASO, PROPOSITION",,FOR (A FAVOR),NP,49,1,92,0,142,50,92
El Paso,039-SUN PLAZA HOUSING,"CITY OF EL PASO, PROPOSITION",,AGAINST (EN CONTRA),NP,33,6,55,1,95,39,56
El Paso,039-SUN PLAZA HOUSING,STRAIGHT PARTY,,REPUBLICAN,REP,8,2,8,0,18,10,8
El Paso,039-SUN PLAZA HOUSING,STRAIGHT PARTY,,DEMOCRAT,DEM,69,3,127,1,200,72,128
El Paso,039-SUN PLAZA HOUSING,STRAIGHT PARTY,,LIBERTARIAN,LIB,1,0,0,0,1,1,0
El Paso,039-SUN PLAZA HOUSING,STRAIGHT PARTY,,GREEN,GRN,0,0,0,0,0,0,0
El Paso,039-SUN PLAZA HOUSING,US PRESIDENT,,MITT ROMNEY,REP,11,3,18,0,32,14,18
El Paso,039-SUN PLAZA HOUSING,US PRESIDENT,,BARACK OBAMA,DEM,82,6,147,1,236,88,148
El Paso,039-SUN PLAZA HOUSING,US PRESIDENT,,GARY JOHNSON,LIB,1,1,1,0,3,2,1
El Paso,039-SUN PLAZA HOUSING,US PRESIDENT,,JILL STEIN,GRN,1,0,0,0,1,1,0
El Paso,039-SUN PLAZA HOUSING,US PRESIDENT,,WRITE-IN,NP,0,0,0,0,0,0,0
El Paso,039-SUN PLAZA HOUSING,US SENATOR,,TED CRUZ,REP,14,3,18,0,35,17,18
El Paso,039-SUN PLAZA HOUSING,US SENATOR,,PAUL SADLER,DEM,72,4,136,1,213,76,137
El Paso,039-SUN PLAZA HOUSING,US SENATOR,,JOHN JAY MYERS,LIB,4,2,2,0,8,6,2
El Paso,039-SUN PLAZA HOUSING,US SENATOR,,DAVID B. COLLINS,GRN,1,0,2,0,3,1,2
El Paso,039-SUN PLAZA HOUSING,US REP DISTRICT 16,,BARBARA CARRASCO,REP,11,3,23,0,37,14,23
El Paso,039-SUN PLAZA HOUSING,US REP DISTRICT 16,,BETO OROURKE,DEM,81,5,131,1,218,86,132
El Paso,039-SUN PLAZA HOUSING,US REP DISTRICT 16,,JUNART SODOY,LIB,1,1,1,0,3,2,1
El Paso,039-SUN PLAZA HOUSING,RAILROAD COMMISSIONER,,CHRISTI CRADDICK,REP,11,4,11,0,26,15,11
El Paso,039-SUN PLAZA HOUSING,RAILROAD COMMISSIONER,,DALE HENRY,DEM,74,4,136,1,215,78,137
El Paso,039-SUN PLAZA HOUSING,RAILROAD COMMISSIONER,,VIVEKANANDA (VIK) WA,LIB,3,1,2,0,6,4,2
El Paso,039-SUN PLAZA HOUSING,RAILROAD COMMISSIONER,,CHRIS KENNEDY,GRN,3,0,7,0,10,3,7
El Paso,039-SUN PLAZA HOUSING,RAILROAD COMMISSIONER,,BARRY SMITHERMAN,REP,13,5,21,0,39,18,21
El Paso,039-SUN PLAZA HOUSING,RAILROAD COMMISSIONER,,JAIME O. PEREZ,LIB,27,2,48,0,77,29,48
El Paso,039-SUN PLAZA HOUSING,RAILROAD COMMISSIONER,,JOSH WENDEL,GRN,12,0,11,1,24,12,12
El Paso,039-SUN PLAZA HOUSING,"JUSTICE, SUPREME COURT, PLACE 2",,DON WILLETT,REP,21,5,36,0,62,26,36
El Paso,039-SUN PLAZA HOUSING,"JUSTICE, SUPREME COURT, PLACE 2",,RS ROBERT KOELSCH,LIB,28,2,40,1,71,30,41
El Paso,039-SUN PLAZA HOUSING,"JUSTICE, SUPREME COURT, PLACE 4",,JOHN DEVINE,REP,23,5,28,0,56,28,28
El Paso,039-SUN PLAZA HOUSING,"JUSTICE, SUPREME COURT, PLACE 4",,TOM OXFORD,LIB,15,2,32,1,50,17,33
El Paso,039-SUN PLAZA HOUSING,"JUSTICE, SUPREME COURT, PLACE 4",,CHARLES E. WATERBURY,GRN,14,0,18,0,32,14,18
El Paso,039-SUN PLAZA HOUSING,"JUSTICE, SUPREME COURT, PLACE 6",,NATHAN HECHT,REP,10,3,14,0,27,13,14
El Paso,039-SUN PLAZA HOUSING,"JUSTICE, SUPREME COURT, PLACE 6",,MICHELE PETTY,DEM,74,5,137,1,217,79,138
El Paso,039-SUN PLAZA HOUSING,"JUSTICE, SUPREME COURT, PLACE 6",,MARK ASH,LIB,4,1,3,0,8,5,3
El Paso,039-SUN PLAZA HOUSING,"JUSTICE, SUPREME COURT, PLACE 6",,JIM CHISHOLM,GRN,2,0,2,0,4,2,2
El Paso,039-SUN PLAZA HOUSING,"PRESIDING JUDGE, COURT OF CRIMINAL APPEALS",,SHARON KELLER,REP,13,5,15,0,33,18,15
El Paso,039-SUN PLAZA HOUSING,"PRESIDING JUDGE, COURT OF CRIMINAL APPEALS",,KEITH HAMPTON,DEM,73,3,137,1,214,76,138
El Paso,039-SUN PLAZA HOUSING,"PRESIDING JUDGE, COURT OF CRIMINAL APPEALS",,LANCE STOTT,LIB,3,1,3,0,7,4,3
El Paso,039-SUN PLAZA HOUSING,"JUDGE, COURT OF CRIMINAL APPEALS, PLACE 7",,BARBARA PARKER HERVE,REP,25,5,38,0,68,30,38
El Paso,039-SUN PLAZA HOUSING,"JUDGE, COURT OF CRIMINAL APPEALS, PLACE 7",,MARK W. BENNETT,LIB,24,2,37,1,64,26,38
El Paso,039-SUN PLAZA HOUSING,"JUDGE, COURT OF CRIMINAL APPEALS, PLACE 8",,ELSA ALCALA,REP,26,5,37,0,68,31,37
El Paso,039-SUN PLAZA HOUSING,"JUDGE, COURT OF CRIMINAL APPEALS, PLACE 8",,WILLIAM BRYAN STRANG,LIB,23,2,34,1,60,25,35
El Paso,039-SUN PLAZA HOUSING,MEMBER STATE BOARD OF EDUCATION DISTRICT 1,,CARLOS CHARLIE GARZA,REP,11,4,15,0,30,15,15
El Paso,039-SUN PLAZA HOUSING,MEMBER STATE BOARD OF EDUCATION DISTRICT 1,,MARTHA M. DOMINGUEZ,DEM,76,5,140,1,222,81,141
El Paso,039-SUN PLAZA HOUSING,STATE SENATOR DISTRICT 29,,DAN CHAVEZ,REP,9,6,15,0,30,15,15
El Paso,039-SUN PLAZA HOUSING,STATE SENATOR DISTRICT 29,,JOSE R. RODRIGUEZ,DEM,81,3,142,1,227,84,143
El Paso,039-SUN PLAZA HOUSING,STATE REPRESENTATIVE DISTRICT 77,,MARISA MARQUEZ,DEM,76,6,145,1,228,82,146
El Paso,039-SUN PLAZA HOUSING,"CHIEF JUSTICE, COURT OF APPEALS 8TH DISTRICT",,ANN CRAWFORD MCCLURE,DEM,75,6,147,1,229,81,148
El Paso,039-SUN PLAZA HOUSING,"JUSTICE, 8TH COURT OF APPEALS DISTRICT, PLACE 2",,CHRIS ANTCLIFF,REP,13,5,15,0,33,18,15
El Paso,039-SUN PLAZA HOUSING,"JUSTICE, 8TH COURT OF APPEALS DISTRICT, PLACE 2",,YVONNE RODRIGUEZ,DEM,75,4,140,1,220,79,141
El Paso,039-SUN PLAZA HOUSING,"JUSTICE, 8TH COURT OF APPEALS DISTRICT, PLACE 3",,GUADALUPE LUPE RIVER,DEM,77,6,144,1,228,83,145
El Paso,039-SUN PLAZA HOUSING,"DISTRICT JUDGE, 34TH JUDICIAL DISTRICT",,BILL MOODY,DEM,77,6,142,1,226,83,143
El Paso,039-SUN PLAZA HOUSING,"DISTRICT JUDGE, 41ST JUDICIAL DISTRICT",,ANNA PEREZ,DEM,77,6,143,1,227,83,144
El Paso,039-SUN PLAZA HOUSING,"DISTRICT JUDGE, 243RD JUDICIAL DISTRICT",,BILLY DON HICKS,REP,13,5,15,0,33,18,15
El Paso,039-SUN PLAZA HOUSING,"DISTRICT JUDGE, 243RD JUDICIAL DISTRICT",,LUIS AGUILAR,DEM,76,4,140,1,221,80,141
El Paso,039-SUN PLAZA HOUSING,"DISTRICT JUDGE, 346TH JUDICIAL DISTRICT",,ANGIE J. BARILL,DEM,79,6,143,1,229,85,144
El Paso,039-SUN PLAZA HOUSING,"DISTRICT JUDGE, 383RD JUDICIAL DISTRICT",,MIKE HERRERA,DEM,78,6,144,1,229,84,145
El Paso,039-SUN PLAZA HOUSING,"DISTRICT JUDGE, 384TH JUDICIAL DISTRICT",,PATRICK M. GARCIA,DEM,78,6,142,1,227,84,143
El Paso,039-SUN PLAZA HOUSING,"DISTRICT JUDGE, 388TH JUDICIAL DISTRICT",,LAURA STRATHMANN,DEM,76,6,143,1,226,82,144
El Paso,039-SUN PLAZA HOUSING,"DISTRICT JUDGE, 409TH JUDICIAL DISTRICT",,SAM MEDRANO JR,DEM,77,6,141,1,225,83,142
El Paso,039-SUN PLAZA HOUSING,"DISTRICT JUDGE, 448TH JUDICIAL DISTRICT",,SERGIO H. ENRIQUEZ,DEM,78,6,143,1,228,84,144
El Paso,039-SUN PLAZA HOUSING,"CRIMINAL DISTRICT JUDGE, COURT NO. 1",,DIANE NAVARRETE,DEM,79,6,141,1,227,85,142
El Paso,039-SUN PLAZA HOUSING,"FAMILY DISTRICT JUDGE, 65TH JUDICIAL DISTRICT",,YAHARA L. GUTIERREZ,DEM,79,6,140,1,226,85,141
El Paso,039-SUN PLAZA HOUSING,"DISTRICT ATTORNEY, 34TH JUDICIAL DISTRICT",,JAIME ESPARZA,DEM,78,6,147,1,232,84,148
El Paso,039-SUN PLAZA HOUSING,"JUDGE, COUNTY CRIMINAL COURT NO. 3",,CARLOS CARRASCO,DEM,77,6,142,1,226,83,143
El Paso,039-SUN PLAZA HOUSING,"JUDGE, COUNTY CRIMINAL COURT NO. 4",,JESUS HERRERA,DEM,78,6,146,1,231,84,147
El Paso,039-SUN PLAZA HOUSING,COUNTY ATTORNEY,,JO ANNE BERNAL,DEM,78,6,141,1,226,84,142
El Paso,039-SUN PLAZA HOUSING,SHERIFF,,RICHARD D. WILES,DEM,79,6,144,1,230,85,145
El Paso,039-SUN PLAZA HOUSING,COUNTY TAX ASSESSOR COLLECTOR,,VICTOR A. FLORES,DEM,80,6,147,1,234,86,148
El Paso,039-SUN PLAZA HOUSING,"CONSTABLE, PRECINCT NO. 3",,HECTOR BERNAL,DEM,82,6,144,1,233,88,145
El Paso,040-LAMAR ELEMENTARY,"CITY OF EL PASO, PROPOSITION",,FOR (A FAVOR),NP,116,0,132,0,248,116,132
El Paso,040-LAMAR ELEMENTARY,"CITY OF EL PASO, PROPOSITION",,AGAINST (EN CONTRA),NP,35,0,50,0,85,35,50
El Paso,040-LAMAR ELEMENTARY,"CITY OF EL PASO, PROPOSITION",,FOR (A FAVOR),NP,113,0,126,0,239,113,126
El Paso,040-LAMAR ELEMENTARY,"CITY OF EL PASO, PROPOSITION",,AGAINST (EN CONTRA),NP,33,0,55,0,88,33,55
El Paso,040-LAMAR ELEMENTARY,"CITY OF EL PASO, PROPOSITION",,FOR (A FAVOR),NP,85,0,100,0,185,85,100
El Paso,040-LAMAR ELEMENTARY,"CITY OF EL PASO, PROPOSITION",,AGAINST (EN CONTRA),NP,65,0,80,0,145,65,80
El Paso,040-LAMAR ELEMENTARY,STRAIGHT PARTY,,REPUBLICAN,REP,19,0,10,0,29,19,10
El Paso,040-LAMAR ELEMENTARY,STRAIGHT PARTY,,DEMOCRAT,DEM,75,0,111,0,186,75,111
El Paso,040-LAMAR ELEMENTARY,STRAIGHT PARTY,,LIBERTARIAN,LIB,1,0,4,0,5,1,4
El Paso,040-LAMAR ELEMENTARY,STRAIGHT PARTY,,GREEN,GRN,0,0,2,0,2,0,2
El Paso,040-LAMAR ELEMENTARY,US PRESIDENT,,MITT ROMNEY,REP,27,0,21,0,48,27,21
El Paso,040-LAMAR ELEMENTARY,US PRESIDENT,,BARACK OBAMA,DEM,117,0,155,0,272,117,155
El Paso,040-LAMAR ELEMENTARY,US PRESIDENT,,GARY JOHNSON,LIB,2,0,4,0,6,2,4
El Paso,040-LAMAR ELEMENTARY,US PRESIDENT,,JILL STEIN,GRN,0,0,2,0,2,0,2
El Paso,040-LAMAR ELEMENTARY,US PRESIDENT,,WRITE-IN,NP,1,0,2,0,3,1,2
El Paso,040-LAMAR ELEMENTARY,US SENATOR,,TED CRUZ,REP,29,0,29,0,58,29,29
El Paso,040-LAMAR ELEMENTARY,US SENATOR,,PAUL SADLER,DEM,111,0,143,0,254,111,143
El Paso,040-LAMAR ELEMENTARY,US SENATOR,,JOHN JAY MYERS,LIB,4,0,6,0,10,4,6
El Paso,040-LAMAR ELEMENTARY,US SENATOR,,DAVID B. COLLINS,GRN,3,0,6,0,9,3,6
El Paso,040-LAMAR ELEMENTARY,US REP DISTRICT 16,,BARBARA CARRASCO,REP,31,0,29,0,60,31,29
El Paso,040-LAMAR ELEMENTARY,US REP DISTRICT 16,,BETO OROURKE,DEM,107,0,144,0,251,107,144
El Paso,040-LAMAR ELEMENTARY,US REP DISTRICT 16,,JUNART SODOY,LIB,7,0,8,0,15,7,8
El Paso,040-LAMAR ELEMENTARY,RAILROAD COMMISSIONER,,CHRISTI CRADDICK,REP,30,0,18,0,48,30,18
El Paso,040-LAMAR ELEMENTARY,RAILROAD COMMISSIONER,,DALE HENRY,DEM,105,0,143,0,248,105,143
El Paso,040-LAMAR ELEMENTARY,RAILROAD COMMISSIONER,,VIVEKANANDA (VIK) WA,LIB,7,0,7,0,14,7,7
El Paso,040-LAMAR ELEMENTARY,RAILROAD COMMISSIONER,,CHRIS KENNEDY,GRN,4,0,13,0,17,4,13
El Paso,040-LAMAR ELEMENTARY,RAILROAD COMMISSIONER,,BARRY SMITHERMAN,REP,32,0,28,0,60,32,28
El Paso,040-LAMAR ELEMENTARY,RAILROAD COMMISSIONER,,JAIME O. PEREZ,LIB,60,0,90,0,150,60,90
El Paso,040-LAMAR ELEMENTARY,RAILROAD COMMISSIONER,,JOSH WENDEL,GRN,17,0,24,0,41,17,24
El Paso,040-LAMAR ELEMENTARY,"JUSTICE, SUPREME COURT, PLACE 2",,DON WILLETT,REP,48,0,55,0,103,48,55
El Paso,040-LAMAR ELEMENTARY,"JUSTICE, SUPREME COURT, PLACE 2",,RS ROBERT KOELSCH,LIB,57,0,81,0,138,57,81
El Paso,040-LAMAR ELEMENTARY,"JUSTICE, SUPREME COURT, PLACE 4",,JOHN DEVINE,REP,42,0,41,0,83,42,41
El Paso,040-LAMAR ELEMENTARY,"JUSTICE, SUPREME COURT, PLACE 4",,TOM OXFORD,LIB,39,0,62,0,101,39,62
El Paso,040-LAMAR ELEMENTARY,"JUSTICE, SUPREME COURT, PLACE 4",,CHARLES E. WATERBURY,GRN,21,0,32,0,53,21,32
El Paso,040-LAMAR ELEMENTARY,"JUSTICE, SUPREME COURT, PLACE 6",,NATHAN HECHT,REP,25,0,19,0,44,25,19
El Paso,040-LAMAR ELEMENTARY,"JUSTICE, SUPREME COURT, PLACE 6",,MICHELE PETTY,DEM,111,0,147,0,258,111,147
El Paso,040-LAMAR ELEMENTARY,"JUSTICE, SUPREME COURT, PLACE 6",,MARK ASH,LIB,4,0,8,0,12,4,8
El Paso,040-LAMAR ELEMENTARY,"JUSTICE, SUPREME COURT, PLACE 6",,JIM CHISHOLM,GRN,4,0,6,0,10,4,6
El Paso,040-LAMAR ELEMENTARY,"PRESIDING JUDGE, COURT OF CRIMINAL APPEALS",,SHARON KELLER,REP,29,0,27,0,56,29,27
El Paso,040-LAMAR ELEMENTARY,"PRESIDING JUDGE, COURT OF CRIMINAL APPEALS",,KEITH HAMPTON,DEM,107,0,143,0,250,107,143
El Paso,040-LAMAR ELEMENTARY,"PRESIDING JUDGE, COURT OF CRIMINAL APPEALS",,LANCE STOTT,LIB,5,0,11,0,16,5,11
El Paso,040-LAMAR ELEMENTARY,"JUDGE, COURT OF CRIMINAL APPEALS, PLACE 7",,BARBARA PARKER HERVE,REP,44,0,59,0,103,44,59
El Paso,040-LAMAR ELEMENTARY,"JUDGE, COURT OF CRIMINAL APPEALS, PLACE 7",,MARK W. BENNETT,LIB,59,0,76,0,135,59,76
El Paso,040-LAMAR ELEMENTARY,"JUDGE, COURT OF CRIMINAL APPEALS, PLACE 8",,ELSA ALCALA,REP,51,0,65,0,116,51,65
El Paso,040-LAMAR ELEMENTARY,"JUDGE, COURT OF CRIMINAL APPEALS, PLACE 8",,WILLIAM BRYAN STRANG,LIB,51,0,67,0,118,51,67
El Paso,040-LAMAR ELEMENTARY,MEMBER STATE BOARD OF EDUCATION DISTRICT 1,,CARLOS CHARLIE GARZA,REP,29,0,24,0,53,29,24
El Paso,040-LAMAR ELEMENTARY,MEMBER STATE BOARD OF EDUCATION DISTRICT 1,,MARTHA M. DOMINGUEZ,DEM,113,0,157,0,270,113,157
El Paso,040-LAMAR ELEMENTARY,STATE SENATOR DISTRICT 29,,DAN CHAVEZ,REP,28,0,23,0,51,28,23
El Paso,040-LAMAR ELEMENTARY,STATE SENATOR DISTRICT 29,,JOSE R. RODRIGUEZ,DEM,117,0,157,0,274,117,157
El Paso,040-LAMAR ELEMENTARY,STATE REPRESENTATIVE DISTRICT 77,,MARISA MARQUEZ,DEM,114,0,155,0,269,114,155
El Paso,040-LAMAR ELEMENTARY,"CHIEF JUSTICE, COURT OF APPEALS 8TH DISTRICT",,ANN CRAWFORD MCCLURE,DEM,117,0,163,0,280,117,163
El Paso,040-LAMAR ELEMENTARY,"JUSTICE, 8TH COURT OF APPEALS DISTRICT, PLACE 2",,CHRIS ANTCLIFF,REP,31,0,22,0,53,31,22
El Paso,040-LAMAR ELEMENTARY,"JUSTICE, 8TH COURT OF APPEALS DISTRICT, PLACE 2",,YVONNE RODRIGUEZ,DEM,114,0,157,0,271,114,157
El Paso,040-LAMAR ELEMENTARY,"JUSTICE, 8TH COURT OF APPEALS DISTRICT, PLACE 3",,GUADALUPE LUPE RIVER,DEM,116,0,162,0,278,116,162
El Paso,040-LAMAR ELEMENTARY,"DISTRICT JUDGE, 34TH JUDICIAL DISTRICT",,BILL MOODY,DEM,119,0,162,0,281,119,162
El Paso,040-LAMAR ELEMENTARY,"DISTRICT JUDGE, 41ST JUDICIAL DISTRICT",,ANNA PEREZ,DEM,116,0,161,0,277,116,161
El Paso,040-LAMAR ELEMENTARY,"DISTRICT JUDGE, 243RD JUDICIAL DISTRICT",,BILLY DON HICKS,REP,33,0,27,0,60,33,27
El Paso,040-LAMAR ELEMENTARY,"DISTRICT JUDGE, 243RD JUDICIAL DISTRICT",,LUIS AGUILAR,DEM,113,0,156,0,269,113,156
El Paso,040-LAMAR ELEMENTARY,"DISTRICT JUDGE, 346TH JUDICIAL DISTRICT",,ANGIE J. BARILL,DEM,116,0,160,0,276,116,160
El Paso,040-LAMAR ELEMENTARY,"DISTRICT JUDGE, 383RD JUDICIAL DISTRICT",,MIKE HERRERA,DEM,114,0,161,0,275,114,161
El Paso,040-LAMAR ELEMENTARY,"DISTRICT JUDGE, 384TH JUDICIAL DISTRICT",,PATRICK M. GARCIA,DEM,116,0,161,0,277,116,161
El Paso,040-LAMAR ELEMENTARY,"DISTRICT JUDGE, 388TH JUDICIAL DISTRICT",,LAURA STRATHMANN,DEM,120,0,163,0,283,120,163
El Paso,040-LAMAR ELEMENTARY,"DISTRICT JUDGE, 409TH JUDICIAL DISTRICT",,SAM MEDRANO JR,DEM,117,0,158,0,275,117,158
El Paso,040-LAMAR ELEMENTARY,"DISTRICT JUDGE, 448TH JUDICIAL DISTRICT",,SERGIO H. ENRIQUEZ,DEM,116,0,161,0,277,116,161
El Paso,040-LAMAR ELEMENTARY,"CRIMINAL DISTRICT JUDGE, COURT NO. 1",,DIANE NAVARRETE,DEM,118,0,160,0,278,118,160
El Paso,040-LAMAR ELEMENTARY,"FAMILY DISTRICT JUDGE, 65TH JUDICIAL DISTRICT",,YAHARA L. GUTIERREZ,DEM,116,0,162,0,278,116,162
El Paso,040-LAMAR ELEMENTARY,"DISTRICT ATTORNEY, 34TH JUDICIAL DISTRICT",,JAIME ESPARZA,DEM,115,0,159,0,274,115,159
El Paso,040-LAMAR ELEMENTARY,"JUDGE, COUNTY CRIMINAL COURT NO. 3",,CARLOS CARRASCO,DEM,114,0,162,0,276,114,162
El Paso,040-LAMAR ELEMENTARY,"JUDGE, COUNTY CRIMINAL COURT NO. 4",,JESUS HERRERA,DEM,114,0,161,0,275,114,161
El Paso,040-LAMAR ELEMENTARY,COUNTY ATTORNEY,,JO ANNE BERNAL,DEM,118,0,162,0,280,118,162
El Paso,040-LAMAR ELEMENTARY,SHERIFF,,RICHARD D. WILES,DEM,119,0,162,0,281,119,162
El Paso,040-LAMAR ELEMENTARY,COUNTY TAX ASSESSOR COLLECTOR,,VICTOR A. FLORES,DEM,115,0,164,0,279,115,164
El Paso,040-LAMAR ELEMENTARY,"CONSTABLE, PRECINCT NO. 3",,HECTOR BERNAL,DEM,118,0,158,0,276,118,158
El Paso,041-CAREER TECH CTR,"CITY OF EL PASO, PROPOSITION",,FOR (A FAVOR),NP,123,4,160,2,289,127,162
El Paso,041-CAREER TECH CTR,"CITY OF EL PASO, PROPOSITION",,AGAINST (EN CONTRA),NP,41,2,30,0,73,43,30
El Paso,041-CAREER TECH CTR,"CITY OF EL PASO, PROPOSITION",,FOR (A FAVOR),NP,102,4,158,1,265,106,159
El Paso,041-CAREER TECH CTR,"CITY OF EL PASO, PROPOSITION",,AGAINST (EN CONTRA),NP,47,2,32,1,82,49,33
El Paso,041-CAREER TECH CTR,"CITY OF EL PASO, PROPOSITION",,FOR (A FAVOR),NP,91,4,118,1,214,95,119
El Paso,041-CAREER TECH CTR,"CITY OF EL PASO, PROPOSITION",,AGAINST (EN CONTRA),NP,68,1,70,1,140,69,71
El Paso,041-CAREER TECH CTR,STRAIGHT PARTY,,REPUBLICAN,REP,16,4,21,0,41,20,21
El Paso,041-CAREER TECH CTR,STRAIGHT PARTY,,DEMOCRAT,DEM,95,2,116,2,215,97,118
El Paso,041-CAREER TECH CTR,STRAIGHT PARTY,,LIBERTARIAN,LIB,1,0,0,0,1,1,0
El Paso,041-CAREER TECH CTR,STRAIGHT PARTY,,GREEN,GRN,0,0,0,0,0,0,0
El Paso,041-CAREER TECH CTR,US PRESIDENT,,MITT ROMNEY,REP,33,4,33,0,70,37,33
El Paso,041-CAREER TECH CTR,US PRESIDENT,,BARACK OBAMA,DEM,141,3,158,2,304,144,160
El Paso,041-CAREER TECH CTR,US PRESIDENT,,GARY JOHNSON,LIB,2,0,0,0,2,2,0
El Paso,041-CAREER TECH CTR,US PRESIDENT,,JILL STEIN,GRN,0,0,3,0,3,0,3
El Paso,041-CAREER TECH CTR,US PRESIDENT,,WRITE-IN,NP,0,0,0,0,0,0,0
El Paso,041-CAREER TECH CTR,US SENATOR,,TED CRUZ,REP,39,4,42,0,85,43,42
El Paso,041-CAREER TECH CTR,US SENATOR,,PAUL SADLER,DEM,124,3,139,2,268,127,141
El Paso,041-CAREER TECH CTR,US SENATOR,,JOHN JAY MYERS,LIB,2,0,4,0,6,2,4
El Paso,041-CAREER TECH CTR,US SENATOR,,DAVID B. COLLINS,GRN,1,0,3,0,4,1,3
El Paso,041-CAREER TECH CTR,US REP DISTRICT 16,,BARBARA CARRASCO,REP,31,4,40,0,75,35,40
El Paso,041-CAREER TECH CTR,US REP DISTRICT 16,,BETO OROURKE,DEM,139,3,151,2,295,142,153
El Paso,041-CAREER TECH CTR,US REP DISTRICT 16,,JUNART SODOY,LIB,1,0,1,0,2,1,1
El Paso,041-CAREER TECH CTR,RAILROAD COMMISSIONER,,CHRISTI CRADDICK,REP,30,4,34,0,68,34,34
El Paso,041-CAREER TECH CTR,RAILROAD COMMISSIONER,,DALE HENRY,DEM,121,3,143,2,269,124,145
El Paso,041-CAREER TECH CTR,RAILROAD COMMISSIONER,,VIVEKANANDA (VIK) WA,LIB,3,0,1,0,4,3,1
El Paso,041-CAREER TECH CTR,RAILROAD COMMISSIONER,,CHRIS KENNEDY,GRN,9,0,7,0,16,9,7
El Paso,041-CAREER TECH CTR,RAILROAD COMMISSIONER,,BARRY SMITHERMAN,REP,46,5,51,1,103,51,52
El Paso,041-CAREER TECH CTR,RAILROAD COMMISSIONER,,JAIME O. PEREZ,LIB,45,0,74,1,120,45,75
El Paso,041-CAREER TECH CTR,RAILROAD COMMISSIONER,,JOSH WENDEL,GRN,19,0,22,0,41,19,22
El Paso,041-CAREER TECH CTR,"JUSTICE, SUPREME COURT, PLACE 2",,DON WILLETT,REP,52,5,70,0,127,57,70
El Paso,041-CAREER TECH CTR,"JUSTICE, SUPREME COURT, PLACE 2",,RS ROBERT KOELSCH,LIB,59,0,67,2,128,59,69
El Paso,041-CAREER TECH CTR,"JUSTICE, SUPREME COURT, PLACE 4",,JOHN DEVINE,REP,47,5,60,0,112,52,60
El Paso,041-CAREER TECH CTR,"JUSTICE, SUPREME COURT, PLACE 4",,TOM OXFORD,LIB,52,0,53,2,107,52,55
El Paso,041-CAREER TECH CTR,"JUSTICE, SUPREME COURT, PLACE 4",,CHARLES E. WATERBURY,GRN,11,0,22,0,33,11,22
El Paso,041-CAREER TECH CTR,"JUSTICE, SUPREME COURT, PLACE 6",,NATHAN HECHT,REP,29,4,32,0,65,33,32
El Paso,041-CAREER TECH CTR,"JUSTICE, SUPREME COURT, PLACE 6",,MICHELE PETTY,DEM,127,3,145,2,277,130,147
El Paso,041-CAREER TECH CTR,"JUSTICE, SUPREME COURT, PLACE 6",,MARK ASH,LIB,5,0,0,0,5,5,0
El Paso,041-CAREER TECH CTR,"JUSTICE, SUPREME COURT, PLACE 6",,JIM CHISHOLM,GRN,2,0,5,0,7,2,5
El Paso,041-CAREER TECH CTR,"PRESIDING JUDGE, COURT OF CRIMINAL APPEALS",,SHARON KELLER,REP,32,3,35,0,70,35,35
El Paso,041-CAREER TECH CTR,"PRESIDING JUDGE, COURT OF CRIMINAL APPEALS",,KEITH HAMPTON,DEM,126,4,143,2,275,130,145
El Paso,041-CAREER TECH CTR,"PRESIDING JUDGE, COURT OF CRIMINAL APPEALS",,LANCE STOTT,LIB,6,0,3,0,9,6,3
El Paso,041-CAREER TECH CTR,"JUDGE, COURT OF CRIMINAL APPEALS, PLACE 7",,BARBARA PARKER HERVE,REP,49,5,73,1,128,54,74
El Paso,041-CAREER TECH CTR,"JUDGE, COURT OF CRIMINAL APPEALS, PLACE 7",,MARK W. BENNETT,LIB,63,0,63,1,127,63,64
El Paso,041-CAREER TECH CTR,"JUDGE, COURT OF CRIMINAL APPEALS, PLACE 8",,ELSA ALCALA,REP,60,5,79,1,145,65,80
El Paso,041-CAREER TECH CTR,"JUDGE, COURT OF CRIMINAL APPEALS, PLACE 8",,WILLIAM BRYAN STRANG,LIB,51,0,56,1,108,51,57
El Paso,041-CAREER TECH CTR,MEMBER STATE BOARD OF EDUCATION DISTRICT 1,,CARLOS CHARLIE GARZA,REP,35,4,36,0,75,39,36
El Paso,041-CAREER TECH CTR,MEMBER STATE BOARD OF EDUCATION DISTRICT 1,,MARTHA M. DOMINGUEZ,DEM,129,3,149,2,283,132,151
El Paso,041-CAREER TECH CTR,STATE SENATOR DISTRICT 29,,DAN CHAVEZ,REP,32,4,31,0,67,36,31
El Paso,041-CAREER TECH CTR,STATE SENATOR DISTRICT 29,,JOSE R. RODRIGUEZ,DEM,133,3,156,2,294,136,158
El Paso,041-CAREER TECH CTR,STATE REPRESENTATIVE DISTRICT 77,,MARISA MARQUEZ,DEM,141,4,161,2,308,145,163
El Paso,041-CAREER TECH CTR,"CHIEF JUSTICE, COURT OF APPEALS 8TH DISTRICT",,ANN CRAWFORD MCCLURE,DEM,143,4,163,2,312,147,165
El Paso,041-CAREER TECH CTR,"JUSTICE, 8TH COURT OF APPEALS DISTRICT, PLACE 2",,CHRIS ANTCLIFF,REP,36,5,35,0,76,41,35
El Paso,041-CAREER TECH CTR,"JUSTICE, 8TH COURT OF APPEALS DISTRICT, PLACE 2",,YVONNE RODRIGUEZ,DEM,127,2,151,2,282,129,153
El Paso,041-CAREER TECH CTR,"JUSTICE, 8TH COURT OF APPEALS DISTRICT, PLACE 3",,GUADALUPE LUPE RIVER,DEM,141,4,156,2,303,145,158
El Paso,041-CAREER TECH CTR,"DISTRICT JUDGE, 34TH JUDICIAL DISTRICT",,BILL MOODY,DEM,140,4,158,2,304,144,160
El Paso,041-CAREER TECH CTR,"DISTRICT JUDGE, 41ST JUDICIAL DISTRICT",,ANNA PEREZ,DEM,139,4,159,2,304,143,161
El Paso,041-CAREER TECH CTR,"DISTRICT JUDGE, 243RD JUDICIAL DISTRICT",,BILLY DON HICKS,REP,38,4,40,0,82,42,40
El Paso,041-CAREER TECH CTR,"DISTRICT JUDGE, 243RD JUDICIAL DISTRICT",,LUIS AGUILAR,DEM,123,3,145,2,273,126,147
El Paso,041-CAREER TECH CTR,"DISTRICT JUDGE, 346TH JUDICIAL DISTRICT",,ANGIE J. BARILL,DEM,143,4,155,2,304,147,157
El Paso,041-CAREER TECH CTR,"DISTRICT JUDGE, 383RD JUDICIAL DISTRICT",,MIKE HERRERA,DEM,143,4,155,2,304,147,157
El Paso,041-CAREER TECH CTR,"DISTRICT JUDGE, 384TH JUDICIAL DISTRICT",,PATRICK M. GARCIA,DEM,144,4,155,2,305,148,157
El Paso,041-CAREER TECH CTR,"DISTRICT JUDGE, 388TH JUDICIAL DISTRICT",,LAURA STRATHMANN,DEM,147,5,157,2,311,152,159
El Paso,041-CAREER TECH CTR,"DISTRICT JUDGE, 409TH JUDICIAL DISTRICT",,SAM MEDRANO JR,DEM,142,4,156,2,304,146,158
El Paso,041-CAREER TECH CTR,"DISTRICT JUDGE, 448TH JUDICIAL DISTRICT",,SERGIO H. ENRIQUEZ,DEM,140,4,158,2,304,144,160
El Paso,041-CAREER TECH CTR,"CRIMINAL DISTRICT JUDGE, COURT NO. 1",,DIANE NAVARRETE,DEM,143,4,158,2,307,147,160
El Paso,041-CAREER TECH CTR,"FAMILY DISTRICT JUDGE, 65TH JUDICIAL DISTRICT",,YAHARA L. GUTIERREZ,DEM,143,4,155,2,304,147,157
El Paso,041-CAREER TECH CTR,"DISTRICT ATTORNEY, 34TH JUDICIAL DISTRICT",,JAIME ESPARZA,DEM,146,5,158,2,311,151,160
El Paso,041-CAREER TECH CTR,"JUDGE, COUNTY CRIMINAL COURT NO. 3",,CARLOS CARRASCO,DEM,142,4,159,2,307,146,161
El Paso,041-CAREER TECH CTR,"JUDGE, COUNTY CRIMINAL COURT NO. 4",,JESUS HERRERA,DEM,146,4,158,2,310,150,160
El Paso,041-CAREER TECH CTR,COUNTY ATTORNEY,,JO ANNE BERNAL,DEM,144,4,159,2,309,148,161
El Paso,041-CAREER TECH CTR,SHERIFF,,RICHARD D. WILES,DEM,148,4,161,2,315,152,163
El Paso,041-CAREER TECH CTR,COUNTY TAX ASSESSOR COLLECTOR,,VICTOR A. FLORES,DEM,143,4,167,2,316,147,169
El Paso,041-CAREER TECH CTR,"CONSTABLE, PRECINCT NO. 3",,HECTOR BERNAL,DEM,141,4,161,2,308,145,163
El Paso,042-BEALL ELEMENTARY,"CITY OF EL PASO, PROPOSITION",,FOR (A FAVOR),NP,137,6,300,0,443,143,300
El Paso,042-BEALL ELEMENTARY,"CITY OF EL PASO, PROPOSITION",,AGAINST (EN CONTRA),NP,40,1,70,0,111,41,70
El Paso,042-BEALL ELEMENTARY,"CITY OF EL PASO, PROPOSITION",,FOR (A FAVOR),NP,121,6,270,0,397,127,270
El Paso,042-BEALL ELEMENTARY,"CITY OF EL PASO, PROPOSITION",,AGAINST (EN CONTRA),NP,43,1,75,0,119,44,75
El Paso,042-BEALL ELEMENTARY,"CITY OF EL PASO, PROPOSITION",,FOR (A FAVOR),NP,89,4,218,0,311,93,218
El Paso,042-BEALL ELEMENTARY,"CITY OF EL PASO, PROPOSITION",,AGAINST (EN CONTRA),NP,79,3,145,0,227,82,145
El Paso,042-BEALL ELEMENTARY,STRAIGHT PARTY,,REPUBLICAN,REP,19,0,35,0,54,19,35
El Paso,042-BEALL ELEMENTARY,STRAIGHT PARTY,,DEMOCRAT,DEM,125,6,318,0,449,131,318
El Paso,042-BEALL ELEMENTARY,STRAIGHT PARTY,,LIBERTARIAN,LIB,3,0,5,0,8,3,5
El Paso,042-BEALL ELEMENTARY,STRAIGHT PARTY,,GREEN,GRN,0,0,6,0,6,0,6
El Paso,042-BEALL ELEMENTARY,US PRESIDENT,,MITT ROMNEY,REP,24,1,48,0,73,25,48
El Paso,042-BEALL ELEMENTARY,US PRESIDENT,,BARACK OBAMA,DEM,155,9,386,0,550,164,386
El Paso,042-BEALL ELEMENTARY,US PRESIDENT,,GARY JOHNSON,LIB,4,0,3,0,7,4,3
El Paso,042-BEALL ELEMENTARY,US PRESIDENT,,JILL STEIN,GRN,1,0,4,0,5,1,4
El Paso,042-BEALL ELEMENTARY,US PRESIDENT,,WRITE-IN,NP,0,0,2,0,2,0,2
El Paso,042-BEALL ELEMENTARY,US SENATOR,,TED CRUZ,REP,36,1,70,0,107,37,70
El Paso,042-BEALL ELEMENTARY,US SENATOR,,PAUL SADLER,DEM,136,8,336,0,480,144,336
El Paso,042-BEALL ELEMENTARY,US SENATOR,,JOHN JAY MYERS,LIB,6,1,6,0,13,7,6
El Paso,042-BEALL ELEMENTARY,US SENATOR,,DAVID B. COLLINS,GRN,0,0,9,0,9,0,9
El Paso,042-BEALL ELEMENTARY,US REP DISTRICT 16,,BARBARA CARRASCO,REP,31,3,66,0,100,34,66
El Paso,042-BEALL ELEMENTARY,US REP DISTRICT 16,,BETO OROURKE,DEM,141,7,343,0,491,148,343
El Paso,042-BEALL ELEMENTARY,US REP DISTRICT 16,,JUNART SODOY,LIB,7,0,13,0,20,7,13
El Paso,042-BEALL ELEMENTARY,RAILROAD COMMISSIONER,,CHRISTI CRADDICK,REP,25,1,46,0,72,26,46
El Paso,042-BEALL ELEMENTARY,RAILROAD COMMISSIONER,,DALE HENRY,DEM,142,8,339,0,489,150,339
El Paso,042-BEALL ELEMENTARY,RAILROAD COMMISSIONER,,VIVEKANANDA (VIK) WA,LIB,8,0,11,0,19,8,11
El Paso,042-BEALL ELEMENTARY,RAILROAD COMMISSIONER,,CHRIS KENNEDY,GRN,3,1,20,0,24,4,20
El Paso,042-BEALL ELEMENTARY,RAILROAD COMMISSIONER,,BARRY SMITHERMAN,REP,36,2,71,0,109,38,71
El Paso,042-BEALL ELEMENTARY,RAILROAD COMMISSIONER,,JAIME O. PEREZ,LIB,66,2,155,0,223,68,155
El Paso,042-BEALL ELEMENTARY,RAILROAD COMMISSIONER,,JOSH WENDEL,GRN,12,0,30,0,42,12,30
El Paso,042-BEALL ELEMENTARY,"JUSTICE, SUPREME COURT, PLACE 2",,DON WILLETT,REP,48,1,108,0,157,49,108
El Paso,042-BEALL ELEMENTARY,"JUSTICE, SUPREME COURT, PLACE 2",,RS ROBERT KOELSCH,LIB,60,2,141,0,203,62,141
El Paso,042-BEALL ELEMENTARY,"JUSTICE, SUPREME COURT, PLACE 4",,JOHN DEVINE,REP,40,2,107,0,149,42,107
El Paso,042-BEALL ELEMENTARY,"JUSTICE, SUPREME COURT, PLACE 4",,TOM OXFORD,LIB,47,1,86,0,134,48,86
El Paso,042-BEALL ELEMENTARY,"JUSTICE, SUPREME COURT, PLACE 4",,CHARLES E. WATERBURY,GRN,22,0,50,0,72,22,50
El Paso,042-BEALL ELEMENTARY,"JUSTICE, SUPREME COURT, PLACE 6",,NATHAN HECHT,REP,22,1,43,0,66,23,43
El Paso,042-BEALL ELEMENTARY,"JUSTICE, SUPREME COURT, PLACE 6",,MICHELE PETTY,DEM,139,8,350,0,497,147,350
El Paso,042-BEALL ELEMENTARY,"JUSTICE, SUPREME COURT, PLACE 6",,MARK ASH,LIB,12,0,11,0,23,12,11
El Paso,042-BEALL ELEMENTARY,"JUSTICE, SUPREME COURT, PLACE 6",,JIM CHISHOLM,GRN,2,1,7,0,10,3,7
El Paso,042-BEALL ELEMENTARY,"PRESIDING JUDGE, COURT OF CRIMINAL APPEALS",,SHARON KELLER,REP,24,2,55,0,81,26,55
El Paso,042-BEALL ELEMENTARY,"PRESIDING JUDGE, COURT OF CRIMINAL APPEALS",,KEITH HAMPTON,DEM,143,8,343,0,494,151,343
El Paso,042-BEALL ELEMENTARY,"PRESIDING JUDGE, COURT OF CRIMINAL APPEALS",,LANCE STOTT,LIB,7,0,14,0,21,7,14
El Paso,042-BEALL ELEMENTARY,"JUDGE, COURT OF CRIMINAL APPEALS, PLACE 7",,BARBARA PARKER HERVE,REP,57,1,127,0,185,58,127
El Paso,042-BEALL ELEMENTARY,"JUDGE, COURT OF CRIMINAL APPEALS, PLACE 7",,MARK W. BENNETT,LIB,52,3,123,0,178,55,123
El Paso,042-BEALL ELEMENTARY,"JUDGE, COURT OF CRIMINAL APPEALS, PLACE 8",,ELSA ALCALA,REP,57,3,134,0,194,60,134
El Paso,042-BEALL ELEMENTARY,"JUDGE, COURT OF CRIMINAL APPEALS, PLACE 8",,WILLIAM BRYAN STRANG,LIB,46,1,102,0,149,47,102
El Paso,042-BEALL ELEMENTARY,MEMBER STATE BOARD OF EDUCATION DISTRICT 1,,CARLOS CHARLIE GARZA,REP,26,2,57,0,85,28,57
El Paso,042-BEALL ELEMENTARY,MEMBER STATE BOARD OF EDUCATION DISTRICT 1,,MARTHA M. DOMINGUEZ,DEM,149,8,359,0,516,157,359
El Paso,042-BEALL ELEMENTARY,STATE SENATOR DISTRICT 29,,DAN CHAVEZ,REP,24,2,43,0,69,26,43
El Paso,042-BEALL ELEMENTARY,STATE SENATOR DISTRICT 29,,JOSE R. RODRIGUEZ,DEM,157,8,376,0,541,165,376
El Paso,042-BEALL ELEMENTARY,STATE REPRESENTATIVE DISTRICT 77,,MARISA MARQUEZ,DEM,155,9,377,0,541,164,377
El Paso,042-BEALL ELEMENTARY,"CHIEF JUSTICE, COURT OF APPEALS 8TH DISTRICT",,ANN CRAWFORD MCCLURE,DEM,155,9,374,0,538,164,374
El Paso,042-BEALL ELEMENTARY,"JUSTICE, 8TH COURT OF APPEALS DISTRICT, PLACE 2",,CHRIS ANTCLIFF,REP,23,2,41,0,66,25,41
El Paso,042-BEALL ELEMENTARY,"JUSTICE, 8TH COURT OF APPEALS DISTRICT, PLACE 2",,YVONNE RODRIGUEZ,DEM,156,8,365,0,529,164,365
El Paso,042-BEALL ELEMENTARY,"JUSTICE, 8TH COURT OF APPEALS DISTRICT, PLACE 3",,GUADALUPE LUPE RIVER,DEM,156,9,378,0,543,165,378
El Paso,042-BEALL ELEMENTARY,"DISTRICT JUDGE, 34TH JUDICIAL DISTRICT",,BILL MOODY,DEM,160,10,373,0,543,170,373
El Paso,042-BEALL ELEMENTARY,"DISTRICT JUDGE, 41ST JUDICIAL DISTRICT",,ANNA PEREZ,DEM,155,9,371,0,535,164,371
El Paso,042-BEALL ELEMENTARY,"DISTRICT JUDGE, 243RD JUDICIAL DISTRICT",,BILLY DON HICKS,REP,24,2,45,0,71,26,45
El Paso,042-BEALL ELEMENTARY,"DISTRICT JUDGE, 243RD JUDICIAL DISTRICT",,LUIS AGUILAR,DEM,154,7,359,0,520,161,359
El Paso,042-BEALL ELEMENTARY,"DISTRICT JUDGE, 346TH JUDICIAL DISTRICT",,ANGIE J. BARILL,DEM,159,9,366,0,534,168,366
El Paso,042-BEALL ELEMENTARY,"DISTRICT JUDGE, 383RD JUDICIAL DISTRICT",,MIKE HERRERA,DEM,159,9,374,0,542,168,374
El Paso,042-BEALL ELEMENTARY,"DISTRICT JUDGE, 384TH JUDICIAL DISTRICT",,PATRICK M. GARCIA,DEM,160,9,370,0,539,169,370
El Paso,042-BEALL ELEMENTARY,"DISTRICT JUDGE, 388TH JUDICIAL DISTRICT",,LAURA STRATHMANN,DEM,156,9,369,0,534,165,369
El Paso,042-BEALL ELEMENTARY,"DISTRICT JUDGE, 409TH JUDICIAL DISTRICT",,SAM MEDRANO JR,DEM,158,9,375,0,542,167,375
El Paso,042-BEALL ELEMENTARY,"DISTRICT JUDGE, 448TH JUDICIAL DISTRICT",,SERGIO H. ENRIQUEZ,DEM,159,9,367,0,535,168,367
El Paso,042-BEALL ELEMENTARY,"CRIMINAL DISTRICT JUDGE, COURT NO. 1",,DIANE NAVARRETE,DEM,158,9,365,0,532,167,365
El Paso,042-BEALL ELEMENTARY,"FAMILY DISTRICT JUDGE, 65TH JUDICIAL DISTRICT",,YAHARA L. GUTIERREZ,DEM,159,10,370,0,539,169,370
El Paso,042-BEALL ELEMENTARY,"DISTRICT ATTORNEY, 34TH JUDICIAL DISTRICT",,JAIME ESPARZA,DEM,154,9,372,0,535,163,372
El Paso,042-BEALL ELEMENTARY,"JUDGE, COUNTY CRIMINAL COURT NO. 3",,CARLOS CARRASCO,DEM,157,10,371,0,538,167,371
El Paso,042-BEALL ELEMENTARY,"JUDGE, COUNTY CRIMINAL COURT NO. 4",,JESUS HERRERA,DEM,156,10,372,0,538,166,372
El Paso,042-BEALL ELEMENTARY,COUNTY ATTORNEY,,JO ANNE BERNAL,DEM,157,9,371,0,537,166,371
El Paso,042-BEALL ELEMENTARY,SHERIFF,,RICHARD D. WILES,DEM,157,9,379,0,545,166,379
El Paso,042-BEALL ELEMENTARY,COUNTY TAX ASSESSOR COLLECTOR,,VICTOR A. FLORES,DEM,158,9,381,0,548,167,381
El Paso,042-BEALL ELEMENTARY,"CONSTABLE, PRECINCT NO. 3",,HECTOR BERNAL,DEM,159,10,370,0,539,169,370
El Paso,043-DR NIXON ELEMENTARY,"CITY OF EL PASO, PROPOSITION",,FOR (A FAVOR),NP,504,26,253,2,785,530,255
El Paso,043-DR NIXON ELEMENTARY,"CITY OF EL PASO, PROPOSITION",,AGAINST (EN CONTRA),NP,237,9,101,1,348,246,102
El Paso,043-DR NIXON ELEMENTARY,"CITY OF EL PASO, PROPOSITION",,FOR (A FAVOR),NP,457,24,231,2,714,481,233
El Paso,043-DR NIXON ELEMENTARY,"CITY OF EL PASO, PROPOSITION",,AGAINST (EN CONTRA),NP,272,11,117,1,401,283,118
El Paso,043-DR NIXON ELEMENTARY,"CITY OF EL PASO, PROPOSITION",,FOR (A FAVOR),NP,411,17,209,1,638,428,210
El Paso,043-DR NIXON ELEMENTARY,"CITY OF EL PASO, PROPOSITION",,AGAINST (EN CONTRA),NP,320,15,137,2,474,335,139
El Paso,043-DR NIXON ELEMENTARY,STRAIGHT PARTY,,REPUBLICAN,REP,204,10,103,1,318,214,104
El Paso,043-DR NIXON ELEMENTARY,STRAIGHT PARTY,,DEMOCRAT,DEM,203,10,100,1,314,213,101
El Paso,043-DR NIXON ELEMENTARY,STRAIGHT PARTY,,LIBERTARIAN,LIB,1,0,1,0,2,1,1
El Paso,043-DR NIXON ELEMENTARY,STRAIGHT PARTY,,GREEN,GRN,1,1,0,0,2,2,0
El Paso,043-DR NIXON ELEMENTARY,US PRESIDENT,,MITT ROMNEY,REP,405,22,174,2,603,427,176
El Paso,043-DR NIXON ELEMENTARY,US PRESIDENT,,BARACK OBAMA,DEM,343,17,183,1,544,360,184
El Paso,043-DR NIXON ELEMENTARY,US PRESIDENT,,GARY JOHNSON,LIB,1,0,2,0,3,1,2
El Paso,043-DR NIXON ELEMENTARY,US PRESIDENT,,JILL STEIN,GRN,1,0,0,0,1,1,0
El Paso,043-DR NIXON ELEMENTARY,US PRESIDENT,,WRITE-IN,NP,0,0,2,0,2,0,2
El Paso,043-DR NIXON ELEMENTARY,US SENATOR,,TED CRUZ,REP,395,22,176,2,595,417,178
El Paso,043-DR NIXON ELEMENTARY,US SENATOR,,PAUL SADLER,DEM,323,15,160,1,499,338,161
El Paso,043-DR NIXON ELEMENTARY,US SENATOR,,JOHN JAY MYERS,LIB,12,1,11,0,24,13,11
El Paso,043-DR NIXON ELEMENTARY,US SENATOR,,DAVID B. COLLINS,GRN,8,0,2,0,10,8,2
El Paso,043-DR NIXON ELEMENTARY,US REP DISTRICT 16,,BARBARA CARRASCO,REP,376,18,171,2,567,394,173
El Paso,043-DR NIXON ELEMENTARY,US REP DISTRICT 16,,BETO OROURKE,DEM,361,18,172,1,552,379,173
El Paso,043-DR NIXON ELEMENTARY,US REP DISTRICT 16,,JUNART SODOY,LIB,10,2,10,0,22,12,10
El Paso,043-DR NIXON ELEMENTARY,RAILROAD COMMISSIONER,,CHRISTI CRADDICK,REP,380,19,164,2,565,399,166
El Paso,043-DR NIXON ELEMENTARY,RAILROAD COMMISSIONER,,DALE HENRY,DEM,286,13,152,1,452,299,153
El Paso,043-DR NIXON ELEMENTARY,RAILROAD COMMISSIONER,,VIVEKANANDA (VIK) WA,LIB,20,2,10,0,32,22,10
El Paso,043-DR NIXON ELEMENTARY,RAILROAD COMMISSIONER,,CHRIS KENNEDY,GRN,29,0,8,0,37,29,8
El Paso,043-DR NIXON ELEMENTARY,RAILROAD COMMISSIONER,,BARRY SMITHERMAN,REP,408,18,176,2,604,426,178
El Paso,043-DR NIXON ELEMENTARY,RAILROAD COMMISSIONER,,JAIME O. PEREZ,LIB,168,6,93,0,267,174,93
El Paso,043-DR NIXON ELEMENTARY,RAILROAD COMMISSIONER,,JOSH WENDEL,GRN,55,1,25,0,81,56,25
El Paso,043-DR NIXON ELEMENTARY,"JUSTICE, SUPREME COURT, PLACE 2",,DON WILLETT,REP,461,19,206,2,688,480,208
El Paso,043-DR NIXON ELEMENTARY,"JUSTICE, SUPREME COURT, PLACE 2",,RS ROBERT KOELSCH,LIB,154,7,90,0,251,161,90
El Paso,043-DR NIXON ELEMENTARY,"JUSTICE, SUPREME COURT, PLACE 4",,JOHN DEVINE,REP,427,19,186,1,633,446,187
El Paso,043-DR NIXON ELEMENTARY,"JUSTICE, SUPREME COURT, PLACE 4",,TOM OXFORD,LIB,131,5,76,1,213,136,77
El Paso,043-DR NIXON ELEMENTARY,"JUSTICE, SUPREME COURT, PLACE 4",,CHARLES E. WATERBURY,GRN,67,2,31,0,100,69,31
El Paso,043-DR NIXON ELEMENTARY,"JUSTICE, SUPREME COURT, PLACE 6",,NATHAN HECHT,REP,356,18,153,1,528,374,154
El Paso,043-DR NIXON ELEMENTARY,"JUSTICE, SUPREME COURT, PLACE 6",,MICHELE PETTY,DEM,328,14,161,2,505,342,163
El Paso,043-DR NIXON ELEMENTARY,"JUSTICE, SUPREME COURT, PLACE 6",,MARK ASH,LIB,13,1,13,0,27,14,13
El Paso,043-DR NIXON ELEMENTARY,"JUSTICE, SUPREME COURT, PLACE 6",,JIM CHISHOLM,GRN,18,0,7,0,25,18,7
El Paso,043-DR NIXON ELEMENTARY,"PRESIDING JUDGE, COURT OF CRIMINAL APPEALS",,SHARON KELLER,REP,392,19,167,2,580,411,169
El Paso,043-DR NIXON ELEMENTARY,"PRESIDING JUDGE, COURT OF CRIMINAL APPEALS",,KEITH HAMPTON,DEM,304,13,153,1,471,317,154
El Paso,043-DR NIXON ELEMENTARY,"PRESIDING JUDGE, COURT OF CRIMINAL APPEALS",,LANCE STOTT,LIB,16,1,16,0,33,17,16
El Paso,043-DR NIXON ELEMENTARY,"JUDGE, COURT OF CRIMINAL APPEALS, PLACE 7",,BARBARA PARKER HERVE,REP,444,18,203,1,666,462,204
El Paso,043-DR NIXON ELEMENTARY,"JUDGE, COURT OF CRIMINAL APPEALS, PLACE 7",,MARK W. BENNETT,LIB,170,7,94,1,272,177,95
El Paso,043-DR NIXON ELEMENTARY,"JUDGE, COURT OF CRIMINAL APPEALS, PLACE 8",,ELSA ALCALA,REP,432,18,215,2,667,450,217
El Paso,043-DR NIXON ELEMENTARY,"JUDGE, COURT OF CRIMINAL APPEALS, PLACE 8",,WILLIAM BRYAN STRANG,LIB,181,7,79,0,267,188,79
El Paso,043-DR NIXON ELEMENTARY,MEMBER STATE BOARD OF EDUCATION DISTRICT 1,,CARLOS CHARLIE GARZA,REP,383,18,171,2,574,401,173
El Paso,043-DR NIXON ELEMENTARY,MEMBER STATE BOARD OF EDUCATION DISTRICT 1,,MARTHA M. DOMINGUEZ,DEM,331,16,171,1,519,347,172
El Paso,043-DR NIXON ELEMENTARY,STATE SENATOR DISTRICT 29,,DAN CHAVEZ,REP,367,20,164,1,552,387,165
El Paso,043-DR NIXON ELEMENTARY,STATE SENATOR DISTRICT 29,,JOSE R. RODRIGUEZ,DEM,360,15,181,2,558,375,183
El Paso,043-DR NIXON ELEMENTARY,STATE REPRESENTATIVE DISTRICT 78,,DONALD R. DEE MARGO,REP,422,20,174,1,617,442,175
El Paso,043-DR NIXON ELEMENTARY,STATE REPRESENTATIVE DISTRICT 78,,JOE MOODY,DEM,322,16,179,2,519,338,181
El Paso,043-DR NIXON ELEMENTARY,"CHIEF JUSTICE, COURT OF APPEALS 8TH DISTRICT",,ANN CRAWFORD MCCLURE,DEM,428,19,212,2,661,447,214
El Paso,043-DR NIXON ELEMENTARY,"JUSTICE, 8TH COURT OF APPEALS DISTRICT, PLACE 2",,CHRIS ANTCLIFF,REP,393,19,166,1,579,412,167
El Paso,043-DR NIXON ELEMENTARY,"JUSTICE, 8TH COURT OF APPEALS DISTRICT, PLACE 2",,YVONNE RODRIGUEZ,DEM,325,14,171,2,512,339,173
El Paso,043-DR NIXON ELEMENTARY,"JUSTICE, 8TH COURT OF APPEALS DISTRICT, PLACE 3",,GUADALUPE LUPE RIVER,DEM,423,18,211,2,654,441,213
El Paso,043-DR NIXON ELEMENTARY,"DISTRICT JUDGE, 34TH JUDICIAL DISTRICT",,BILL MOODY,DEM,433,18,224,2,677,451,226
El Paso,043-DR NIXON ELEMENTARY,"DISTRICT JUDGE, 41ST JUDICIAL DISTRICT",,ANNA PEREZ,DEM,429,18,212,2,661,447,214
El Paso,043-DR NIXON ELEMENTARY,"DISTRICT JUDGE, 243RD JUDICIAL DISTRICT",,BILLY DON HICKS,REP,403,19,182,2,606,422,184
El Paso,043-DR NIXON ELEMENTARY,"DISTRICT JUDGE, 243RD JUDICIAL DISTRICT",,LUIS AGUILAR,DEM,317,14,157,1,489,331,158
El Paso,043-DR NIXON ELEMENTARY,"DISTRICT JUDGE, 346TH JUDICIAL DISTRICT",,ANGIE J. BARILL,DEM,429,19,202,2,652,448,204
El Paso,043-DR NIXON ELEMENTARY,"DISTRICT JUDGE, 383RD JUDICIAL DISTRICT",,MIKE HERRERA,DEM,429,19,208,2,658,448,210
El Paso,043-DR NIXON ELEMENTARY,"DISTRICT JUDGE, 384TH JUDICIAL DISTRICT",,PATRICK M. GARCIA,DEM,419,19,201,2,641,438,203
El Paso,043-DR NIXON ELEMENTARY,"DISTRICT JUDGE, 388TH JUDICIAL DISTRICT",,LAURA STRATHMANN,DEM,426,19,203,2,650,445,205
El Paso,043-DR NIXON ELEMENTARY,"DISTRICT JUDGE, 409TH JUDICIAL DISTRICT",,SAM MEDRANO JR,DEM,431,19,205,2,657,450,207
El Paso,043-DR NIXON ELEMENTARY,"DISTRICT JUDGE, 448TH JUDICIAL DISTRICT",,SERGIO H. ENRIQUEZ,DEM,418,19,201,2,640,437,203
El Paso,043-DR NIXON ELEMENTARY,"CRIMINAL DISTRICT JUDGE, COURT NO. 1",,DIANE NAVARRETE,DEM,427,19,203,2,651,446,205
El Paso,043-DR NIXON ELEMENTARY,"FAMILY DISTRICT JUDGE, 65TH JUDICIAL DISTRICT",,YAHARA L. GUTIERREZ,DEM,425,19,203,2,649,444,205
El Paso,043-DR NIXON ELEMENTARY,"DISTRICT ATTORNEY, 34TH JUDICIAL DISTRICT",,JAIME ESPARZA,DEM,433,20,207,2,662,453,209
El Paso,043-DR NIXON ELEMENTARY,"JUDGE, COUNTY CRIMINAL COURT NO. 3",,CARLOS CARRASCO,DEM,417,19,206,2,644,436,208
El Paso,043-DR NIXON ELEMENTARY,"JUDGE, COUNTY CRIMINAL COURT NO. 4",,JESUS HERRERA,DEM,414,19,204,2,639,433,206
El Paso,043-DR NIXON ELEMENTARY,COUNTY ATTORNEY,,JO ANNE BERNAL,DEM,429,19,205,2,655,448,207
El Paso,043-DR NIXON ELEMENTARY,SHERIFF,,RICHARD D. WILES,DEM,463,22,221,2,708,485,223
El Paso,043-DR NIXON ELEMENTARY,COUNTY TAX ASSESSOR COLLECTOR,,VICTOR A. FLORES,DEM,435,23,214,2,674,458,216
El Paso,043-DR NIXON ELEMENTARY,"CONSTABLE, PRECINCT NO. 2",,JEREMIAH HAGGERTY,DEM,446,19,216,2,683,465,218
El Paso,044-DR NIXON ELEMENTARY,"CITY OF EL PASO, PROPOSITION",,FOR (A FAVOR),NP,649,55,471,5,1180,704,476
El Paso,044-DR NIXON ELEMENTARY,"CITY OF EL PASO, PROPOSITION",,AGAINST (EN CONTRA),NP,220,20,131,1,372,240,132
El Paso,044-DR NIXON ELEMENTARY,"CITY OF EL PASO, PROPOSITION",,FOR (A FAVOR),NP,610,49,436,5,1100,659,441
El Paso,044-DR NIXON ELEMENTARY,"CITY OF EL PASO, PROPOSITION",,AGAINST (EN CONTRA),NP,249,26,162,1,438,275,163
El Paso,044-DR NIXON ELEMENTARY,"CITY OF EL PASO, PROPOSITION",,FOR (A FAVOR),NP,506,46,372,3,927,552,375
El Paso,044-DR NIXON ELEMENTARY,"CITY OF EL PASO, PROPOSITION",,AGAINST (EN CONTRA),NP,348,27,230,3,608,375,233
El Paso,044-DR NIXON ELEMENTARY,STRAIGHT PARTY,,REPUBLICAN,REP,234,18,153,1,406,252,154
El Paso,044-DR NIXON ELEMENTARY,STRAIGHT PARTY,,DEMOCRAT,DEM,329,26,226,1,582,355,227
El Paso,044-DR NIXON ELEMENTARY,STRAIGHT PARTY,,LIBERTARIAN,LIB,3,0,7,0,10,3,7
El Paso,044-DR NIXON ELEMENTARY,STRAIGHT PARTY,,GREEN,GRN,0,0,4,0,4,0,4
El Paso,044-DR NIXON ELEMENTARY,US PRESIDENT,,MITT ROMNEY,REP,380,36,281,4,701,416,285
El Paso,044-DR NIXON ELEMENTARY,US PRESIDENT,,BARACK OBAMA,DEM,497,49,327,2,875,546,329
El Paso,044-DR NIXON ELEMENTARY,US PRESIDENT,,GARY JOHNSON,LIB,5,3,8,0,16,8,8
El Paso,044-DR NIXON ELEMENTARY,US PRESIDENT,,JILL STEIN,GRN,1,0,2,0,3,1,2
El Paso,044-DR NIXON ELEMENTARY,US PRESIDENT,,WRITE-IN,NP,0,1,4,0,5,1,4
El Paso,044-DR NIXON ELEMENTARY,US SENATOR,,TED CRUZ,REP,386,30,264,4,684,416,268
El Paso,044-DR NIXON ELEMENTARY,US SENATOR,,PAUL SADLER,DEM,456,44,305,2,807,500,307
El Paso,044-DR NIXON ELEMENTARY,US SENATOR,,JOHN JAY MYERS,LIB,13,5,15,0,33,18,15
El Paso,044-DR NIXON ELEMENTARY,US SENATOR,,DAVID B. COLLINS,GRN,8,1,11,0,20,9,11
El Paso,044-DR NIXON ELEMENTARY,US REP DISTRICT 16,,BARBARA CARRASCO,REP,351,32,261,4,648,383,265
El Paso,044-DR NIXON ELEMENTARY,US REP DISTRICT 16,,BETO OROURKE,DEM,498,42,325,1,866,540,326
El Paso,044-DR NIXON ELEMENTARY,US REP DISTRICT 16,,JUNART SODOY,LIB,16,5,15,0,36,21,15
El Paso,044-DR NIXON ELEMENTARY,RAILROAD COMMISSIONER,,CHRISTI CRADDICK,REP,364,32,245,4,645,396,249
El Paso,044-DR NIXON ELEMENTARY,RAILROAD COMMISSIONER,,DALE HENRY,DEM,445,35,305,1,786,480,306
El Paso,044-DR NIXON ELEMENTARY,RAILROAD COMMISSIONER,,VIVEKANANDA (VIK) WA,LIB,16,4,14,0,34,20,14
El Paso,044-DR NIXON ELEMENTARY,RAILROAD COMMISSIONER,,CHRIS KENNEDY,GRN,20,2,16,0,38,22,16
El Paso,044-DR NIXON ELEMENTARY,RAILROAD COMMISSIONER,,BARRY SMITHERMAN,REP,415,33,269,3,720,448,272
El Paso,044-DR NIXON ELEMENTARY,RAILROAD COMMISSIONER,,JAIME O. PEREZ,LIB,247,20,162,1,430,267,163
El Paso,044-DR NIXON ELEMENTARY,RAILROAD COMMISSIONER,,JOSH WENDEL,GRN,74,4,65,1,144,78,66
El Paso,044-DR NIXON ELEMENTARY,"JUSTICE, SUPREME COURT, PLACE 2",,DON WILLETT,REP,461,34,311,3,809,495,314
El Paso,044-DR NIXON ELEMENTARY,"JUSTICE, SUPREME COURT, PLACE 2",,RS ROBERT KOELSCH,LIB,267,25,194,1,487,292,195
El Paso,044-DR NIXON ELEMENTARY,"JUSTICE, SUPREME COURT, PLACE 4",,JOHN DEVINE,REP,441,34,303,3,781,475,306
El Paso,044-DR NIXON ELEMENTARY,"JUSTICE, SUPREME COURT, PLACE 4",,TOM OXFORD,LIB,205,21,148,1,375,226,149
El Paso,044-DR NIXON ELEMENTARY,"JUSTICE, SUPREME COURT, PLACE 4",,CHARLES E. WATERBURY,GRN,86,4,55,0,145,90,55
El Paso,044-DR NIXON ELEMENTARY,"JUSTICE, SUPREME COURT, PLACE 6",,NATHAN HECHT,REP,343,28,238,3,612,371,241
El Paso,044-DR NIXON ELEMENTARY,"JUSTICE, SUPREME COURT, PLACE 6",,MICHELE PETTY,DEM,460,39,310,2,811,499,312
El Paso,044-DR NIXON ELEMENTARY,"JUSTICE, SUPREME COURT, PLACE 6",,MARK ASH,LIB,23,5,22,0,50,28,22
El Paso,044-DR NIXON ELEMENTARY,"JUSTICE, SUPREME COURT, PLACE 6",,JIM CHISHOLM,GRN,13,1,14,0,28,14,14
El Paso,044-DR NIXON ELEMENTARY,"PRESIDING JUDGE, COURT OF CRIMINAL APPEALS",,SHARON KELLER,REP,373,32,256,3,664,405,259
El Paso,044-DR NIXON ELEMENTARY,"PRESIDING JUDGE, COURT OF CRIMINAL APPEALS",,KEITH HAMPTON,DEM,440,36,295,2,773,476,297
El Paso,044-DR NIXON ELEMENTARY,"PRESIDING JUDGE, COURT OF CRIMINAL APPEALS",,LANCE STOTT,LIB,25,6,29,0,60,31,29
El Paso,044-DR NIXON ELEMENTARY,"JUDGE, COURT OF CRIMINAL APPEALS, PLACE 7",,BARBARA PARKER HERVE,REP,464,35,322,3,824,499,325
El Paso,044-DR NIXON ELEMENTARY,"JUDGE, COURT OF CRIMINAL APPEALS, PLACE 7",,MARK W. BENNETT,LIB,258,24,180,1,463,282,181
El Paso,044-DR NIXON ELEMENTARY,"JUDGE, COURT OF CRIMINAL APPEALS, PLACE 8",,ELSA ALCALA,REP,460,32,321,3,816,492,324
El Paso,044-DR NIXON ELEMENTARY,"JUDGE, COURT OF CRIMINAL APPEALS, PLACE 8",,WILLIAM BRYAN STRANG,LIB,261,25,183,1,470,286,184
El Paso,044-DR NIXON ELEMENTARY,MEMBER STATE BOARD OF EDUCATION DISTRICT 1,,CARLOS CHARLIE GARZA,REP,366,32,258,4,660,398,262
El Paso,044-DR NIXON ELEMENTARY,MEMBER STATE BOARD OF EDUCATION DISTRICT 1,,MARTHA M. DOMINGUEZ,DEM,475,41,326,2,844,516,328
El Paso,044-DR NIXON ELEMENTARY,STATE SENATOR DISTRICT 29,,DAN CHAVEZ,REP,353,32,259,4,648,385,263
El Paso,044-DR NIXON ELEMENTARY,STATE SENATOR DISTRICT 29,,JOSE R. RODRIGUEZ,DEM,493,40,327,2,862,533,329
El Paso,044-DR NIXON ELEMENTARY,STATE REPRESENTATIVE DISTRICT 78,,DONALD R. DEE MARGO,REP,393,34,264,4,695,427,268
El Paso,044-DR NIXON ELEMENTARY,STATE REPRESENTATIVE DISTRICT 78,,JOE MOODY,DEM,466,40,336,2,844,506,338
El Paso,044-DR NIXON ELEMENTARY,"CHIEF JUSTICE, COURT OF APPEALS 8TH DISTRICT",,ANN CRAWFORD MCCLURE,DEM,564,50,391,3,1008,614,394
El Paso,044-DR NIXON ELEMENTARY,"JUSTICE, 8TH COURT OF APPEALS DISTRICT, PLACE 2",,CHRIS ANTCLIFF,REP,373,34,256,4,667,407,260
El Paso,044-DR NIXON ELEMENTARY,"JUSTICE, 8TH COURT OF APPEALS DISTRICT, PLACE 2",,YVONNE RODRIGUEZ,DEM,457,41,321,2,821,498,323
El Paso,044-DR NIXON ELEMENTARY,"JUSTICE, 8TH COURT OF APPEALS DISTRICT, PLACE 3",,GUADALUPE LUPE RIVER,DEM,556,50,392,3,1001,606,395
El Paso,044-DR NIXON ELEMENTARY,"DISTRICT JUDGE, 34TH JUDICIAL DISTRICT",,BILL MOODY,DEM,557,48,394,4,1003,605,398
El Paso,044-DR NIXON ELEMENTARY,"DISTRICT JUDGE, 41ST JUDICIAL DISTRICT",,ANNA PEREZ,DEM,557,48,391,3,999,605,394
El Paso,044-DR NIXON ELEMENTARY,"DISTRICT JUDGE, 243RD JUDICIAL DISTRICT",,BILLY DON HICKS,REP,378,34,269,3,684,412,272
El Paso,044-DR NIXON ELEMENTARY,"DISTRICT JUDGE, 243RD JUDICIAL DISTRICT",,LUIS AGUILAR,DEM,455,39,311,2,807,494,313
El Paso,044-DR NIXON ELEMENTARY,"DISTRICT JUDGE, 346TH JUDICIAL DISTRICT",,ANGIE J. BARILL,DEM,548,47,387,3,985,595,390
El Paso,044-DR NIXON ELEMENTARY,"DISTRICT JUDGE, 383RD JUDICIAL DISTRICT",,MIKE HERRERA,DEM,548,47,389,2,986,595,391
El Paso,044-DR NIXON ELEMENTARY,"DISTRICT JUDGE, 384TH JUDICIAL DISTRICT",,PATRICK M. GARCIA,DEM,540,47,380,3,970,587,383
El Paso,044-DR NIXON ELEMENTARY,"DISTRICT JUDGE, 388TH JUDICIAL DISTRICT",,LAURA STRATHMANN,DEM,545,47,387,4,983,592,391
El Paso,044-DR NIXON ELEMENTARY,"DISTRICT JUDGE, 409TH JUDICIAL DISTRICT",,SAM MEDRANO JR,DEM,540,47,382,3,972,587,385
El Paso,044-DR NIXON ELEMENTARY,"DISTRICT JUDGE, 448TH JUDICIAL DISTRICT",,SERGIO H. ENRIQUEZ,DEM,537,48,384,3,972,585,387
El Paso,044-DR NIXON ELEMENTARY,"CRIMINAL DISTRICT JUDGE, COURT NO. 1",,DIANE NAVARRETE,DEM,544,49,383,3,979,593,386
El Paso,044-DR NIXON ELEMENTARY,"FAMILY DISTRICT JUDGE, 65TH JUDICIAL DISTRICT",,YAHARA L. GUTIERREZ,DEM,541,49,383,3,976,590,386
El Paso,044-DR NIXON ELEMENTARY,"DISTRICT ATTORNEY, 34TH JUDICIAL DISTRICT",,JAIME ESPARZA,DEM,562,48,388,3,1001,610,391
El Paso,044-DR NIXON ELEMENTARY,"JUDGE, COUNTY CRIMINAL COURT NO. 3",,CARLOS CARRASCO,DEM,542,48,381,3,974,590,384
El Paso,044-DR NIXON ELEMENTARY,"JUDGE, COUNTY CRIMINAL COURT NO. 4",,JESUS HERRERA,DEM,543,49,384,3,979,592,387
El Paso,044-DR NIXON ELEMENTARY,COUNTY ATTORNEY,,JO ANNE BERNAL,DEM,550,51,382,3,986,601,385
El Paso,044-DR NIXON ELEMENTARY,SHERIFF,,RICHARD D. WILES,DEM,585,53,406,4,1048,638,410
El Paso,044-DR NIXON ELEMENTARY,COUNTY TAX ASSESSOR COLLECTOR,,VICTOR A. FLORES,DEM,566,52,391,3,1012,618,394
El Paso,044-DR NIXON ELEMENTARY,"CONSTABLE, PRECINCT NO. 2",,JEREMIAH HAGGERTY,DEM,561,50,383,4,998,611,387
El Paso,045-BRADLEY ELEMENTARY,"CITY OF EL PASO, PROPOSITION",,FOR (A FAVOR),NP,642,29,447,0,1118,671,447
El Paso,045-BRADLEY ELEMENTARY,"CITY OF EL PASO, PROPOSITION",,AGAINST (EN CONTRA),NP,253,15,137,0,405,268,137
El Paso,045-BRADLEY ELEMENTARY,"CITY OF EL PASO, PROPOSITION",,FOR (A FAVOR),NP,584,26,409,0,1019,610,409
El Paso,045-BRADLEY ELEMENTARY,"CITY OF EL PASO, PROPOSITION",,AGAINST (EN CONTRA),NP,293,17,162,0,472,310,162
El Paso,045-BRADLEY ELEMENTARY,"CITY OF EL PASO, PROPOSITION",,FOR (A FAVOR),NP,468,19,321,0,808,487,321
El Paso,045-BRADLEY ELEMENTARY,"CITY OF EL PASO, PROPOSITION",,AGAINST (EN CONTRA),NP,414,21,251,0,686,435,251
El Paso,045-BRADLEY ELEMENTARY,STRAIGHT PARTY,,REPUBLICAN,REP,188,16,121,0,325,204,121
El Paso,045-BRADLEY ELEMENTARY,STRAIGHT PARTY,,DEMOCRAT,DEM,403,11,248,0,662,414,248
El Paso,045-BRADLEY ELEMENTARY,STRAIGHT PARTY,,LIBERTARIAN,LIB,6,0,7,0,13,6,7
El Paso,045-BRADLEY ELEMENTARY,STRAIGHT PARTY,,GREEN,GRN,0,0,0,0,0,0,0
El Paso,045-BRADLEY ELEMENTARY,US PRESIDENT,,MITT ROMNEY,REP,338,31,220,0,589,369,220
El Paso,045-BRADLEY ELEMENTARY,US PRESIDENT,,BARACK OBAMA,DEM,581,18,371,0,970,599,371
El Paso,045-BRADLEY ELEMENTARY,US PRESIDENT,,GARY JOHNSON,LIB,13,0,10,0,23,13,10
El Paso,045-BRADLEY ELEMENTARY,US PRESIDENT,,JILL STEIN,GRN,2,0,1,0,3,2,1
El Paso,045-BRADLEY ELEMENTARY,US PRESIDENT,,WRITE-IN,NP,2,2,1,0,5,4,1
El Paso,045-BRADLEY ELEMENTARY,US SENATOR,,TED CRUZ,REP,339,31,229,0,599,370,229
El Paso,045-BRADLEY ELEMENTARY,US SENATOR,,PAUL SADLER,DEM,549,18,334,0,901,567,334
El Paso,045-BRADLEY ELEMENTARY,US SENATOR,,JOHN JAY MYERS,LIB,15,0,16,0,31,15,16
El Paso,045-BRADLEY ELEMENTARY,US SENATOR,,DAVID B. COLLINS,GRN,9,0,12,0,21,9,12
El Paso,045-BRADLEY ELEMENTARY,US REP DISTRICT 16,,BARBARA CARRASCO,REP,309,28,231,0,568,337,231
El Paso,045-BRADLEY ELEMENTARY,US REP DISTRICT 16,,BETO OROURKE,DEM,595,21,346,0,962,616,346
El Paso,045-BRADLEY ELEMENTARY,US REP DISTRICT 16,,JUNART SODOY,LIB,18,0,12,0,30,18,12
El Paso,045-BRADLEY ELEMENTARY,RAILROAD COMMISSIONER,,CHRISTI CRADDICK,REP,316,30,202,0,548,346,202
El Paso,045-BRADLEY ELEMENTARY,RAILROAD COMMISSIONER,,DALE HENRY,DEM,538,14,338,0,890,552,338
El Paso,045-BRADLEY ELEMENTARY,RAILROAD COMMISSIONER,,VIVEKANANDA (VIK) WA,LIB,23,1,20,0,44,24,20
El Paso,045-BRADLEY ELEMENTARY,RAILROAD COMMISSIONER,,CHRIS KENNEDY,GRN,22,0,16,0,38,22,16
El Paso,045-BRADLEY ELEMENTARY,RAILROAD COMMISSIONER,,BARRY SMITHERMAN,REP,370,31,246,0,647,401,246
El Paso,045-BRADLEY ELEMENTARY,RAILROAD COMMISSIONER,,JAIME O. PEREZ,LIB,262,7,179,0,448,269,179
El Paso,045-BRADLEY ELEMENTARY,RAILROAD COMMISSIONER,,JOSH WENDEL,GRN,92,1,52,0,145,93,52
El Paso,045-BRADLEY ELEMENTARY,"JUSTICE, SUPREME COURT, PLACE 2",,DON WILLETT,REP,451,36,300,0,787,487,300
El Paso,045-BRADLEY ELEMENTARY,"JUSTICE, SUPREME COURT, PLACE 2",,RS ROBERT KOELSCH,LIB,269,3,172,0,444,272,172
El Paso,045-BRADLEY ELEMENTARY,"JUSTICE, SUPREME COURT, PLACE 4",,JOHN DEVINE,REP,405,32,272,0,709,437,272
El Paso,045-BRADLEY ELEMENTARY,"JUSTICE, SUPREME COURT, PLACE 4",,TOM OXFORD,LIB,211,6,142,0,359,217,142
El Paso,045-BRADLEY ELEMENTARY,"JUSTICE, SUPREME COURT, PLACE 4",,CHARLES E. WATERBURY,GRN,105,0,56,0,161,105,56
El Paso,045-BRADLEY ELEMENTARY,"JUSTICE, SUPREME COURT, PLACE 6",,NATHAN HECHT,REP,306,29,194,0,529,335,194
El Paso,045-BRADLEY ELEMENTARY,"JUSTICE, SUPREME COURT, PLACE 6",,MICHELE PETTY,DEM,557,13,343,0,913,570,343
El Paso,045-BRADLEY ELEMENTARY,"JUSTICE, SUPREME COURT, PLACE 6",,MARK ASH,LIB,22,1,20,0,43,23,20
El Paso,045-BRADLEY ELEMENTARY,"JUSTICE, SUPREME COURT, PLACE 6",,JIM CHISHOLM,GRN,13,1,16,0,30,14,16
El Paso,045-BRADLEY ELEMENTARY,"PRESIDING JUDGE, COURT OF CRIMINAL APPEALS",,SHARON KELLER,REP,340,34,217,0,591,374,217
El Paso,045-BRADLEY ELEMENTARY,"PRESIDING JUDGE, COURT OF CRIMINAL APPEALS",,KEITH HAMPTON,DEM,535,11,332,0,878,546,332
El Paso,045-BRADLEY ELEMENTARY,"PRESIDING JUDGE, COURT OF CRIMINAL APPEALS",,LANCE STOTT,LIB,23,1,24,0,48,24,24
El Paso,045-BRADLEY ELEMENTARY,"JUDGE, COURT OF CRIMINAL APPEALS, PLACE 7",,BARBARA PARKER HERVE,REP,437,32,292,0,761,469,292
El Paso,045-BRADLEY ELEMENTARY,"JUDGE, COURT OF CRIMINAL APPEALS, PLACE 7",,MARK W. BENNETT,LIB,268,7,184,0,459,275,184
El Paso,045-BRADLEY ELEMENTARY,"JUDGE, COURT OF CRIMINAL APPEALS, PLACE 8",,ELSA ALCALA,REP,433,31,306,0,770,464,306
El Paso,045-BRADLEY ELEMENTARY,"JUDGE, COURT OF CRIMINAL APPEALS, PLACE 8",,WILLIAM BRYAN STRANG,LIB,275,8,165,0,448,283,165
El Paso,045-BRADLEY ELEMENTARY,MEMBER STATE BOARD OF EDUCATION DISTRICT 1,,CARLOS CHARLIE GARZA,REP,331,31,217,0,579,362,217
El Paso,045-BRADLEY ELEMENTARY,MEMBER STATE BOARD OF EDUCATION DISTRICT 1,,MARTHA M. DOMINGUEZ,DEM,553,15,356,0,924,568,356
El Paso,045-BRADLEY ELEMENTARY,STATE SENATOR DISTRICT 29,,DAN CHAVEZ,REP,318,31,209,0,558,349,209
El Paso,045-BRADLEY ELEMENTARY,STATE SENATOR DISTRICT 29,,JOSE R. RODRIGUEZ,DEM,586,15,368,0,969,601,368
El Paso,045-BRADLEY ELEMENTARY,STATE REPRESENTATIVE DISTRICT 78,,DONALD R. DEE MARGO,REP,341,31,220,0,592,372,220
El Paso,045-BRADLEY ELEMENTARY,STATE REPRESENTATIVE DISTRICT 78,,JOE MOODY,DEM,572,16,370,0,958,588,370
El Paso,045-BRADLEY ELEMENTARY,"CHIEF JUSTICE, COURT OF APPEALS 8TH DISTRICT",,ANN CRAWFORD MCCLURE,DEM,648,23,420,0,1091,671,420
El Paso,045-BRADLEY ELEMENTARY,"JUSTICE, 8TH COURT OF APPEALS DISTRICT, PLACE 2",,CHRIS ANTCLIFF,REP,328,31,223,0,582,359,223
El Paso,045-BRADLEY ELEMENTARY,"JUSTICE, 8TH COURT OF APPEALS DISTRICT, PLACE 2",,YVONNE RODRIGUEZ,DEM,560,14,347,0,921,574,347
El Paso,045-BRADLEY ELEMENTARY,"JUSTICE, 8TH COURT OF APPEALS DISTRICT, PLACE 3",,GUADALUPE LUPE RIVER,DEM,638,22,431,0,1091,660,431
El Paso,045-BRADLEY ELEMENTARY,"DISTRICT JUDGE, 34TH JUDICIAL DISTRICT",,BILL MOODY,DEM,652,22,425,0,1099,674,425
El Paso,045-BRADLEY ELEMENTARY,"DISTRICT JUDGE, 41ST JUDICIAL DISTRICT",,ANNA PEREZ,DEM,639,23,427,0,1089,662,427
El Paso,045-BRADLEY ELEMENTARY,"DISTRICT JUDGE, 243RD JUDICIAL DISTRICT",,BILLY DON HICKS,REP,347,32,226,0,605,379,226
El Paso,045-BRADLEY ELEMENTARY,"DISTRICT JUDGE, 243RD JUDICIAL DISTRICT",,LUIS AGUILAR,DEM,544,14,348,0,906,558,348
El Paso,045-BRADLEY ELEMENTARY,"DISTRICT JUDGE, 346TH JUDICIAL DISTRICT",,ANGIE J. BARILL,DEM,631,23,425,0,1079,654,425
El Paso,045-BRADLEY ELEMENTARY,"DISTRICT JUDGE, 383RD JUDICIAL DISTRICT",,MIKE HERRERA,DEM,636,23,427,0,1086,659,427
El Paso,045-BRADLEY ELEMENTARY,"DISTRICT JUDGE, 384TH JUDICIAL DISTRICT",,PATRICK M. GARCIA,DEM,630,22,425,0,1077,652,425
El Paso,045-BRADLEY ELEMENTARY,"DISTRICT JUDGE, 388TH JUDICIAL DISTRICT",,LAURA STRATHMANN,DEM,636,22,425,0,1083,658,425
El Paso,045-BRADLEY ELEMENTARY,"DISTRICT JUDGE, 409TH JUDICIAL DISTRICT",,SAM MEDRANO JR,DEM,630,22,418,0,1070,652,418
El Paso,045-BRADLEY ELEMENTARY,"DISTRICT JUDGE, 448TH JUDICIAL DISTRICT",,SERGIO H. ENRIQUEZ,DEM,625,22,422,0,1069,647,422
El Paso,045-BRADLEY ELEMENTARY,"CRIMINAL DISTRICT JUDGE, COURT NO. 1",,DIANE NAVARRETE,DEM,630,22,420,0,1072,652,420
El Paso,045-BRADLEY ELEMENTARY,"FAMILY DISTRICT JUDGE, 65TH JUDICIAL DISTRICT",,YAHARA L. GUTIERREZ,DEM,625,21,416,0,1062,646,416
El Paso,045-BRADLEY ELEMENTARY,"DISTRICT ATTORNEY, 34TH JUDICIAL DISTRICT",,JAIME ESPARZA,DEM,636,22,421,0,1079,658,421
El Paso,045-BRADLEY ELEMENTARY,"JUDGE, COUNTY CRIMINAL COURT NO. 3",,CARLOS CARRASCO,DEM,625,21,417,0,1063,646,417
El Paso,045-BRADLEY ELEMENTARY,"JUDGE, COUNTY CRIMINAL COURT NO. 4",,JESUS HERRERA,DEM,623,23,415,0,1061,646,415
El Paso,045-BRADLEY ELEMENTARY,COUNTY ATTORNEY,,JO ANNE BERNAL,DEM,634,23,416,0,1073,657,416
El Paso,045-BRADLEY ELEMENTARY,SHERIFF,,RICHARD D. WILES,DEM,658,25,432,0,1115,683,432
El Paso,045-BRADLEY ELEMENTARY,COUNTY TAX ASSESSOR COLLECTOR,,VICTOR A. FLORES,DEM,649,24,434,0,1107,673,434
El Paso,045-BRADLEY ELEMENTARY,"CONSTABLE, PRECINCT NO. 2",,JEREMIAH HAGGERTY,DEM,653,24,432,0,1109,677,432
El Paso,046-BRADLEY ELEMENTARY,"CITY OF EL PASO, PROPOSITION",,FOR (A FAVOR),NP,235,6,246,0,487,241,246
El Paso,046-BRADLEY ELEMENTARY,"CITY OF EL PASO, PROPOSITION",,AGAINST (EN CONTRA),NP,98,4,67,0,169,102,67
El Paso,046-BRADLEY ELEMENTARY,"CITY OF EL PASO, PROPOSITION",,FOR (A FAVOR),NP,217,8,237,0,462,225,237
El Paso,046-BRADLEY ELEMENTARY,"CITY OF EL PASO, PROPOSITION",,AGAINST (EN CONTRA),NP,113,4,71,0,188,117,71
El Paso,046-BRADLEY ELEMENTARY,"CITY OF EL PASO, PROPOSITION",,FOR (A FAVOR),NP,157,4,166,0,327,161,166
El Paso,046-BRADLEY ELEMENTARY,"CITY OF EL PASO, PROPOSITION",,AGAINST (EN CONTRA),NP,166,5,138,0,309,171,138
El Paso,046-BRADLEY ELEMENTARY,STRAIGHT PARTY,,REPUBLICAN,REP,70,2,60,0,132,72,60
El Paso,046-BRADLEY ELEMENTARY,STRAIGHT PARTY,,DEMOCRAT,DEM,143,3,158,0,304,146,158
El Paso,046-BRADLEY ELEMENTARY,STRAIGHT PARTY,,LIBERTARIAN,LIB,2,0,4,0,6,2,4
El Paso,046-BRADLEY ELEMENTARY,STRAIGHT PARTY,,GREEN,GRN,1,0,1,0,2,1,1
El Paso,046-BRADLEY ELEMENTARY,US PRESIDENT,,MITT ROMNEY,REP,139,8,92,0,239,147,92
El Paso,046-BRADLEY ELEMENTARY,US PRESIDENT,,BARACK OBAMA,DEM,195,4,225,0,424,199,225
El Paso,046-BRADLEY ELEMENTARY,US PRESIDENT,,GARY JOHNSON,LIB,3,0,5,0,8,3,5
El Paso,046-BRADLEY ELEMENTARY,US PRESIDENT,,JILL STEIN,GRN,2,0,0,0,2,2,0
El Paso,046-BRADLEY ELEMENTARY,US PRESIDENT,,WRITE-IN,NP,0,0,2,0,2,0,2
El Paso,046-BRADLEY ELEMENTARY,US SENATOR,,TED CRUZ,REP,139,8,100,0,247,147,100
El Paso,046-BRADLEY ELEMENTARY,US SENATOR,,PAUL SADLER,DEM,178,4,201,0,383,182,201
El Paso,046-BRADLEY ELEMENTARY,US SENATOR,,JOHN JAY MYERS,LIB,10,0,6,0,16,10,6
El Paso,046-BRADLEY ELEMENTARY,US SENATOR,,DAVID B. COLLINS,GRN,6,0,2,0,8,6,2
El Paso,046-BRADLEY ELEMENTARY,US REP DISTRICT 16,,BARBARA CARRASCO,REP,116,8,93,0,217,124,93
El Paso,046-BRADLEY ELEMENTARY,US REP DISTRICT 16,,BETO OROURKE,DEM,206,4,208,0,418,210,208
El Paso,046-BRADLEY ELEMENTARY,US REP DISTRICT 16,,JUNART SODOY,LIB,9,0,7,0,16,9,7
El Paso,046-BRADLEY ELEMENTARY,RAILROAD COMMISSIONER,,CHRISTI CRADDICK,REP,123,7,88,0,218,130,88
El Paso,046-BRADLEY ELEMENTARY,RAILROAD COMMISSIONER,,DALE HENRY,DEM,186,3,198,0,387,189,198
El Paso,046-BRADLEY ELEMENTARY,RAILROAD COMMISSIONER,,VIVEKANANDA (VIK) WA,LIB,5,0,4,0,9,5,4
El Paso,046-BRADLEY ELEMENTARY,RAILROAD COMMISSIONER,,CHRIS KENNEDY,GRN,10,1,16,0,27,11,16
El Paso,046-BRADLEY ELEMENTARY,RAILROAD COMMISSIONER,,BARRY SMITHERMAN,REP,143,7,115,0,265,150,115
El Paso,046-BRADLEY ELEMENTARY,RAILROAD COMMISSIONER,,JAIME O. PEREZ,LIB,92,1,107,0,200,93,107
El Paso,046-BRADLEY ELEMENTARY,RAILROAD COMMISSIONER,,JOSH WENDEL,GRN,12,0,21,0,33,12,21
El Paso,046-BRADLEY ELEMENTARY,"JUSTICE, SUPREME COURT, PLACE 2",,DON WILLETT,REP,170,7,135,0,312,177,135
El Paso,046-BRADLEY ELEMENTARY,"JUSTICE, SUPREME COURT, PLACE 2",,RS ROBERT KOELSCH,LIB,77,1,102,0,180,78,102
El Paso,046-BRADLEY ELEMENTARY,"JUSTICE, SUPREME COURT, PLACE 4",,JOHN DEVINE,REP,165,7,127,0,299,172,127
El Paso,046-BRADLEY ELEMENTARY,"JUSTICE, SUPREME COURT, PLACE 4",,TOM OXFORD,LIB,60,1,83,0,144,61,83
El Paso,046-BRADLEY ELEMENTARY,"JUSTICE, SUPREME COURT, PLACE 4",,CHARLES E. WATERBURY,GRN,24,0,28,0,52,24,28
El Paso,046-BRADLEY ELEMENTARY,"JUSTICE, SUPREME COURT, PLACE 6",,NATHAN HECHT,REP,112,7,82,0,201,119,82
El Paso,046-BRADLEY ELEMENTARY,"JUSTICE, SUPREME COURT, PLACE 6",,MICHELE PETTY,DEM,195,4,201,0,400,199,201
El Paso,046-BRADLEY ELEMENTARY,"JUSTICE, SUPREME COURT, PLACE 6",,MARK ASH,LIB,13,0,14,0,27,13,14
El Paso,046-BRADLEY ELEMENTARY,"JUSTICE, SUPREME COURT, PLACE 6",,JIM CHISHOLM,GRN,5,0,4,0,9,5,4
El Paso,046-BRADLEY ELEMENTARY,"PRESIDING JUDGE, COURT OF CRIMINAL APPEALS",,SHARON KELLER,REP,133,6,90,0,229,139,90
El Paso,046-BRADLEY ELEMENTARY,"PRESIDING JUDGE, COURT OF CRIMINAL APPEALS",,KEITH HAMPTON,DEM,178,4,204,0,386,182,204
El Paso,046-BRADLEY ELEMENTARY,"PRESIDING JUDGE, COURT OF CRIMINAL APPEALS",,LANCE STOTT,LIB,15,1,12,0,28,16,12
El Paso,046-BRADLEY ELEMENTARY,"JUDGE, COURT OF CRIMINAL APPEALS, PLACE 7",,BARBARA PARKER HERVE,REP,174,6,138,0,318,180,138
El Paso,046-BRADLEY ELEMENTARY,"JUDGE, COURT OF CRIMINAL APPEALS, PLACE 7",,MARK W. BENNETT,LIB,67,2,105,0,174,69,105
El Paso,046-BRADLEY ELEMENTARY,"JUDGE, COURT OF CRIMINAL APPEALS, PLACE 8",,ELSA ALCALA,REP,173,5,147,0,325,178,147
El Paso,046-BRADLEY ELEMENTARY,"JUDGE, COURT OF CRIMINAL APPEALS, PLACE 8",,WILLIAM BRYAN STRANG,LIB,68,3,96,0,167,71,96
El Paso,046-BRADLEY ELEMENTARY,MEMBER STATE BOARD OF EDUCATION DISTRICT 1,,CARLOS CHARLIE GARZA,REP,119,7,95,0,221,126,95
El Paso,046-BRADLEY ELEMENTARY,MEMBER STATE BOARD OF EDUCATION DISTRICT 1,,MARTHA M. DOMINGUEZ,DEM,202,4,209,0,415,206,209
El Paso,046-BRADLEY ELEMENTARY,STATE SENATOR DISTRICT 29,,DAN CHAVEZ,REP,127,7,88,0,222,134,88
El Paso,046-BRADLEY ELEMENTARY,STATE SENATOR DISTRICT 29,,JOSE R. RODRIGUEZ,DEM,199,4,220,0,423,203,220
El Paso,046-BRADLEY ELEMENTARY,STATE REPRESENTATIVE DISTRICT 78,,DONALD R. DEE MARGO,REP,137,7,100,0,244,144,100
El Paso,046-BRADLEY ELEMENTARY,STATE REPRESENTATIVE DISTRICT 78,,JOE MOODY,DEM,196,5,211,0,412,201,211
El Paso,046-BRADLEY ELEMENTARY,"CHIEF JUSTICE, COURT OF APPEALS 8TH DISTRICT",,ANN CRAWFORD MCCLURE,DEM,232,5,230,0,467,237,230
El Paso,046-BRADLEY ELEMENTARY,"JUSTICE, 8TH COURT OF APPEALS DISTRICT, PLACE 2",,CHRIS ANTCLIFF,REP,131,8,89,0,228,139,89
El Paso,046-BRADLEY ELEMENTARY,"JUSTICE, 8TH COURT OF APPEALS DISTRICT, PLACE 2",,YVONNE RODRIGUEZ,DEM,192,3,216,0,411,195,216
El Paso,046-BRADLEY ELEMENTARY,"JUSTICE, 8TH COURT OF APPEALS DISTRICT, PLACE 3",,GUADALUPE LUPE RIVER,DEM,228,8,234,0,470,236,234
El Paso,046-BRADLEY ELEMENTARY,"DISTRICT JUDGE, 34TH JUDICIAL DISTRICT",,BILL MOODY,DEM,231,8,230,0,469,239,230
El Paso,046-BRADLEY ELEMENTARY,"DISTRICT JUDGE, 41ST JUDICIAL DISTRICT",,ANNA PEREZ,DEM,226,6,232,0,464,232,232
El Paso,046-BRADLEY ELEMENTARY,"DISTRICT JUDGE, 243RD JUDICIAL DISTRICT",,BILLY DON HICKS,REP,143,7,92,0,242,150,92
El Paso,046-BRADLEY ELEMENTARY,"DISTRICT JUDGE, 243RD JUDICIAL DISTRICT",,LUIS AGUILAR,DEM,180,4,209,0,393,184,209
El Paso,046-BRADLEY ELEMENTARY,"DISTRICT JUDGE, 346TH JUDICIAL DISTRICT",,ANGIE J. BARILL,DEM,224,6,223,0,453,230,223
El Paso,046-BRADLEY ELEMENTARY,"DISTRICT JUDGE, 383RD JUDICIAL DISTRICT",,MIKE HERRERA,DEM,226,6,226,0,458,232,226
El Paso,046-BRADLEY ELEMENTARY,"DISTRICT JUDGE, 384TH JUDICIAL DISTRICT",,PATRICK M. GARCIA,DEM,222,6,224,0,452,228,224
El Paso,046-BRADLEY ELEMENTARY,"DISTRICT JUDGE, 388TH JUDICIAL DISTRICT",,LAURA STRATHMANN,DEM,228,6,227,0,461,234,227
El Paso,046-BRADLEY ELEMENTARY,"DISTRICT JUDGE, 409TH JUDICIAL DISTRICT",,SAM MEDRANO JR,DEM,222,6,225,0,453,228,225
El Paso,046-BRADLEY ELEMENTARY,"DISTRICT JUDGE, 448TH JUDICIAL DISTRICT",,SERGIO H. ENRIQUEZ,DEM,222,6,223,0,451,228,223
El Paso,046-BRADLEY ELEMENTARY,"CRIMINAL DISTRICT JUDGE, COURT NO. 1",,DIANE NAVARRETE,DEM,223,6,225,0,454,229,225
El Paso,046-BRADLEY ELEMENTARY,"FAMILY DISTRICT JUDGE, 65TH JUDICIAL DISTRICT",,YAHARA L. GUTIERREZ,DEM,223,6,226,0,455,229,226
El Paso,046-BRADLEY ELEMENTARY,"DISTRICT ATTORNEY, 34TH JUDICIAL DISTRICT",,JAIME ESPARZA,DEM,219,8,227,0,454,227,227
El Paso,046-BRADLEY ELEMENTARY,"JUDGE, COUNTY CRIMINAL COURT NO. 3",,CARLOS CARRASCO,DEM,222,6,225,0,453,228,225
El Paso,046-BRADLEY ELEMENTARY,"JUDGE, COUNTY CRIMINAL COURT NO. 4",,JESUS HERRERA,DEM,223,6,224,0,453,229,224
El Paso,046-BRADLEY ELEMENTARY,COUNTY ATTORNEY,,JO ANNE BERNAL,DEM,224,7,225,0,456,231,225
El Paso,046-BRADLEY ELEMENTARY,SHERIFF,,RICHARD D. WILES,DEM,235,9,236,0,480,244,236
El Paso,046-BRADLEY ELEMENTARY,COUNTY TAX ASSESSOR COLLECTOR,,VICTOR A. FLORES,DEM,230,8,235,0,473,238,235
El Paso,046-BRADLEY ELEMENTARY,"CONSTABLE, PRECINCT NO. 2",,JEREMIAH HAGGERTY,DEM,235,9,231,0,475,244,231
El Paso,047-H E CHARLES MIDDLE,"CITY OF EL PASO, PROPOSITION",,FOR (A FAVOR),NP,565,23,324,0,912,588,324
El Paso,047-H E CHARLES MIDDLE,"CITY OF EL PASO, PROPOSITION",,AGAINST (EN CONTRA),NP,331,11,129,0,471,342,129
El Paso,047-H E CHARLES MIDDLE,"CITY OF EL PASO, PROPOSITION",,FOR (A FAVOR),NP,504,16,301,0,821,520,301
El Paso,047-H E CHARLES MIDDLE,"CITY OF EL PASO, PROPOSITION",,AGAINST (EN CONTRA),NP,369,19,143,0,531,388,143
El Paso,047-H E CHARLES MIDDLE,"CITY OF EL PASO, PROPOSITION",,FOR (A FAVOR),NP,423,14,239,0,676,437,239
El Paso,047-H E CHARLES MIDDLE,"CITY OF EL PASO, PROPOSITION",,AGAINST (EN CONTRA),NP,445,17,207,0,669,462,207
El Paso,047-H E CHARLES MIDDLE,STRAIGHT PARTY,,REPUBLICAN,REP,201,17,85,0,303,218,85
El Paso,047-H E CHARLES MIDDLE,STRAIGHT PARTY,,DEMOCRAT,DEM,300,2,184,1,487,302,185
El Paso,047-H E CHARLES MIDDLE,STRAIGHT PARTY,,LIBERTARIAN,LIB,5,0,5,0,10,5,5
El Paso,047-H E CHARLES MIDDLE,STRAIGHT PARTY,,GREEN,GRN,0,0,1,0,1,0,1
El Paso,047-H E CHARLES MIDDLE,US PRESIDENT,,MITT ROMNEY,REP,404,27,171,0,602,431,171
El Paso,047-H E CHARLES MIDDLE,US PRESIDENT,,BARACK OBAMA,DEM,515,10,280,1,806,525,281
El Paso,047-H E CHARLES MIDDLE,US PRESIDENT,,GARY JOHNSON,LIB,5,0,11,0,16,5,11
El Paso,047-H E CHARLES MIDDLE,US PRESIDENT,,JILL STEIN,GRN,1,0,4,0,5,1,4
El Paso,047-H E CHARLES MIDDLE,US PRESIDENT,,WRITE-IN,NP,3,0,2,0,5,3,2
El Paso,047-H E CHARLES MIDDLE,US SENATOR,,TED CRUZ,REP,404,26,181,0,611,430,181
El Paso,047-H E CHARLES MIDDLE,US SENATOR,,PAUL SADLER,DEM,462,9,248,1,720,471,249
El Paso,047-H E CHARLES MIDDLE,US SENATOR,,JOHN JAY MYERS,LIB,16,1,14,0,31,17,14
El Paso,047-H E CHARLES MIDDLE,US SENATOR,,DAVID B. COLLINS,GRN,14,0,8,0,22,14,8
El Paso,047-H E CHARLES MIDDLE,US REP DISTRICT 16,,BARBARA CARRASCO,REP,366,26,170,0,562,392,170
El Paso,047-H E CHARLES MIDDLE,US REP DISTRICT 16,,BETO OROURKE,DEM,530,10,270,1,811,540,271
El Paso,047-H E CHARLES MIDDLE,US REP DISTRICT 16,,JUNART SODOY,LIB,14,0,19,0,33,14,19
El Paso,047-H E CHARLES MIDDLE,RAILROAD COMMISSIONER,,CHRISTI CRADDICK,REP,369,24,157,0,550,393,157
El Paso,047-H E CHARLES MIDDLE,RAILROAD COMMISSIONER,,DALE HENRY,DEM,449,8,248,1,706,457,249
El Paso,047-H E CHARLES MIDDLE,RAILROAD COMMISSIONER,,VIVEKANANDA (VIK) WA,LIB,25,2,13,0,40,27,13
El Paso,047-H E CHARLES MIDDLE,RAILROAD COMMISSIONER,,CHRIS KENNEDY,GRN,35,1,24,0,60,36,24
El Paso,047-H E CHARLES MIDDLE,RAILROAD COMMISSIONER,,BARRY SMITHERMAN,REP,416,25,187,0,628,441,187
El Paso,047-H E CHARLES MIDDLE,RAILROAD COMMISSIONER,,JAIME O. PEREZ,LIB,230,4,123,0,357,234,123
El Paso,047-H E CHARLES MIDDLE,RAILROAD COMMISSIONER,,JOSH WENDEL,GRN,72,3,47,0,122,75,47
El Paso,047-H E CHARLES MIDDLE,"JUSTICE, SUPREME COURT, PLACE 2",,DON WILLETT,REP,478,28,226,0,732,506,226
El Paso,047-H E CHARLES MIDDLE,"JUSTICE, SUPREME COURT, PLACE 2",,RS ROBERT KOELSCH,LIB,230,4,130,0,364,234,130
El Paso,047-H E CHARLES MIDDLE,"JUSTICE, SUPREME COURT, PLACE 4",,JOHN DEVINE,REP,428,26,209,0,663,454,209
El Paso,047-H E CHARLES MIDDLE,"JUSTICE, SUPREME COURT, PLACE 4",,TOM OXFORD,LIB,188,4,91,0,283,192,91
El Paso,047-H E CHARLES MIDDLE,"JUSTICE, SUPREME COURT, PLACE 4",,CHARLES E. WATERBURY,GRN,91,2,49,0,142,93,49
El Paso,047-H E CHARLES MIDDLE,"JUSTICE, SUPREME COURT, PLACE 6",,NATHAN HECHT,REP,351,25,143,0,519,376,143
El Paso,047-H E CHARLES MIDDLE,"JUSTICE, SUPREME COURT, PLACE 6",,MICHELE PETTY,DEM,466,7,256,1,730,473,257
El Paso,047-H E CHARLES MIDDLE,"JUSTICE, SUPREME COURT, PLACE 6",,MARK ASH,LIB,27,3,20,0,50,30,20
El Paso,047-H E CHARLES MIDDLE,"JUSTICE, SUPREME COURT, PLACE 6",,JIM CHISHOLM,GRN,27,0,23,0,50,27,23
El Paso,047-H E CHARLES MIDDLE,"PRESIDING JUDGE, COURT OF CRIMINAL APPEALS",,SHARON KELLER,REP,392,25,166,0,583,417,166
El Paso,047-H E CHARLES MIDDLE,"PRESIDING JUDGE, COURT OF CRIMINAL APPEALS",,KEITH HAMPTON,DEM,459,7,252,1,719,466,253
El Paso,047-H E CHARLES MIDDLE,"PRESIDING JUDGE, COURT OF CRIMINAL APPEALS",,LANCE STOTT,LIB,25,3,25,0,53,28,25
El Paso,047-H E CHARLES MIDDLE,"JUDGE, COURT OF CRIMINAL APPEALS, PLACE 7",,BARBARA PARKER HERVE,REP,471,26,223,0,720,497,223
El Paso,047-H E CHARLES MIDDLE,"JUDGE, COURT OF CRIMINAL APPEALS, PLACE 7",,MARK W. BENNETT,LIB,234,6,125,0,365,240,125
El Paso,047-H E CHARLES MIDDLE,"JUDGE, COURT OF CRIMINAL APPEALS, PLACE 8",,ELSA ALCALA,REP,457,27,216,0,700,484,216
El Paso,047-H E CHARLES MIDDLE,"JUDGE, COURT OF CRIMINAL APPEALS, PLACE 8",,WILLIAM BRYAN STRANG,LIB,246,6,135,0,387,252,135
El Paso,047-H E CHARLES MIDDLE,MEMBER STATE BOARD OF EDUCATION DISTRICT 1,,CARLOS CHARLIE GARZA,REP,389,26,179,0,594,415,179
El Paso,047-H E CHARLES MIDDLE,MEMBER STATE BOARD OF EDUCATION DISTRICT 1,,MARTHA M. DOMINGUEZ,DEM,487,8,261,1,757,495,262
El Paso,047-H E CHARLES MIDDLE,STATE SENATOR DISTRICT 29,,DAN CHAVEZ,REP,359,26,171,0,556,385,171
El Paso,047-H E CHARLES MIDDLE,STATE SENATOR DISTRICT 29,,JOSE R. RODRIGUEZ,DEM,526,8,277,1,812,534,278
El Paso,047-H E CHARLES MIDDLE,STATE REPRESENTATIVE DISTRICT 78,,DONALD R. DEE MARGO,REP,402,23,179,0,604,425,179
El Paso,047-H E CHARLES MIDDLE,STATE REPRESENTATIVE DISTRICT 78,,JOE MOODY,DEM,513,12,279,1,805,525,280
El Paso,047-H E CHARLES MIDDLE,"CHIEF JUSTICE, COURT OF APPEALS 8TH DISTRICT",,ANN CRAWFORD MCCLURE,DEM,591,11,321,1,924,602,322
El Paso,047-H E CHARLES MIDDLE,"JUSTICE, 8TH COURT OF APPEALS DISTRICT, PLACE 2",,CHRIS ANTCLIFF,REP,392,28,174,0,594,420,174
El Paso,047-H E CHARLES MIDDLE,"JUSTICE, 8TH COURT OF APPEALS DISTRICT, PLACE 2",,YVONNE RODRIGUEZ,DEM,490,7,270,1,768,497,271
El Paso,047-H E CHARLES MIDDLE,"JUSTICE, 8TH COURT OF APPEALS DISTRICT, PLACE 3",,GUADALUPE LUPE RIVER,DEM,595,10,323,1,929,605,324
El Paso,047-H E CHARLES MIDDLE,"DISTRICT JUDGE, 34TH JUDICIAL DISTRICT",,BILL MOODY,DEM,617,10,322,1,950,627,323
El Paso,047-H E CHARLES MIDDLE,"DISTRICT JUDGE, 41ST JUDICIAL DISTRICT",,ANNA PEREZ,DEM,594,11,319,1,925,605,320
El Paso,047-H E CHARLES MIDDLE,"DISTRICT JUDGE, 243RD JUDICIAL DISTRICT",,BILLY DON HICKS,REP,401,29,186,0,616,430,186
El Paso,047-H E CHARLES MIDDLE,"DISTRICT JUDGE, 243RD JUDICIAL DISTRICT",,LUIS AGUILAR,DEM,475,6,257,1,739,481,258
El Paso,047-H E CHARLES MIDDLE,"DISTRICT JUDGE, 346TH JUDICIAL DISTRICT",,ANGIE J. BARILL,DEM,579,10,314,1,904,589,315
El Paso,047-H E CHARLES MIDDLE,"DISTRICT JUDGE, 383RD JUDICIAL DISTRICT",,MIKE HERRERA,DEM,585,10,319,1,915,595,320
El Paso,047-H E CHARLES MIDDLE,"DISTRICT JUDGE, 384TH JUDICIAL DISTRICT",,PATRICK M. GARCIA,DEM,570,10,315,1,896,580,316
El Paso,047-H E CHARLES MIDDLE,"DISTRICT JUDGE, 388TH JUDICIAL DISTRICT",,LAURA STRATHMANN,DEM,581,10,322,1,914,591,323
El Paso,047-H E CHARLES MIDDLE,"DISTRICT JUDGE, 409TH JUDICIAL DISTRICT",,SAM MEDRANO JR,DEM,579,10,321,1,911,589,322
El Paso,047-H E CHARLES MIDDLE,"DISTRICT JUDGE, 448TH JUDICIAL DISTRICT",,SERGIO H. ENRIQUEZ,DEM,573,10,313,1,897,583,314
El Paso,047-H E CHARLES MIDDLE,"CRIMINAL DISTRICT JUDGE, COURT NO. 1",,DIANE NAVARRETE,DEM,575,11,316,1,903,586,317
El Paso,047-H E CHARLES MIDDLE,"FAMILY DISTRICT JUDGE, 65TH JUDICIAL DISTRICT",,YAHARA L. GUTIERREZ,DEM,570,10,315,1,896,580,316
El Paso,047-H E CHARLES MIDDLE,"DISTRICT ATTORNEY, 34TH JUDICIAL DISTRICT",,JAIME ESPARZA,DEM,586,11,316,1,914,597,317
El Paso,047-H E CHARLES MIDDLE,"JUDGE, COUNTY CRIMINAL COURT NO. 3",,CARLOS CARRASCO,DEM,578,10,309,1,898,588,310
El Paso,047-H E CHARLES MIDDLE,"JUDGE, COUNTY CRIMINAL COURT NO. 4",,JESUS HERRERA,DEM,575,10,312,1,898,585,313
El Paso,047-H E CHARLES MIDDLE,COUNTY ATTORNEY,,JO ANNE BERNAL,DEM,587,12,313,1,913,599,314
El Paso,047-H E CHARLES MIDDLE,SHERIFF,,RICHARD D. WILES,DEM,629,15,328,1,973,644,329
El Paso,047-H E CHARLES MIDDLE,COUNTY TAX ASSESSOR COLLECTOR,,VICTOR A. FLORES,DEM,606,17,321,1,945,623,322
El Paso,047-H E CHARLES MIDDLE,"CONSTABLE, PRECINCT NO. 2",,JEREMIAH HAGGERTY,DEM,635,14,329,1,979,649,330
El Paso,048-FANNIN ELEMENTARY,"CITY OF EL PASO, PROPOSITION",,FOR (A FAVOR),NP,334,9,267,2,612,343,269
El Paso,048-FANNIN ELEMENTARY,"CITY OF EL PASO, PROPOSITION",,AGAINST (EN CONTRA),NP,127,3,73,0,203,130,73
El Paso,048-FANNIN ELEMENTARY,"CITY OF EL PASO, PROPOSITION",,FOR (A FAVOR),NP,318,8,247,1,574,326,248
El Paso,048-FANNIN ELEMENTARY,"CITY OF EL PASO, PROPOSITION",,AGAINST (EN CONTRA),NP,133,4,85,1,223,137,86
El Paso,048-FANNIN ELEMENTARY,"CITY OF EL PASO, PROPOSITION",,FOR (A FAVOR),NP,230,6,187,2,425,236,189
El Paso,048-FANNIN ELEMENTARY,"CITY OF EL PASO, PROPOSITION",,AGAINST (EN CONTRA),NP,217,5,143,0,365,222,143
El Paso,048-FANNIN ELEMENTARY,STRAIGHT PARTY,,REPUBLICAN,REP,61,3,46,2,112,64,48
El Paso,048-FANNIN ELEMENTARY,STRAIGHT PARTY,,DEMOCRAT,DEM,231,5,209,0,445,236,209
El Paso,048-FANNIN ELEMENTARY,STRAIGHT PARTY,,LIBERTARIAN,LIB,4,1,4,0,9,5,4
El Paso,048-FANNIN ELEMENTARY,STRAIGHT PARTY,,GREEN,GRN,2,0,1,0,3,2,1
El Paso,048-FANNIN ELEMENTARY,US PRESIDENT,,MITT ROMNEY,REP,127,6,84,2,219,133,86
El Paso,048-FANNIN ELEMENTARY,US PRESIDENT,,BARACK OBAMA,DEM,339,5,266,0,610,344,266
El Paso,048-FANNIN ELEMENTARY,US PRESIDENT,,GARY JOHNSON,LIB,4,1,5,0,10,5,5
El Paso,048-FANNIN ELEMENTARY,US PRESIDENT,,JILL STEIN,GRN,5,0,3,0,8,5,3
El Paso,048-FANNIN ELEMENTARY,US PRESIDENT,,WRITE-IN,NP,0,0,0,0,0,0,0
El Paso,048-FANNIN ELEMENTARY,US SENATOR,,TED CRUZ,REP,135,5,92,2,234,140,94
El Paso,048-FANNIN ELEMENTARY,US SENATOR,,PAUL SADLER,DEM,302,5,241,0,548,307,241
El Paso,048-FANNIN ELEMENTARY,US SENATOR,,JOHN JAY MYERS,LIB,20,1,8,0,29,21,8
El Paso,048-FANNIN ELEMENTARY,US SENATOR,,DAVID B. COLLINS,GRN,6,0,8,0,14,6,8
El Paso,048-FANNIN ELEMENTARY,US REP DISTRICT 16,,BARBARA CARRASCO,REP,131,6,92,2,231,137,94
El Paso,048-FANNIN ELEMENTARY,US REP DISTRICT 16,,BETO OROURKE,DEM,329,5,255,0,589,334,255
El Paso,048-FANNIN ELEMENTARY,US REP DISTRICT 16,,JUNART SODOY,LIB,8,1,4,0,13,9,4
El Paso,048-FANNIN ELEMENTARY,RAILROAD COMMISSIONER,,CHRISTI CRADDICK,REP,113,4,80,2,199,117,82
El Paso,048-FANNIN ELEMENTARY,RAILROAD COMMISSIONER,,DALE HENRY,DEM,304,4,238,0,546,308,238
El Paso,048-FANNIN ELEMENTARY,RAILROAD COMMISSIONER,,VIVEKANANDA (VIK) WA,LIB,9,1,10,0,20,10,10
El Paso,048-FANNIN ELEMENTARY,RAILROAD COMMISSIONER,,CHRIS KENNEDY,GRN,21,1,12,0,34,22,12
El Paso,048-FANNIN ELEMENTARY,RAILROAD COMMISSIONER,,BARRY SMITHERMAN,REP,145,6,107,2,260,151,109
El Paso,048-FANNIN ELEMENTARY,RAILROAD COMMISSIONER,,JAIME O. PEREZ,LIB,155,3,117,0,275,158,117
El Paso,048-FANNIN ELEMENTARY,RAILROAD COMMISSIONER,,JOSH WENDEL,GRN,39,1,25,0,65,40,25
El Paso,048-FANNIN ELEMENTARY,"JUSTICE, SUPREME COURT, PLACE 2",,DON WILLETT,REP,193,7,126,2,328,200,128
El Paso,048-FANNIN ELEMENTARY,"JUSTICE, SUPREME COURT, PLACE 2",,RS ROBERT KOELSCH,LIB,136,3,118,0,257,139,118
El Paso,048-FANNIN ELEMENTARY,"JUSTICE, SUPREME COURT, PLACE 4",,JOHN DEVINE,REP,167,5,114,2,288,172,116
El Paso,048-FANNIN ELEMENTARY,"JUSTICE, SUPREME COURT, PLACE 4",,TOM OXFORD,LIB,115,3,102,0,220,118,102
El Paso,048-FANNIN ELEMENTARY,"JUSTICE, SUPREME COURT, PLACE 4",,CHARLES E. WATERBURY,GRN,53,2,27,0,82,55,27
El Paso,048-FANNIN ELEMENTARY,"JUSTICE, SUPREME COURT, PLACE 6",,NATHAN HECHT,REP,111,5,69,2,187,116,71
El Paso,048-FANNIN ELEMENTARY,"JUSTICE, SUPREME COURT, PLACE 6",,MICHELE PETTY,DEM,313,6,249,0,568,319,249
El Paso,048-FANNIN ELEMENTARY,"JUSTICE, SUPREME COURT, PLACE 6",,MARK ASH,LIB,11,1,15,0,27,12,15
El Paso,048-FANNIN ELEMENTARY,"JUSTICE, SUPREME COURT, PLACE 6",,JIM CHISHOLM,GRN,13,0,7,0,20,13,7
El Paso,048-FANNIN ELEMENTARY,"PRESIDING JUDGE, COURT OF CRIMINAL APPEALS",,SHARON KELLER,REP,126,6,79,2,213,132,81
El Paso,048-FANNIN ELEMENTARY,"PRESIDING JUDGE, COURT OF CRIMINAL APPEALS",,KEITH HAMPTON,DEM,309,4,246,0,559,313,246
El Paso,048-FANNIN ELEMENTARY,"PRESIDING JUDGE, COURT OF CRIMINAL APPEALS",,LANCE STOTT,LIB,15,2,13,0,30,17,13
El Paso,048-FANNIN ELEMENTARY,"JUDGE, COURT OF CRIMINAL APPEALS, PLACE 7",,BARBARA PARKER HERVE,REP,194,7,138,2,341,201,140
El Paso,048-FANNIN ELEMENTARY,"JUDGE, COURT OF CRIMINAL APPEALS, PLACE 7",,MARK W. BENNETT,LIB,134,3,111,0,248,137,111
El Paso,048-FANNIN ELEMENTARY,"JUDGE, COURT OF CRIMINAL APPEALS, PLACE 8",,ELSA ALCALA,REP,194,6,157,2,359,200,159
El Paso,048-FANNIN ELEMENTARY,"JUDGE, COURT OF CRIMINAL APPEALS, PLACE 8",,WILLIAM BRYAN STRANG,LIB,131,3,92,0,226,134,92
El Paso,048-FANNIN ELEMENTARY,MEMBER STATE BOARD OF EDUCATION DISTRICT 1,,CARLOS CHARLIE GARZA,REP,129,6,81,2,218,135,83
El Paso,048-FANNIN ELEMENTARY,MEMBER STATE BOARD OF EDUCATION DISTRICT 1,,MARTHA M. DOMINGUEZ,DEM,316,5,256,0,577,321,256
El Paso,048-FANNIN ELEMENTARY,STATE SENATOR DISTRICT 29,,DAN CHAVEZ,REP,121,5,74,2,202,126,76
El Paso,048-FANNIN ELEMENTARY,STATE SENATOR DISTRICT 29,,JOSE R. RODRIGUEZ,DEM,332,6,266,0,604,338,266
El Paso,048-FANNIN ELEMENTARY,STATE REPRESENTATIVE DISTRICT 78,,DONALD R. DEE MARGO,REP,134,8,78,2,222,142,80
El Paso,048-FANNIN ELEMENTARY,STATE REPRESENTATIVE DISTRICT 78,,JOE MOODY,DEM,329,4,269,0,602,333,269
El Paso,048-FANNIN ELEMENTARY,"CHIEF JUSTICE, COURT OF APPEALS 8TH DISTRICT",,ANN CRAWFORD MCCLURE,DEM,355,7,287,0,649,362,287
El Paso,048-FANNIN ELEMENTARY,"JUSTICE, 8TH COURT OF APPEALS DISTRICT, PLACE 2",,CHRIS ANTCLIFF,REP,131,7,75,2,215,138,77
El Paso,048-FANNIN ELEMENTARY,"JUSTICE, 8TH COURT OF APPEALS DISTRICT, PLACE 2",,YVONNE RODRIGUEZ,DEM,323,5,265,0,593,328,265
El Paso,048-FANNIN ELEMENTARY,"JUSTICE, 8TH COURT OF APPEALS DISTRICT, PLACE 3",,GUADALUPE LUPE RIVER,DEM,361,7,292,0,660,368,292
El Paso,048-FANNIN ELEMENTARY,"DISTRICT JUDGE, 34TH JUDICIAL DISTRICT",,BILL MOODY,DEM,359,7,293,0,659,366,293
El Paso,048-FANNIN ELEMENTARY,"DISTRICT JUDGE, 41ST JUDICIAL DISTRICT",,ANNA PEREZ,DEM,354,6,294,0,654,360,294
El Paso,048-FANNIN ELEMENTARY,"DISTRICT JUDGE, 243RD JUDICIAL DISTRICT",,BILLY DON HICKS,REP,134,5,79,2,220,139,81
El Paso,048-FANNIN ELEMENTARY,"DISTRICT JUDGE, 243RD JUDICIAL DISTRICT",,LUIS AGUILAR,DEM,313,5,264,0,582,318,264
El Paso,048-FANNIN ELEMENTARY,"DISTRICT JUDGE, 346TH JUDICIAL DISTRICT",,ANGIE J. BARILL,DEM,358,6,285,0,649,364,285
El Paso,048-FANNIN ELEMENTARY,"DISTRICT JUDGE, 383RD JUDICIAL DISTRICT",,MIKE HERRERA,DEM,349,6,288,0,643,355,288
El Paso,048-FANNIN ELEMENTARY,"DISTRICT JUDGE, 384TH JUDICIAL DISTRICT",,PATRICK M. GARCIA,DEM,353,6,286,0,645,359,286
El Paso,048-FANNIN ELEMENTARY,"DISTRICT JUDGE, 388TH JUDICIAL DISTRICT",,LAURA STRATHMANN,DEM,355,7,287,0,649,362,287
El Paso,048-FANNIN ELEMENTARY,"DISTRICT JUDGE, 409TH JUDICIAL DISTRICT",,SAM MEDRANO JR,DEM,357,6,286,0,649,363,286
El Paso,048-FANNIN ELEMENTARY,"DISTRICT JUDGE, 448TH JUDICIAL DISTRICT",,SERGIO H. ENRIQUEZ,DEM,349,6,286,0,641,355,286
El Paso,048-FANNIN ELEMENTARY,"CRIMINAL DISTRICT JUDGE, COURT NO. 1",,DIANE NAVARRETE,DEM,351,6,289,0,646,357,289
El Paso,048-FANNIN ELEMENTARY,"FAMILY DISTRICT JUDGE, 65TH JUDICIAL DISTRICT",,YAHARA L. GUTIERREZ,DEM,347,6,286,0,639,353,286
El Paso,048-FANNIN ELEMENTARY,"DISTRICT ATTORNEY, 34TH JUDICIAL DISTRICT",,JAIME ESPARZA,DEM,356,7,285,0,648,363,285
El Paso,048-FANNIN ELEMENTARY,"JUDGE, COUNTY CRIMINAL COURT NO. 3",,CARLOS CARRASCO,DEM,350,6,286,0,642,356,286
El Paso,048-FANNIN ELEMENTARY,"JUDGE, COUNTY CRIMINAL COURT NO. 4",,JESUS HERRERA,DEM,347,6,286,0,639,353,286
El Paso,048-FANNIN ELEMENTARY,COUNTY ATTORNEY,,JO ANNE BERNAL,DEM,351,6,284,0,641,357,284
El Paso,048-FANNIN ELEMENTARY,SHERIFF,,RICHARD D. WILES,DEM,369,8,294,0,671,377,294
El Paso,048-FANNIN ELEMENTARY,COUNTY TAX ASSESSOR COLLECTOR,,VICTOR A. FLORES,DEM,361,8,290,0,659,369,290
El Paso,048-FANNIN ELEMENTARY,"CONSTABLE, PRECINCT NO. 2",,JEREMIAH HAGGERTY,DEM,366,9,292,0,667,375,292
El Paso,049-DESERTAIRE ELEMENTARY,"CITY OF EL PASO, PROPOSITION",,FOR (A FAVOR),NP,259,15,209,1,484,274,210
El Paso,049-DESERTAIRE ELEMENTARY,"CITY OF EL PASO, PROPOSITION",,AGAINST (EN CONTRA),NP,97,6,44,0,147,103,44
El Paso,049-DESERTAIRE ELEMENTARY,"CITY OF EL PASO, PROPOSITION",,FOR (A FAVOR),NP,243,15,187,1,446,258,188
El Paso,049-DESERTAIRE ELEMENTARY,"CITY OF EL PASO, PROPOSITION",,AGAINST (EN CONTRA),NP,110,6,64,0,180,116,64
El Paso,049-DESERTAIRE ELEMENTARY,"CITY OF EL PASO, PROPOSITION",,FOR (A FAVOR),NP,177,12,148,1,338,189,149
El Paso,049-DESERTAIRE ELEMENTARY,"CITY OF EL PASO, PROPOSITION",,AGAINST (EN CONTRA),NP,169,10,100,0,279,179,100
El Paso,049-DESERTAIRE ELEMENTARY,STRAIGHT PARTY,,REPUBLICAN,REP,87,6,54,0,147,93,54
El Paso,049-DESERTAIRE ELEMENTARY,STRAIGHT PARTY,,DEMOCRAT,DEM,117,9,112,1,239,126,113
El Paso,049-DESERTAIRE ELEMENTARY,STRAIGHT PARTY,,LIBERTARIAN,LIB,4,0,1,0,5,4,1
El Paso,049-DESERTAIRE ELEMENTARY,STRAIGHT PARTY,,GREEN,GRN,0,0,1,0,1,0,1
El Paso,049-DESERTAIRE ELEMENTARY,US PRESIDENT,,MITT ROMNEY,REP,164,10,92,0,266,174,92
El Paso,049-DESERTAIRE ELEMENTARY,US PRESIDENT,,BARACK OBAMA,DEM,191,14,164,1,370,205,165
El Paso,049-DESERTAIRE ELEMENTARY,US PRESIDENT,,GARY JOHNSON,LIB,6,0,5,0,11,6,5
El Paso,049-DESERTAIRE ELEMENTARY,US PRESIDENT,,JILL STEIN,GRN,0,0,1,0,1,0,1
El Paso,049-DESERTAIRE ELEMENTARY,US PRESIDENT,,WRITE-IN,NP,2,0,0,0,2,2,0
El Paso,049-DESERTAIRE ELEMENTARY,US SENATOR,,TED CRUZ,REP,168,13,99,0,280,181,99
El Paso,049-DESERTAIRE ELEMENTARY,US SENATOR,,PAUL SADLER,DEM,172,10,144,1,327,182,145
El Paso,049-DESERTAIRE ELEMENTARY,US SENATOR,,JOHN JAY MYERS,LIB,11,0,6,0,17,11,6
El Paso,049-DESERTAIRE ELEMENTARY,US SENATOR,,DAVID B. COLLINS,GRN,1,1,3,0,5,2,3
El Paso,049-DESERTAIRE ELEMENTARY,US REP DISTRICT 16,,BARBARA CARRASCO,REP,143,12,95,0,250,155,95
El Paso,049-DESERTAIRE ELEMENTARY,US REP DISTRICT 16,,BETO OROURKE,DEM,198,12,153,1,364,210,154
El Paso,049-DESERTAIRE ELEMENTARY,US REP DISTRICT 16,,JUNART SODOY,LIB,14,0,7,0,21,14,7
El Paso,049-DESERTAIRE ELEMENTARY,RAILROAD COMMISSIONER,,CHRISTI CRADDICK,REP,160,12,87,0,259,172,87
El Paso,049-DESERTAIRE ELEMENTARY,RAILROAD COMMISSIONER,,DALE HENRY,DEM,162,10,146,1,319,172,147
El Paso,049-DESERTAIRE ELEMENTARY,RAILROAD COMMISSIONER,,VIVEKANANDA (VIK) WA,LIB,11,0,9,0,20,11,9
El Paso,049-DESERTAIRE ELEMENTARY,RAILROAD COMMISSIONER,,CHRIS KENNEDY,GRN,10,2,6,0,18,12,6
El Paso,049-DESERTAIRE ELEMENTARY,RAILROAD COMMISSIONER,,BARRY SMITHERMAN,REP,180,13,104,0,297,193,104
El Paso,049-DESERTAIRE ELEMENTARY,RAILROAD COMMISSIONER,,JAIME O. PEREZ,LIB,97,4,78,0,179,101,78
El Paso,049-DESERTAIRE ELEMENTARY,RAILROAD COMMISSIONER,,JOSH WENDEL,GRN,28,2,26,1,57,30,27
El Paso,049-DESERTAIRE ELEMENTARY,"JUSTICE, SUPREME COURT, PLACE 2",,DON WILLETT,REP,202,13,129,1,345,215,130
El Paso,049-DESERTAIRE ELEMENTARY,"JUSTICE, SUPREME COURT, PLACE 2",,RS ROBERT KOELSCH,LIB,97,6,79,0,182,103,79
El Paso,049-DESERTAIRE ELEMENTARY,"JUSTICE, SUPREME COURT, PLACE 4",,JOHN DEVINE,REP,185,14,116,1,316,199,117
El Paso,049-DESERTAIRE ELEMENTARY,"JUSTICE, SUPREME COURT, PLACE 4",,TOM OXFORD,LIB,78,3,63,0,144,81,63
El Paso,049-DESERTAIRE ELEMENTARY,"JUSTICE, SUPREME COURT, PLACE 4",,CHARLES E. WATERBURY,GRN,38,1,26,0,65,39,26
El Paso,049-DESERTAIRE ELEMENTARY,"JUSTICE, SUPREME COURT, PLACE 6",,NATHAN HECHT,REP,139,10,76,0,225,149,76
El Paso,049-DESERTAIRE ELEMENTARY,"JUSTICE, SUPREME COURT, PLACE 6",,MICHELE PETTY,DEM,190,12,158,1,361,202,159
El Paso,049-DESERTAIRE ELEMENTARY,"JUSTICE, SUPREME COURT, PLACE 6",,MARK ASH,LIB,13,1,8,0,22,14,8
El Paso,049-DESERTAIRE ELEMENTARY,"JUSTICE, SUPREME COURT, PLACE 6",,JIM CHISHOLM,GRN,4,1,5,0,10,5,5
El Paso,049-DESERTAIRE ELEMENTARY,"PRESIDING JUDGE, COURT OF CRIMINAL APPEALS",,SHARON KELLER,REP,154,9,90,0,253,163,90
El Paso,049-DESERTAIRE ELEMENTARY,"PRESIDING JUDGE, COURT OF CRIMINAL APPEALS",,KEITH HAMPTON,DEM,177,12,151,1,341,189,152
El Paso,049-DESERTAIRE ELEMENTARY,"PRESIDING JUDGE, COURT OF CRIMINAL APPEALS",,LANCE STOTT,LIB,11,3,8,0,22,14,8
El Paso,049-DESERTAIRE ELEMENTARY,"JUDGE, COURT OF CRIMINAL APPEALS, PLACE 7",,BARBARA PARKER HERVE,REP,201,13,130,1,345,214,131
El Paso,049-DESERTAIRE ELEMENTARY,"JUDGE, COURT OF CRIMINAL APPEALS, PLACE 7",,MARK W. BENNETT,LIB,102,5,79,0,186,107,79
El Paso,049-DESERTAIRE ELEMENTARY,"JUDGE, COURT OF CRIMINAL APPEALS, PLACE 8",,ELSA ALCALA,REP,194,13,131,1,339,207,132
El Paso,049-DESERTAIRE ELEMENTARY,"JUDGE, COURT OF CRIMINAL APPEALS, PLACE 8",,WILLIAM BRYAN STRANG,LIB,108,5,72,0,185,113,72
El Paso,049-DESERTAIRE ELEMENTARY,MEMBER STATE BOARD OF EDUCATION DISTRICT 1,,CARLOS CHARLIE GARZA,REP,159,11,84,0,254,170,84
El Paso,049-DESERTAIRE ELEMENTARY,MEMBER STATE BOARD OF EDUCATION DISTRICT 1,,MARTHA M. DOMINGUEZ,DEM,183,13,164,1,361,196,165
El Paso,049-DESERTAIRE ELEMENTARY,STATE SENATOR DISTRICT 29,,DAN CHAVEZ,REP,153,9,79,0,241,162,79
El Paso,049-DESERTAIRE ELEMENTARY,STATE SENATOR DISTRICT 29,,JOSE R. RODRIGUEZ,DEM,192,14,168,1,375,206,169
El Paso,049-DESERTAIRE ELEMENTARY,STATE REPRESENTATIVE DISTRICT 78,,DONALD R. DEE MARGO,REP,166,11,96,0,273,177,96
El Paso,049-DESERTAIRE ELEMENTARY,STATE REPRESENTATIVE DISTRICT 78,,JOE MOODY,DEM,186,13,159,1,359,199,160
El Paso,049-DESERTAIRE ELEMENTARY,"CHIEF JUSTICE, COURT OF APPEALS 8TH DISTRICT",,ANN CRAWFORD MCCLURE,DEM,221,14,186,1,422,235,187
El Paso,049-DESERTAIRE ELEMENTARY,"JUSTICE, 8TH COURT OF APPEALS DISTRICT, PLACE 2",,CHRIS ANTCLIFF,REP,153,11,85,0,249,164,85
El Paso,049-DESERTAIRE ELEMENTARY,"JUSTICE, 8TH COURT OF APPEALS DISTRICT, PLACE 2",,YVONNE RODRIGUEZ,DEM,185,13,165,1,364,198,166
El Paso,049-DESERTAIRE ELEMENTARY,"JUSTICE, 8TH COURT OF APPEALS DISTRICT, PLACE 3",,GUADALUPE LUPE RIVER,DEM,225,14,183,1,423,239,184
El Paso,049-DESERTAIRE ELEMENTARY,"DISTRICT JUDGE, 34TH JUDICIAL DISTRICT",,BILL MOODY,DEM,221,14,187,1,423,235,188
El Paso,049-DESERTAIRE ELEMENTARY,"DISTRICT JUDGE, 41ST JUDICIAL DISTRICT",,ANNA PEREZ,DEM,215,14,184,1,414,229,185
El Paso,049-DESERTAIRE ELEMENTARY,"DISTRICT JUDGE, 243RD JUDICIAL DISTRICT",,BILLY DON HICKS,REP,167,11,98,0,276,178,98
El Paso,049-DESERTAIRE ELEMENTARY,"DISTRICT JUDGE, 243RD JUDICIAL DISTRICT",,LUIS AGUILAR,DEM,171,13,146,1,331,184,147
El Paso,049-DESERTAIRE ELEMENTARY,"DISTRICT JUDGE, 346TH JUDICIAL DISTRICT",,ANGIE J. BARILL,DEM,213,14,179,1,407,227,180
El Paso,049-DESERTAIRE ELEMENTARY,"DISTRICT JUDGE, 383RD JUDICIAL DISTRICT",,MIKE HERRERA,DEM,213,13,179,1,406,226,180
El Paso,049-DESERTAIRE ELEMENTARY,"DISTRICT JUDGE, 384TH JUDICIAL DISTRICT",,PATRICK M. GARCIA,DEM,211,13,178,1,403,224,179
El Paso,049-DESERTAIRE ELEMENTARY,"DISTRICT JUDGE, 388TH JUDICIAL DISTRICT",,LAURA STRATHMANN,DEM,217,14,179,1,411,231,180
El Paso,049-DESERTAIRE ELEMENTARY,"DISTRICT JUDGE, 409TH JUDICIAL DISTRICT",,SAM MEDRANO JR,DEM,217,14,177,1,409,231,178
El Paso,049-DESERTAIRE ELEMENTARY,"DISTRICT JUDGE, 448TH JUDICIAL DISTRICT",,SERGIO H. ENRIQUEZ,DEM,214,13,178,1,406,227,179
El Paso,049-DESERTAIRE ELEMENTARY,"CRIMINAL DISTRICT JUDGE, COURT NO. 1",,DIANE NAVARRETE,DEM,213,14,178,1,406,227,179
El Paso,049-DESERTAIRE ELEMENTARY,"FAMILY DISTRICT JUDGE, 65TH JUDICIAL DISTRICT",,YAHARA L. GUTIERREZ,DEM,214,13,176,1,404,227,177
El Paso,049-DESERTAIRE ELEMENTARY,"DISTRICT ATTORNEY, 34TH JUDICIAL DISTRICT",,JAIME ESPARZA,DEM,215,14,179,1,409,229,180
El Paso,049-DESERTAIRE ELEMENTARY,"JUDGE, COUNTY CRIMINAL COURT NO. 3",,CARLOS CARRASCO,DEM,213,14,179,1,407,227,180
El Paso,049-DESERTAIRE ELEMENTARY,"JUDGE, COUNTY CRIMINAL COURT NO. 4",,JESUS HERRERA,DEM,214,14,177,1,406,228,178
El Paso,049-DESERTAIRE ELEMENTARY,COUNTY ATTORNEY,,JO ANNE BERNAL,DEM,216,14,177,1,408,230,178
El Paso,049-DESERTAIRE ELEMENTARY,SHERIFF,,RICHARD D. WILES,DEM,230,13,186,1,430,243,187
El Paso,049-DESERTAIRE ELEMENTARY,COUNTY TAX ASSESSOR COLLECTOR,,VICTOR A. FLORES,DEM,220,14,183,1,418,234,184
El Paso,049-DESERTAIRE ELEMENTARY,"CONSTABLE, PRECINCT NO. 2",,JEREMIAH HAGGERTY,DEM,217,14,186,1,418,231,187
El Paso,050-DESERTAIRE ELEMENTARY,"CITY OF EL PASO, PROPOSITION",,FOR (A FAVOR),NP,443,30,526,3,1002,473,529
El Paso,050-DESERTAIRE ELEMENTARY,"CITY OF EL PASO, PROPOSITION",,AGAINST (EN CONTRA),NP,168,12,154,1,335,180,155
El Paso,050-DESERTAIRE ELEMENTARY,"CITY OF EL PASO, PROPOSITION",,FOR (A FAVOR),NP,425,28,500,1,954,453,501
El Paso,050-DESERTAIRE ELEMENTARY,"CITY OF EL PASO, PROPOSITION",,AGAINST (EN CONTRA),NP,177,12,174,2,365,189,176
El Paso,050-DESERTAIRE ELEMENTARY,"CITY OF EL PASO, PROPOSITION",,FOR (A FAVOR),NP,332,18,392,3,745,350,395
El Paso,050-DESERTAIRE ELEMENTARY,"CITY OF EL PASO, PROPOSITION",,AGAINST (EN CONTRA),NP,269,22,273,1,565,291,274
El Paso,050-DESERTAIRE ELEMENTARY,STRAIGHT PARTY,,REPUBLICAN,REP,146,19,175,1,341,165,176
El Paso,050-DESERTAIRE ELEMENTARY,STRAIGHT PARTY,,DEMOCRAT,DEM,283,6,319,1,609,289,320
El Paso,050-DESERTAIRE ELEMENTARY,STRAIGHT PARTY,,LIBERTARIAN,LIB,2,0,8,0,10,2,8
El Paso,050-DESERTAIRE ELEMENTARY,STRAIGHT PARTY,,GREEN,GRN,1,0,1,0,2,1,1
El Paso,050-DESERTAIRE ELEMENTARY,US PRESIDENT,,MITT ROMNEY,REP,224,30,261,2,517,254,263
El Paso,050-DESERTAIRE ELEMENTARY,US PRESIDENT,,BARACK OBAMA,DEM,394,17,425,1,837,411,426
El Paso,050-DESERTAIRE ELEMENTARY,US PRESIDENT,,GARY JOHNSON,LIB,5,0,5,0,10,5,5
El Paso,050-DESERTAIRE ELEMENTARY,US PRESIDENT,,JILL STEIN,GRN,2,1,2,0,5,3,2
El Paso,050-DESERTAIRE ELEMENTARY,US PRESIDENT,,WRITE-IN,NP,4,0,2,1,7,4,3
El Paso,050-DESERTAIRE ELEMENTARY,US SENATOR,,TED CRUZ,REP,234,26,262,2,524,260,264
El Paso,050-DESERTAIRE ELEMENTARY,US SENATOR,,PAUL SADLER,DEM,361,13,380,2,756,374,382
El Paso,050-DESERTAIRE ELEMENTARY,US SENATOR,,JOHN JAY MYERS,LIB,13,1,17,0,31,14,17
El Paso,050-DESERTAIRE ELEMENTARY,US SENATOR,,DAVID B. COLLINS,GRN,5,3,11,0,19,8,11
El Paso,050-DESERTAIRE ELEMENTARY,US REP DISTRICT 16,,BARBARA CARRASCO,REP,207,27,262,3,499,234,265
El Paso,050-DESERTAIRE ELEMENTARY,US REP DISTRICT 16,,BETO OROURKE,DEM,402,14,401,1,818,416,402
El Paso,050-DESERTAIRE ELEMENTARY,US REP DISTRICT 16,,JUNART SODOY,LIB,9,0,15,0,24,9,15
El Paso,050-DESERTAIRE ELEMENTARY,RAILROAD COMMISSIONER,,CHRISTI CRADDICK,REP,210,26,242,2,480,236,244
El Paso,050-DESERTAIRE ELEMENTARY,RAILROAD COMMISSIONER,,DALE HENRY,DEM,357,10,379,2,748,367,381
El Paso,050-DESERTAIRE ELEMENTARY,RAILROAD COMMISSIONER,,VIVEKANANDA (VIK) WA,LIB,15,1,27,0,43,16,27
El Paso,050-DESERTAIRE ELEMENTARY,RAILROAD COMMISSIONER,,CHRIS KENNEDY,GRN,20,1,19,0,40,21,19
El Paso,050-DESERTAIRE ELEMENTARY,RAILROAD COMMISSIONER,,BARRY SMITHERMAN,REP,240,26,276,2,544,266,278
El Paso,050-DESERTAIRE ELEMENTARY,RAILROAD COMMISSIONER,,JAIME O. PEREZ,LIB,189,5,242,1,437,194,243
El Paso,050-DESERTAIRE ELEMENTARY,RAILROAD COMMISSIONER,,JOSH WENDEL,GRN,54,5,57,0,116,59,57
El Paso,050-DESERTAIRE ELEMENTARY,"JUSTICE, SUPREME COURT, PLACE 2",,DON WILLETT,REP,282,27,349,2,660,309,351
El Paso,050-DESERTAIRE ELEMENTARY,"JUSTICE, SUPREME COURT, PLACE 2",,RS ROBERT KOELSCH,LIB,185,9,211,1,406,194,212
El Paso,050-DESERTAIRE ELEMENTARY,"JUSTICE, SUPREME COURT, PLACE 4",,JOHN DEVINE,REP,262,27,337,2,628,289,339
El Paso,050-DESERTAIRE ELEMENTARY,"JUSTICE, SUPREME COURT, PLACE 4",,TOM OXFORD,LIB,142,4,157,1,304,146,158
El Paso,050-DESERTAIRE ELEMENTARY,"JUSTICE, SUPREME COURT, PLACE 4",,CHARLES E. WATERBURY,GRN,62,4,69,0,135,66,69
El Paso,050-DESERTAIRE ELEMENTARY,"JUSTICE, SUPREME COURT, PLACE 6",,NATHAN HECHT,REP,198,24,227,2,451,222,229
El Paso,050-DESERTAIRE ELEMENTARY,"JUSTICE, SUPREME COURT, PLACE 6",,MICHELE PETTY,DEM,363,13,397,1,774,376,398
El Paso,050-DESERTAIRE ELEMENTARY,"JUSTICE, SUPREME COURT, PLACE 6",,MARK ASH,LIB,20,0,26,0,46,20,26
El Paso,050-DESERTAIRE ELEMENTARY,"JUSTICE, SUPREME COURT, PLACE 6",,JIM CHISHOLM,GRN,15,1,16,0,32,16,16
El Paso,050-DESERTAIRE ELEMENTARY,"PRESIDING JUDGE, COURT OF CRIMINAL APPEALS",,SHARON KELLER,REP,214,25,253,2,494,239,255
El Paso,050-DESERTAIRE ELEMENTARY,"PRESIDING JUDGE, COURT OF CRIMINAL APPEALS",,KEITH HAMPTON,DEM,362,13,382,1,758,375,383
El Paso,050-DESERTAIRE ELEMENTARY,"PRESIDING JUDGE, COURT OF CRIMINAL APPEALS",,LANCE STOTT,LIB,21,0,28,0,49,21,28
El Paso,050-DESERTAIRE ELEMENTARY,"JUDGE, COURT OF CRIMINAL APPEALS, PLACE 7",,BARBARA PARKER HERVE,REP,278,29,357,2,666,307,359
El Paso,050-DESERTAIRE ELEMENTARY,"JUDGE, COURT OF CRIMINAL APPEALS, PLACE 7",,MARK W. BENNETT,LIB,194,7,211,1,413,201,212
El Paso,050-DESERTAIRE ELEMENTARY,"JUDGE, COURT OF CRIMINAL APPEALS, PLACE 8",,ELSA ALCALA,REP,277,28,365,2,672,305,367
El Paso,050-DESERTAIRE ELEMENTARY,"JUDGE, COURT OF CRIMINAL APPEALS, PLACE 8",,WILLIAM BRYAN STRANG,LIB,189,8,201,1,399,197,202
El Paso,050-DESERTAIRE ELEMENTARY,MEMBER STATE BOARD OF EDUCATION DISTRICT 1,,CARLOS CHARLIE GARZA,REP,217,25,256,2,500,242,258
El Paso,050-DESERTAIRE ELEMENTARY,MEMBER STATE BOARD OF EDUCATION DISTRICT 1,,MARTHA M. DOMINGUEZ,DEM,381,13,408,1,803,394,409
El Paso,050-DESERTAIRE ELEMENTARY,STATE SENATOR DISTRICT 29,,DAN CHAVEZ,REP,219,24,242,2,487,243,244
El Paso,050-DESERTAIRE ELEMENTARY,STATE SENATOR DISTRICT 29,,JOSE R. RODRIGUEZ,DEM,382,15,426,1,824,397,427
El Paso,050-DESERTAIRE ELEMENTARY,STATE REPRESENTATIVE DISTRICT 78,,DONALD R. DEE MARGO,REP,229,26,265,2,522,255,267
El Paso,050-DESERTAIRE ELEMENTARY,STATE REPRESENTATIVE DISTRICT 78,,JOE MOODY,DEM,380,13,412,1,806,393,413
El Paso,050-DESERTAIRE ELEMENTARY,"CHIEF JUSTICE, COURT OF APPEALS 8TH DISTRICT",,ANN CRAWFORD MCCLURE,DEM,432,19,478,1,930,451,479
El Paso,050-DESERTAIRE ELEMENTARY,"JUSTICE, 8TH COURT OF APPEALS DISTRICT, PLACE 2",,CHRIS ANTCLIFF,REP,226,25,249,2,502,251,251
El Paso,050-DESERTAIRE ELEMENTARY,"JUSTICE, 8TH COURT OF APPEALS DISTRICT, PLACE 2",,YVONNE RODRIGUEZ,DEM,373,13,417,1,804,386,418
El Paso,050-DESERTAIRE ELEMENTARY,"JUSTICE, 8TH COURT OF APPEALS DISTRICT, PLACE 3",,GUADALUPE LUPE RIVER,DEM,434,18,481,1,934,452,482
El Paso,050-DESERTAIRE ELEMENTARY,"DISTRICT JUDGE, 34TH JUDICIAL DISTRICT",,BILL MOODY,DEM,436,18,479,1,934,454,480
El Paso,050-DESERTAIRE ELEMENTARY,"DISTRICT JUDGE, 41ST JUDICIAL DISTRICT",,ANNA PEREZ,DEM,439,18,482,1,940,457,483
El Paso,050-DESERTAIRE ELEMENTARY,"DISTRICT JUDGE, 243RD JUDICIAL DISTRICT",,BILLY DON HICKS,REP,229,26,258,2,515,255,260
El Paso,050-DESERTAIRE ELEMENTARY,"DISTRICT JUDGE, 243RD JUDICIAL DISTRICT",,LUIS AGUILAR,DEM,369,12,405,1,787,381,406
El Paso,050-DESERTAIRE ELEMENTARY,"DISTRICT JUDGE, 346TH JUDICIAL DISTRICT",,ANGIE J. BARILL,DEM,434,18,471,1,924,452,472
El Paso,050-DESERTAIRE ELEMENTARY,"DISTRICT JUDGE, 383RD JUDICIAL DISTRICT",,MIKE HERRERA,DEM,435,18,473,1,927,453,474
El Paso,050-DESERTAIRE ELEMENTARY,"DISTRICT JUDGE, 384TH JUDICIAL DISTRICT",,PATRICK M. GARCIA,DEM,428,18,473,1,920,446,474
El Paso,050-DESERTAIRE ELEMENTARY,"DISTRICT JUDGE, 388TH JUDICIAL DISTRICT",,LAURA STRATHMANN,DEM,435,19,475,1,930,454,476
El Paso,050-DESERTAIRE ELEMENTARY,"DISTRICT JUDGE, 409TH JUDICIAL DISTRICT",,SAM MEDRANO JR,DEM,430,18,471,1,920,448,472
El Paso,050-DESERTAIRE ELEMENTARY,"DISTRICT JUDGE, 448TH JUDICIAL DISTRICT",,SERGIO H. ENRIQUEZ,DEM,429,18,469,1,917,447,470
El Paso,050-DESERTAIRE ELEMENTARY,"CRIMINAL DISTRICT JUDGE, COURT NO. 1",,DIANE NAVARRETE,DEM,432,18,474,1,925,450,475
El Paso,050-DESERTAIRE ELEMENTARY,"FAMILY DISTRICT JUDGE, 65TH JUDICIAL DISTRICT",,YAHARA L. GUTIERREZ,DEM,434,18,477,1,930,452,478
El Paso,050-DESERTAIRE ELEMENTARY,"DISTRICT ATTORNEY, 34TH JUDICIAL DISTRICT",,JAIME ESPARZA,DEM,431,18,479,1,929,449,480
El Paso,050-DESERTAIRE ELEMENTARY,"JUDGE, COUNTY CRIMINAL COURT NO. 3",,CARLOS CARRASCO,DEM,431,19,475,1,926,450,476
El Paso,050-DESERTAIRE ELEMENTARY,"JUDGE, COUNTY CRIMINAL COURT NO. 4",,JESUS HERRERA,DEM,431,19,474,1,925,450,475
El Paso,050-DESERTAIRE ELEMENTARY,COUNTY ATTORNEY,,JO ANNE BERNAL,DEM,435,19,476,1,931,454,477
El Paso,050-DESERTAIRE ELEMENTARY,SHERIFF,,RICHARD D. WILES,DEM,443,18,491,1,953,461,492
El Paso,050-DESERTAIRE ELEMENTARY,COUNTY TAX ASSESSOR COLLECTOR,,VICTOR A. FLORES,DEM,443,21,485,1,950,464,486
El Paso,050-DESERTAIRE ELEMENTARY,"CONSTABLE, PRECINCT NO. 2",,JEREMIAH HAGGERTY,DEM,449,19,480,1,949,468,481
El Paso,051-EL PASO KOREAN U M C,"CITY OF EL PASO, PROPOSITION",,FOR (A FAVOR),NP,419,43,257,1,720,462,258
El Paso,051-EL PASO KOREAN U M C,"CITY OF EL PASO, PROPOSITION",,AGAINST (EN CONTRA),NP,249,15,94,0,358,264,94
El Paso,051-EL PASO KOREAN U M C,"CITY OF EL PASO, PROPOSITION",,FOR (A FAVOR),NP,363,37,229,1,630,400,230
El Paso,051-EL PASO KOREAN U M C,"CITY OF EL PASO, PROPOSITION",,AGAINST (EN CONTRA),NP,286,19,116,0,421,305,116
El Paso,051-EL PASO KOREAN U M C,"CITY OF EL PASO, PROPOSITION",,FOR (A FAVOR),NP,279,28,182,1,490,307,183
El Paso,051-EL PASO KOREAN U M C,"CITY OF EL PASO, PROPOSITION",,AGAINST (EN CONTRA),NP,377,28,164,0,569,405,164
El Paso,051-EL PASO KOREAN U M C,STRAIGHT PARTY,,REPUBLICAN,REP,154,20,69,0,243,174,69
El Paso,051-EL PASO KOREAN U M C,STRAIGHT PARTY,,DEMOCRAT,DEM,222,15,122,1,360,237,123
El Paso,051-EL PASO KOREAN U M C,STRAIGHT PARTY,,LIBERTARIAN,LIB,4,1,1,0,6,5,1
El Paso,051-EL PASO KOREAN U M C,STRAIGHT PARTY,,GREEN,GRN,5,0,3,0,8,5,3
El Paso,051-EL PASO KOREAN U M C,US PRESIDENT,,MITT ROMNEY,REP,320,36,156,0,512,356,156
El Paso,051-EL PASO KOREAN U M C,US PRESIDENT,,BARACK OBAMA,DEM,353,29,209,1,592,382,210
El Paso,051-EL PASO KOREAN U M C,US PRESIDENT,,GARY JOHNSON,LIB,10,0,7,0,17,10,7
El Paso,051-EL PASO KOREAN U M C,US PRESIDENT,,JILL STEIN,GRN,7,0,3,0,10,7,3
El Paso,051-EL PASO KOREAN U M C,US PRESIDENT,,WRITE-IN,NP,0,0,0,0,0,0,0
El Paso,051-EL PASO KOREAN U M C,US SENATOR,,TED CRUZ,REP,321,36,160,0,517,357,160
El Paso,051-EL PASO KOREAN U M C,US SENATOR,,PAUL SADLER,DEM,331,24,175,1,531,355,176
El Paso,051-EL PASO KOREAN U M C,US SENATOR,,JOHN JAY MYERS,LIB,10,4,6,0,20,14,6
El Paso,051-EL PASO KOREAN U M C,US SENATOR,,DAVID B. COLLINS,GRN,8,0,10,0,18,8,10
El Paso,051-EL PASO KOREAN U M C,US REP DISTRICT 16,,BARBARA CARRASCO,REP,301,38,146,1,486,339,147
El Paso,051-EL PASO KOREAN U M C,US REP DISTRICT 16,,BETO OROURKE,DEM,359,24,197,0,580,383,197
El Paso,051-EL PASO KOREAN U M C,US REP DISTRICT 16,,JUNART SODOY,LIB,14,1,14,0,29,15,14
El Paso,051-EL PASO KOREAN U M C,RAILROAD COMMISSIONER,,CHRISTI CRADDICK,REP,293,36,138,0,467,329,138
El Paso,051-EL PASO KOREAN U M C,RAILROAD COMMISSIONER,,DALE HENRY,DEM,311,23,170,0,504,334,170
El Paso,051-EL PASO KOREAN U M C,RAILROAD COMMISSIONER,,VIVEKANANDA (VIK) WA,LIB,19,0,13,0,32,19,13
El Paso,051-EL PASO KOREAN U M C,RAILROAD COMMISSIONER,,CHRIS KENNEDY,GRN,25,2,18,1,46,27,19
El Paso,051-EL PASO KOREAN U M C,RAILROAD COMMISSIONER,,BARRY SMITHERMAN,REP,345,40,153,0,538,385,153
El Paso,051-EL PASO KOREAN U M C,RAILROAD COMMISSIONER,,JAIME O. PEREZ,LIB,149,11,108,0,268,160,108
El Paso,051-EL PASO KOREAN U M C,RAILROAD COMMISSIONER,,JOSH WENDEL,GRN,57,4,34,0,95,61,34
El Paso,051-EL PASO KOREAN U M C,"JUSTICE, SUPREME COURT, PLACE 2",,DON WILLETT,REP,380,45,199,0,624,425,199
El Paso,051-EL PASO KOREAN U M C,"JUSTICE, SUPREME COURT, PLACE 2",,RS ROBERT KOELSCH,LIB,156,11,91,0,258,167,91
El Paso,051-EL PASO KOREAN U M C,"JUSTICE, SUPREME COURT, PLACE 4",,JOHN DEVINE,REP,357,42,179,0,578,399,179
El Paso,051-EL PASO KOREAN U M C,"JUSTICE, SUPREME COURT, PLACE 4",,TOM OXFORD,LIB,138,12,83,0,233,150,83
El Paso,051-EL PASO KOREAN U M C,"JUSTICE, SUPREME COURT, PLACE 4",,CHARLES E. WATERBURY,GRN,50,2,29,0,81,52,29
El Paso,051-EL PASO KOREAN U M C,"JUSTICE, SUPREME COURT, PLACE 6",,NATHAN HECHT,REP,274,35,129,0,438,309,129
El Paso,051-EL PASO KOREAN U M C,"JUSTICE, SUPREME COURT, PLACE 6",,MICHELE PETTY,DEM,330,24,178,1,533,354,179
El Paso,051-EL PASO KOREAN U M C,"JUSTICE, SUPREME COURT, PLACE 6",,MARK ASH,LIB,22,2,16,0,40,24,16
El Paso,051-EL PASO KOREAN U M C,"JUSTICE, SUPREME COURT, PLACE 6",,JIM CHISHOLM,GRN,19,1,17,0,37,20,17
El Paso,051-EL PASO KOREAN U M C,"PRESIDING JUDGE, COURT OF CRIMINAL APPEALS",,SHARON KELLER,REP,294,36,143,0,473,330,143
El Paso,051-EL PASO KOREAN U M C,"PRESIDING JUDGE, COURT OF CRIMINAL APPEALS",,KEITH HAMPTON,DEM,322,21,173,1,517,343,174
El Paso,051-EL PASO KOREAN U M C,"PRESIDING JUDGE, COURT OF CRIMINAL APPEALS",,LANCE STOTT,LIB,30,5,22,0,57,35,22
El Paso,051-EL PASO KOREAN U M C,"JUDGE, COURT OF CRIMINAL APPEALS, PLACE 7",,BARBARA PARKER HERVE,REP,375,44,188,0,607,419,188
El Paso,051-EL PASO KOREAN U M C,"JUDGE, COURT OF CRIMINAL APPEALS, PLACE 7",,MARK W. BENNETT,LIB,161,11,103,0,275,172,103
El Paso,051-EL PASO KOREAN U M C,"JUDGE, COURT OF CRIMINAL APPEALS, PLACE 8",,ELSA ALCALA,REP,357,44,184,0,585,401,184
El Paso,051-EL PASO KOREAN U M C,"JUDGE, COURT OF CRIMINAL APPEALS, PLACE 8",,WILLIAM BRYAN STRANG,LIB,173,11,106,0,290,184,106
El Paso,051-EL PASO KOREAN U M C,MEMBER STATE BOARD OF EDUCATION DISTRICT 1,,CARLOS CHARLIE GARZA,REP,288,33,141,0,462,321,141
El Paso,051-EL PASO KOREAN U M C,MEMBER STATE BOARD OF EDUCATION DISTRICT 1,,MARTHA M. DOMINGUEZ,DEM,351,27,194,1,573,378,195
El Paso,051-EL PASO KOREAN U M C,STATE SENATOR DISTRICT 29,,DAN CHAVEZ,REP,295,41,141,0,477,336,141
El Paso,051-EL PASO KOREAN U M C,STATE SENATOR DISTRICT 29,,JOSE R. RODRIGUEZ,DEM,368,21,204,1,594,389,205
El Paso,051-EL PASO KOREAN U M C,STATE REPRESENTATIVE DISTRICT 78,,DONALD R. DEE MARGO,REP,324,39,168,0,531,363,168
El Paso,051-EL PASO KOREAN U M C,STATE REPRESENTATIVE DISTRICT 78,,JOE MOODY,DEM,356,23,193,1,573,379,194
El Paso,051-EL PASO KOREAN U M C,"CHIEF JUSTICE, COURT OF APPEALS 8TH DISTRICT",,ANN CRAWFORD MCCLURE,DEM,412,36,236,1,685,448,237
El Paso,051-EL PASO KOREAN U M C,"JUSTICE, 8TH COURT OF APPEALS DISTRICT, PLACE 2",,CHRIS ANTCLIFF,REP,307,34,141,0,482,341,141
El Paso,051-EL PASO KOREAN U M C,"JUSTICE, 8TH COURT OF APPEALS DISTRICT, PLACE 2",,YVONNE RODRIGUEZ,DEM,335,27,198,1,561,362,199
El Paso,051-EL PASO KOREAN U M C,"JUSTICE, 8TH COURT OF APPEALS DISTRICT, PLACE 3",,GUADALUPE LUPE RIVER,DEM,404,36,241,1,682,440,242
El Paso,051-EL PASO KOREAN U M C,"DISTRICT JUDGE, 34TH JUDICIAL DISTRICT",,BILL MOODY,DEM,406,36,246,1,689,442,247
El Paso,051-EL PASO KOREAN U M C,"DISTRICT JUDGE, 41ST JUDICIAL DISTRICT",,ANNA PEREZ,DEM,400,35,239,1,675,435,240
El Paso,051-EL PASO KOREAN U M C,"DISTRICT JUDGE, 243RD JUDICIAL DISTRICT",,BILLY DON HICKS,REP,315,40,144,0,499,355,144
El Paso,051-EL PASO KOREAN U M C,"DISTRICT JUDGE, 243RD JUDICIAL DISTRICT",,LUIS AGUILAR,DEM,330,21,195,1,547,351,196
El Paso,051-EL PASO KOREAN U M C,"DISTRICT JUDGE, 346TH JUDICIAL DISTRICT",,ANGIE J. BARILL,DEM,402,36,239,1,678,438,240
El Paso,051-EL PASO KOREAN U M C,"DISTRICT JUDGE, 383RD JUDICIAL DISTRICT",,MIKE HERRERA,DEM,405,35,240,1,681,440,241
El Paso,051-EL PASO KOREAN U M C,"DISTRICT JUDGE, 384TH JUDICIAL DISTRICT",,PATRICK M. GARCIA,DEM,403,36,241,1,681,439,242
El Paso,051-EL PASO KOREAN U M C,"DISTRICT JUDGE, 388TH JUDICIAL DISTRICT",,LAURA STRATHMANN,DEM,405,37,235,1,678,442,236
El Paso,051-EL PASO KOREAN U M C,"DISTRICT JUDGE, 409TH JUDICIAL DISTRICT",,SAM MEDRANO JR,DEM,398,35,238,1,672,433,239
El Paso,051-EL PASO KOREAN U M C,"DISTRICT JUDGE, 448TH JUDICIAL DISTRICT",,SERGIO H. ENRIQUEZ,DEM,396,34,238,1,669,430,239
El Paso,051-EL PASO KOREAN U M C,"CRIMINAL DISTRICT JUDGE, COURT NO. 1",,DIANE NAVARRETE,DEM,401,36,238,1,676,437,239
El Paso,051-EL PASO KOREAN U M C,"FAMILY DISTRICT JUDGE, 65TH JUDICIAL DISTRICT",,YAHARA L. GUTIERREZ,DEM,398,37,235,1,671,435,236
El Paso,051-EL PASO KOREAN U M C,"DISTRICT ATTORNEY, 34TH JUDICIAL DISTRICT",,JAIME ESPARZA,DEM,417,35,236,1,689,452,237
El Paso,051-EL PASO KOREAN U M C,"JUDGE, COUNTY CRIMINAL COURT NO. 3",,CARLOS CARRASCO,DEM,399,34,235,1,669,433,236
El Paso,051-EL PASO KOREAN U M C,"JUDGE, COUNTY CRIMINAL COURT NO. 4",,JESUS HERRERA,DEM,398,36,232,1,667,434,233
El Paso,051-EL PASO KOREAN U M C,COUNTY ATTORNEY,,JO ANNE BERNAL,DEM,407,37,241,1,686,444,242
El Paso,051-EL PASO KOREAN U M C,SHERIFF,,RICHARD D. WILES,DEM,446,38,254,1,739,484,255
El Paso,051-EL PASO KOREAN U M C,COUNTY TAX ASSESSOR COLLECTOR,,VICTOR A. FLORES,DEM,426,42,247,1,716,468,248
El Paso,051-EL PASO KOREAN U M C,"CONSTABLE, PRECINCT NO. 2",,JEREMIAH HAGGERTY,DEM,436,38,252,1,727,474,253
El Paso,052-COLLINS ELEMENTARY,"CITY OF EL PASO, PROPOSITION",,FOR (A FAVOR),NP,348,16,307,0,671,364,307
El Paso,052-COLLINS ELEMENTARY,"CITY OF EL PASO, PROPOSITION",,AGAINST (EN CONTRA),NP,160,8,90,0,258,168,90
El Paso,052-COLLINS ELEMENTARY,"CITY OF EL PASO, PROPOSITION",,FOR (A FAVOR),NP,317,13,282,0,612,330,282
El Paso,052-COLLINS ELEMENTARY,"CITY OF EL PASO, PROPOSITION",,AGAINST (EN CONTRA),NP,171,11,107,0,289,182,107
El Paso,052-COLLINS ELEMENTARY,"CITY OF EL PASO, PROPOSITION",,FOR (A FAVOR),NP,245,11,215,0,471,256,215
El Paso,052-COLLINS ELEMENTARY,"CITY OF EL PASO, PROPOSITION",,AGAINST (EN CONTRA),NP,250,12,176,0,438,262,176
El Paso,052-COLLINS ELEMENTARY,STRAIGHT PARTY,,REPUBLICAN,REP,87,9,48,0,144,96,48
El Paso,052-COLLINS ELEMENTARY,STRAIGHT PARTY,,DEMOCRAT,DEM,240,5,212,0,457,245,212
El Paso,052-COLLINS ELEMENTARY,STRAIGHT PARTY,,LIBERTARIAN,LIB,2,0,5,0,7,2,5
El Paso,052-COLLINS ELEMENTARY,STRAIGHT PARTY,,GREEN,GRN,3,0,5,0,8,3,5
El Paso,052-COLLINS ELEMENTARY,US PRESIDENT,,MITT ROMNEY,REP,168,15,97,0,280,183,97
El Paso,052-COLLINS ELEMENTARY,US PRESIDENT,,BARACK OBAMA,DEM,347,11,303,0,661,358,303
El Paso,052-COLLINS ELEMENTARY,US PRESIDENT,,GARY JOHNSON,LIB,1,0,6,0,7,1,6
El Paso,052-COLLINS ELEMENTARY,US PRESIDENT,,JILL STEIN,GRN,3,0,3,0,6,3,3
El Paso,052-COLLINS ELEMENTARY,US PRESIDENT,,WRITE-IN,NP,1,0,1,0,2,1,1
El Paso,052-COLLINS ELEMENTARY,US SENATOR,,TED CRUZ,REP,177,14,116,0,307,191,116
El Paso,052-COLLINS ELEMENTARY,US SENATOR,,PAUL SADLER,DEM,309,9,249,0,567,318,249
El Paso,052-COLLINS ELEMENTARY,US SENATOR,,JOHN JAY MYERS,LIB,10,1,14,0,25,11,14
El Paso,052-COLLINS ELEMENTARY,US SENATOR,,DAVID B. COLLINS,GRN,8,1,11,0,20,9,11
El Paso,052-COLLINS ELEMENTARY,US REP DISTRICT 16,,BARBARA CARRASCO,REP,155,15,104,0,274,170,104
El Paso,052-COLLINS ELEMENTARY,US REP DISTRICT 16,,BETO OROURKE,DEM,347,9,279,0,635,356,279
El Paso,052-COLLINS ELEMENTARY,US REP DISTRICT 16,,JUNART SODOY,LIB,7,1,12,0,20,8,12
El Paso,052-COLLINS ELEMENTARY,RAILROAD COMMISSIONER,,CHRISTI CRADDICK,REP,153,12,93,0,258,165,93
El Paso,052-COLLINS ELEMENTARY,RAILROAD COMMISSIONER,,DALE HENRY,DEM,308,9,254,0,571,317,254
El Paso,052-COLLINS ELEMENTARY,RAILROAD COMMISSIONER,,VIVEKANANDA (VIK) WA,LIB,15,1,14,0,30,16,14
El Paso,052-COLLINS ELEMENTARY,RAILROAD COMMISSIONER,,CHRIS KENNEDY,GRN,15,2,24,0,41,17,24
El Paso,052-COLLINS ELEMENTARY,RAILROAD COMMISSIONER,,BARRY SMITHERMAN,REP,183,12,127,0,322,195,127
El Paso,052-COLLINS ELEMENTARY,RAILROAD COMMISSIONER,,JAIME O. PEREZ,LIB,148,6,135,0,289,154,135
El Paso,052-COLLINS ELEMENTARY,RAILROAD COMMISSIONER,,JOSH WENDEL,GRN,51,2,38,0,91,53,38
El Paso,052-COLLINS ELEMENTARY,"JUSTICE, SUPREME COURT, PLACE 2",,DON WILLETT,REP,229,16,162,0,407,245,162
El Paso,052-COLLINS ELEMENTARY,"JUSTICE, SUPREME COURT, PLACE 2",,RS ROBERT KOELSCH,LIB,143,3,128,0,274,146,128
El Paso,052-COLLINS ELEMENTARY,"JUSTICE, SUPREME COURT, PLACE 4",,JOHN DEVINE,REP,198,16,146,0,360,214,146
El Paso,052-COLLINS ELEMENTARY,"JUSTICE, SUPREME COURT, PLACE 4",,TOM OXFORD,LIB,124,3,92,0,219,127,92
El Paso,052-COLLINS ELEMENTARY,"JUSTICE, SUPREME COURT, PLACE 4",,CHARLES E. WATERBURY,GRN,60,1,53,0,114,61,53
El Paso,052-COLLINS ELEMENTARY,"JUSTICE, SUPREME COURT, PLACE 6",,NATHAN HECHT,REP,144,13,81,0,238,157,81
El Paso,052-COLLINS ELEMENTARY,"JUSTICE, SUPREME COURT, PLACE 6",,MICHELE PETTY,DEM,325,9,279,0,613,334,279
El Paso,052-COLLINS ELEMENTARY,"JUSTICE, SUPREME COURT, PLACE 6",,MARK ASH,LIB,10,1,14,0,25,11,14
El Paso,052-COLLINS ELEMENTARY,"JUSTICE, SUPREME COURT, PLACE 6",,JIM CHISHOLM,GRN,14,1,14,0,29,15,14
El Paso,052-COLLINS ELEMENTARY,"PRESIDING JUDGE, COURT OF CRIMINAL APPEALS",,SHARON KELLER,REP,163,13,97,0,273,176,97
El Paso,052-COLLINS ELEMENTARY,"PRESIDING JUDGE, COURT OF CRIMINAL APPEALS",,KEITH HAMPTON,DEM,311,9,270,0,590,320,270
El Paso,052-COLLINS ELEMENTARY,"PRESIDING JUDGE, COURT OF CRIMINAL APPEALS",,LANCE STOTT,LIB,15,2,17,0,34,17,17
El Paso,052-COLLINS ELEMENTARY,"JUDGE, COURT OF CRIMINAL APPEALS, PLACE 7",,BARBARA PARKER HERVE,REP,224,15,146,0,385,239,146
El Paso,052-COLLINS ELEMENTARY,"JUDGE, COURT OF CRIMINAL APPEALS, PLACE 7",,MARK W. BENNETT,LIB,152,5,145,0,302,157,145
El Paso,052-COLLINS ELEMENTARY,"JUDGE, COURT OF CRIMINAL APPEALS, PLACE 8",,ELSA ALCALA,REP,236,18,162,0,416,254,162
El Paso,052-COLLINS ELEMENTARY,"JUDGE, COURT OF CRIMINAL APPEALS, PLACE 8",,WILLIAM BRYAN STRANG,LIB,143,2,124,0,269,145,124
El Paso,052-COLLINS ELEMENTARY,MEMBER STATE BOARD OF EDUCATION DISTRICT 1,,CARLOS CHARLIE GARZA,REP,163,14,96,0,273,177,96
El Paso,052-COLLINS ELEMENTARY,MEMBER STATE BOARD OF EDUCATION DISTRICT 1,,MARTHA M. DOMINGUEZ,DEM,332,10,284,0,626,342,284
El Paso,052-COLLINS ELEMENTARY,STATE SENATOR DISTRICT 29,,DAN CHAVEZ,REP,149,15,93,0,257,164,93
El Paso,052-COLLINS ELEMENTARY,STATE SENATOR DISTRICT 29,,JOSE R. RODRIGUEZ,DEM,348,9,294,0,651,357,294
El Paso,052-COLLINS ELEMENTARY,STATE REPRESENTATIVE DISTRICT 78,,DONALD R. DEE MARGO,REP,180,15,110,0,305,195,110
El Paso,052-COLLINS ELEMENTARY,STATE REPRESENTATIVE DISTRICT 78,,JOE MOODY,DEM,327,9,282,0,618,336,282
El Paso,052-COLLINS ELEMENTARY,"CHIEF JUSTICE, COURT OF APPEALS 8TH DISTRICT",,ANN CRAWFORD MCCLURE,DEM,374,11,317,0,702,385,317
El Paso,052-COLLINS ELEMENTARY,"JUSTICE, 8TH COURT OF APPEALS DISTRICT, PLACE 2",,CHRIS ANTCLIFF,REP,157,14,99,0,270,171,99
El Paso,052-COLLINS ELEMENTARY,"JUSTICE, 8TH COURT OF APPEALS DISTRICT, PLACE 2",,YVONNE RODRIGUEZ,DEM,336,10,282,0,628,346,282
El Paso,052-COLLINS ELEMENTARY,"JUSTICE, 8TH COURT OF APPEALS DISTRICT, PLACE 3",,GUADALUPE LUPE RIVER,DEM,381,12,319,0,712,393,319
El Paso,052-COLLINS ELEMENTARY,"DISTRICT JUDGE, 34TH JUDICIAL DISTRICT",,BILL MOODY,DEM,379,11,317,0,707,390,317
El Paso,052-COLLINS ELEMENTARY,"DISTRICT JUDGE, 41ST JUDICIAL DISTRICT",,ANNA PEREZ,DEM,371,12,314,0,697,383,314
El Paso,052-COLLINS ELEMENTARY,"DISTRICT JUDGE, 243RD JUDICIAL DISTRICT",,BILLY DON HICKS,REP,160,16,106,0,282,176,106
El Paso,052-COLLINS ELEMENTARY,"DISTRICT JUDGE, 243RD JUDICIAL DISTRICT",,LUIS AGUILAR,DEM,331,8,272,0,611,339,272
El Paso,052-COLLINS ELEMENTARY,"DISTRICT JUDGE, 346TH JUDICIAL DISTRICT",,ANGIE J. BARILL,DEM,374,11,311,0,696,385,311
El Paso,052-COLLINS ELEMENTARY,"DISTRICT JUDGE, 383RD JUDICIAL DISTRICT",,MIKE HERRERA,DEM,367,11,311,0,689,378,311
El Paso,052-COLLINS ELEMENTARY,"DISTRICT JUDGE, 384TH JUDICIAL DISTRICT",,PATRICK M. GARCIA,DEM,368,11,311,0,690,379,311
El Paso,052-COLLINS ELEMENTARY,"DISTRICT JUDGE, 388TH JUDICIAL DISTRICT",,LAURA STRATHMANN,DEM,370,11,305,0,686,381,305
El Paso,052-COLLINS ELEMENTARY,"DISTRICT JUDGE, 409TH JUDICIAL DISTRICT",,SAM MEDRANO JR,DEM,373,11,310,0,694,384,310
El Paso,052-COLLINS ELEMENTARY,"DISTRICT JUDGE, 448TH JUDICIAL DISTRICT",,SERGIO H. ENRIQUEZ,DEM,369,11,306,0,686,380,306
El Paso,052-COLLINS ELEMENTARY,"CRIMINAL DISTRICT JUDGE, COURT NO. 1",,DIANE NAVARRETE,DEM,371,11,310,0,692,382,310
El Paso,052-COLLINS ELEMENTARY,"FAMILY DISTRICT JUDGE, 65TH JUDICIAL DISTRICT",,YAHARA L. GUTIERREZ,DEM,364,11,310,0,685,375,310
El Paso,052-COLLINS ELEMENTARY,"DISTRICT ATTORNEY, 34TH JUDICIAL DISTRICT",,JAIME ESPARZA,DEM,370,11,309,0,690,381,309
El Paso,052-COLLINS ELEMENTARY,"JUDGE, COUNTY CRIMINAL COURT NO. 3",,CARLOS CARRASCO,DEM,368,11,308,0,687,379,308
El Paso,052-COLLINS ELEMENTARY,"JUDGE, COUNTY CRIMINAL COURT NO. 4",,JESUS HERRERA,DEM,367,11,310,0,688,378,310
El Paso,052-COLLINS ELEMENTARY,COUNTY ATTORNEY,,JO ANNE BERNAL,DEM,379,11,310,0,700,390,310
El Paso,052-COLLINS ELEMENTARY,SHERIFF,,RICHARD D. WILES,DEM,387,10,322,0,719,397,322
El Paso,052-COLLINS ELEMENTARY,COUNTY TAX ASSESSOR COLLECTOR,,VICTOR A. FLORES,DEM,383,13,322,0,718,396,322
El Paso,052-COLLINS ELEMENTARY,"CONSTABLE, PRECINCT NO. 2",,JEREMIAH HAGGERTY,DEM,377,11,317,0,705,388,317
El Paso,053-NEWMAN ELEMENTARY,"CITY OF EL PASO, PROPOSITION",,FOR (A FAVOR),NP,418,15,393,0,826,433,393
El Paso,053-NEWMAN ELEMENTARY,"CITY OF EL PASO, PROPOSITION",,AGAINST (EN CONTRA),NP,227,4,111,0,342,231,111
El Paso,053-NEWMAN ELEMENTARY,"CITY OF EL PASO, PROPOSITION",,FOR (A FAVOR),NP,392,14,360,0,766,406,360
El Paso,053-NEWMAN ELEMENTARY,"CITY OF EL PASO, PROPOSITION",,AGAINST (EN CONTRA),NP,235,4,127,0,366,239,127
El Paso,053-NEWMAN ELEMENTARY,"CITY OF EL PASO, PROPOSITION",,FOR (A FAVOR),NP,295,12,271,0,578,307,271
El Paso,053-NEWMAN ELEMENTARY,"CITY OF EL PASO, PROPOSITION",,AGAINST (EN CONTRA),NP,334,9,219,0,562,343,219
El Paso,053-NEWMAN ELEMENTARY,STRAIGHT PARTY,,REPUBLICAN,REP,136,14,83,0,233,150,83
El Paso,053-NEWMAN ELEMENTARY,STRAIGHT PARTY,,DEMOCRAT,DEM,273,3,253,0,529,276,253
El Paso,053-NEWMAN ELEMENTARY,STRAIGHT PARTY,,LIBERTARIAN,LIB,9,0,2,0,11,9,2
El Paso,053-NEWMAN ELEMENTARY,STRAIGHT PARTY,,GREEN,GRN,1,0,3,0,4,1,3
El Paso,053-NEWMAN ELEMENTARY,US PRESIDENT,,MITT ROMNEY,REP,255,17,145,0,417,272,145
El Paso,053-NEWMAN ELEMENTARY,US PRESIDENT,,BARACK OBAMA,DEM,403,9,359,0,771,412,359
El Paso,053-NEWMAN ELEMENTARY,US PRESIDENT,,GARY JOHNSON,LIB,8,0,8,0,16,8,8
El Paso,053-NEWMAN ELEMENTARY,US PRESIDENT,,JILL STEIN,GRN,3,0,2,0,5,3,2
El Paso,053-NEWMAN ELEMENTARY,US PRESIDENT,,WRITE-IN,NP,3,0,1,0,4,3,1
El Paso,053-NEWMAN ELEMENTARY,US SENATOR,,TED CRUZ,REP,263,17,154,0,434,280,154
El Paso,053-NEWMAN ELEMENTARY,US SENATOR,,PAUL SADLER,DEM,357,7,311,0,675,364,311
El Paso,053-NEWMAN ELEMENTARY,US SENATOR,,JOHN JAY MYERS,LIB,22,0,14,0,36,22,14
El Paso,053-NEWMAN ELEMENTARY,US SENATOR,,DAVID B. COLLINS,GRN,12,1,13,0,26,13,13
El Paso,053-NEWMAN ELEMENTARY,US REP DISTRICT 16,,BARBARA CARRASCO,REP,236,16,147,0,399,252,147
El Paso,053-NEWMAN ELEMENTARY,US REP DISTRICT 16,,BETO OROURKE,DEM,405,8,342,0,755,413,342
El Paso,053-NEWMAN ELEMENTARY,US REP DISTRICT 16,,JUNART SODOY,LIB,19,1,11,0,31,20,11
El Paso,053-NEWMAN ELEMENTARY,RAILROAD COMMISSIONER,,CHRISTI CRADDICK,REP,252,17,144,0,413,269,144
El Paso,053-NEWMAN ELEMENTARY,RAILROAD COMMISSIONER,,DALE HENRY,DEM,358,8,316,0,682,366,316
El Paso,053-NEWMAN ELEMENTARY,RAILROAD COMMISSIONER,,VIVEKANANDA (VIK) WA,LIB,17,0,9,0,26,17,9
El Paso,053-NEWMAN ELEMENTARY,RAILROAD COMMISSIONER,,CHRIS KENNEDY,GRN,21,0,17,0,38,21,17
El Paso,053-NEWMAN ELEMENTARY,RAILROAD COMMISSIONER,,BARRY SMITHERMAN,REP,283,17,164,0,464,300,164
El Paso,053-NEWMAN ELEMENTARY,RAILROAD COMMISSIONER,,JAIME O. PEREZ,LIB,181,4,158,0,343,185,158
El Paso,053-NEWMAN ELEMENTARY,RAILROAD COMMISSIONER,,JOSH WENDEL,GRN,52,2,57,0,111,54,57
El Paso,053-NEWMAN ELEMENTARY,"JUSTICE, SUPREME COURT, PLACE 2",,DON WILLETT,REP,326,18,202,0,546,344,202
El Paso,053-NEWMAN ELEMENTARY,"JUSTICE, SUPREME COURT, PLACE 2",,RS ROBERT KOELSCH,LIB,175,4,173,0,352,179,173
El Paso,053-NEWMAN ELEMENTARY,"JUSTICE, SUPREME COURT, PLACE 4",,JOHN DEVINE,REP,288,17,187,0,492,305,187
El Paso,053-NEWMAN ELEMENTARY,"JUSTICE, SUPREME COURT, PLACE 4",,TOM OXFORD,LIB,138,3,123,0,264,141,123
El Paso,053-NEWMAN ELEMENTARY,"JUSTICE, SUPREME COURT, PLACE 4",,CHARLES E. WATERBURY,GRN,71,2,58,0,131,73,58
El Paso,053-NEWMAN ELEMENTARY,"JUSTICE, SUPREME COURT, PLACE 6",,NATHAN HECHT,REP,226,15,128,0,369,241,128
El Paso,053-NEWMAN ELEMENTARY,"JUSTICE, SUPREME COURT, PLACE 6",,MICHELE PETTY,DEM,371,9,326,0,706,380,326
El Paso,053-NEWMAN ELEMENTARY,"JUSTICE, SUPREME COURT, PLACE 6",,MARK ASH,LIB,21,1,20,0,42,22,20
El Paso,053-NEWMAN ELEMENTARY,"JUSTICE, SUPREME COURT, PLACE 6",,JIM CHISHOLM,GRN,26,0,9,0,35,26,9
El Paso,053-NEWMAN ELEMENTARY,"PRESIDING JUDGE, COURT OF CRIMINAL APPEALS",,SHARON KELLER,REP,245,17,139,0,401,262,139
El Paso,053-NEWMAN ELEMENTARY,"PRESIDING JUDGE, COURT OF CRIMINAL APPEALS",,KEITH HAMPTON,DEM,367,6,324,0,697,373,324
El Paso,053-NEWMAN ELEMENTARY,"PRESIDING JUDGE, COURT OF CRIMINAL APPEALS",,LANCE STOTT,LIB,34,1,20,0,55,35,20
El Paso,053-NEWMAN ELEMENTARY,"JUDGE, COURT OF CRIMINAL APPEALS, PLACE 7",,BARBARA PARKER HERVE,REP,313,18,195,0,526,331,195
El Paso,053-NEWMAN ELEMENTARY,"JUDGE, COURT OF CRIMINAL APPEALS, PLACE 7",,MARK W. BENNETT,LIB,186,4,178,0,368,190,178
El Paso,053-NEWMAN ELEMENTARY,"JUDGE, COURT OF CRIMINAL APPEALS, PLACE 8",,ELSA ALCALA,REP,314,17,215,0,546,331,215
El Paso,053-NEWMAN ELEMENTARY,"JUDGE, COURT OF CRIMINAL APPEALS, PLACE 8",,WILLIAM BRYAN STRANG,LIB,185,5,154,0,344,190,154
El Paso,053-NEWMAN ELEMENTARY,MEMBER STATE BOARD OF EDUCATION DISTRICT 1,,CARLOS CHARLIE GARZA,REP,249,16,141,0,406,265,141
El Paso,053-NEWMAN ELEMENTARY,MEMBER STATE BOARD OF EDUCATION DISTRICT 1,,MARTHA M. DOMINGUEZ,DEM,395,9,344,0,748,404,344
El Paso,053-NEWMAN ELEMENTARY,STATE SENATOR DISTRICT 29,,DAN CHAVEZ,REP,242,18,130,0,390,260,130
El Paso,053-NEWMAN ELEMENTARY,STATE SENATOR DISTRICT 29,,JOSE R. RODRIGUEZ,DEM,410,7,352,0,769,417,352
El Paso,053-NEWMAN ELEMENTARY,STATE REPRESENTATIVE DISTRICT 78,,DONALD R. DEE MARGO,REP,262,18,148,0,428,280,148
El Paso,053-NEWMAN ELEMENTARY,STATE REPRESENTATIVE DISTRICT 78,,JOE MOODY,DEM,403,7,353,0,763,410,353
El Paso,053-NEWMAN ELEMENTARY,"CHIEF JUSTICE, COURT OF APPEALS 8TH DISTRICT",,ANN CRAWFORD MCCLURE,DEM,452,9,372,0,833,461,372
El Paso,053-NEWMAN ELEMENTARY,"JUSTICE, 8TH COURT OF APPEALS DISTRICT, PLACE 2",,CHRIS ANTCLIFF,REP,252,17,140,0,409,269,140
El Paso,053-NEWMAN ELEMENTARY,"JUSTICE, 8TH COURT OF APPEALS DISTRICT, PLACE 2",,YVONNE RODRIGUEZ,DEM,394,7,345,0,746,401,345
El Paso,053-NEWMAN ELEMENTARY,"JUSTICE, 8TH COURT OF APPEALS DISTRICT, PLACE 3",,GUADALUPE LUPE RIVER,DEM,455,9,382,0,846,464,382
El Paso,053-NEWMAN ELEMENTARY,"DISTRICT JUDGE, 34TH JUDICIAL DISTRICT",,BILL MOODY,DEM,453,9,381,0,843,462,381
El Paso,053-NEWMAN ELEMENTARY,"DISTRICT JUDGE, 41ST JUDICIAL DISTRICT",,ANNA PEREZ,DEM,458,9,371,0,838,467,371
El Paso,053-NEWMAN ELEMENTARY,"DISTRICT JUDGE, 243RD JUDICIAL DISTRICT",,BILLY DON HICKS,REP,258,18,154,0,430,276,154
El Paso,053-NEWMAN ELEMENTARY,"DISTRICT JUDGE, 243RD JUDICIAL DISTRICT",,LUIS AGUILAR,DEM,385,6,333,0,724,391,333
El Paso,053-NEWMAN ELEMENTARY,"DISTRICT JUDGE, 346TH JUDICIAL DISTRICT",,ANGIE J. BARILL,DEM,444,9,370,0,823,453,370
El Paso,053-NEWMAN ELEMENTARY,"DISTRICT JUDGE, 383RD JUDICIAL DISTRICT",,MIKE HERRERA,DEM,443,9,367,0,819,452,367
El Paso,053-NEWMAN ELEMENTARY,"DISTRICT JUDGE, 384TH JUDICIAL DISTRICT",,PATRICK M. GARCIA,DEM,445,8,369,0,822,453,369
El Paso,053-NEWMAN ELEMENTARY,"DISTRICT JUDGE, 388TH JUDICIAL DISTRICT",,LAURA STRATHMANN,DEM,448,8,372,0,828,456,372
El Paso,053-NEWMAN ELEMENTARY,"DISTRICT JUDGE, 409TH JUDICIAL DISTRICT",,SAM MEDRANO JR,DEM,446,8,362,0,816,454,362
El Paso,053-NEWMAN ELEMENTARY,"DISTRICT JUDGE, 448TH JUDICIAL DISTRICT",,SERGIO H. ENRIQUEZ,DEM,440,7,366,0,813,447,366
El Paso,053-NEWMAN ELEMENTARY,"CRIMINAL DISTRICT JUDGE, COURT NO. 1",,DIANE NAVARRETE,DEM,447,9,369,0,825,456,369
El Paso,053-NEWMAN ELEMENTARY,"FAMILY DISTRICT JUDGE, 65TH JUDICIAL DISTRICT",,YAHARA L. GUTIERREZ,DEM,443,8,365,0,816,451,365
El Paso,053-NEWMAN ELEMENTARY,"DISTRICT ATTORNEY, 34TH JUDICIAL DISTRICT",,JAIME ESPARZA,DEM,450,8,374,0,832,458,374
El Paso,053-NEWMAN ELEMENTARY,"JUDGE, COUNTY CRIMINAL COURT NO. 3",,CARLOS CARRASCO,DEM,440,8,372,0,820,448,372
El Paso,053-NEWMAN ELEMENTARY,"JUDGE, COUNTY CRIMINAL COURT NO. 4",,JESUS HERRERA,DEM,440,8,366,0,814,448,366
El Paso,053-NEWMAN ELEMENTARY,COUNTY ATTORNEY,,JO ANNE BERNAL,DEM,448,8,374,0,830,456,374
El Paso,053-NEWMAN ELEMENTARY,SHERIFF,,RICHARD D. WILES,DEM,473,10,383,0,866,483,383
El Paso,053-NEWMAN ELEMENTARY,COUNTY TAX ASSESSOR COLLECTOR,,VICTOR A. FLORES,DEM,463,8,377,0,848,471,377
El Paso,053-NEWMAN ELEMENTARY,"CONSTABLE, PRECINCT NO. 2",,JEREMIAH HAGGERTY,DEM,476,8,378,0,862,484,378
El Paso,054-PARKLAND HIGH,"CITY OF EL PASO, PROPOSITION",,FOR (A FAVOR),NP,298,9,303,2,612,307,305
El Paso,054-PARKLAND HIGH,"CITY OF EL PASO, PROPOSITION",,AGAINST (EN CONTRA),NP,105,6,60,0,171,111,60
El Paso,054-PARKLAND HIGH,"CITY OF EL PASO, PROPOSITION",,FOR (A FAVOR),NP,284,8,286,2,580,292,288
El Paso,054-PARKLAND HIGH,"CITY OF EL PASO, PROPOSITION",,AGAINST (EN CONTRA),NP,108,7,73,0,188,115,73
El Paso,054-PARKLAND HIGH,"CITY OF EL PASO, PROPOSITION",,FOR (A FAVOR),NP,196,5,214,1,416,201,215
El Paso,054-PARKLAND HIGH,"CITY OF EL PASO, PROPOSITION",,AGAINST (EN CONTRA),NP,198,10,146,1,355,208,147
El Paso,054-PARKLAND HIGH,STRAIGHT PARTY,,REPUBLICAN,REP,82,4,48,0,134,86,48
El Paso,054-PARKLAND HIGH,STRAIGHT PARTY,,DEMOCRAT,DEM,176,2,214,2,394,178,216
El Paso,054-PARKLAND HIGH,STRAIGHT PARTY,,LIBERTARIAN,LIB,4,1,4,0,9,5,4
El Paso,054-PARKLAND HIGH,STRAIGHT PARTY,,GREEN,GRN,1,0,3,0,4,1,3
El Paso,054-PARKLAND HIGH,US PRESIDENT,,MITT ROMNEY,REP,143,11,87,0,241,154,87
El Paso,054-PARKLAND HIGH,US PRESIDENT,,BARACK OBAMA,DEM,266,5,285,2,558,271,287
El Paso,054-PARKLAND HIGH,US PRESIDENT,,GARY JOHNSON,LIB,3,0,2,0,5,3,2
El Paso,054-PARKLAND HIGH,US PRESIDENT,,JILL STEIN,GRN,0,0,6,0,6,0,6
El Paso,054-PARKLAND HIGH,US PRESIDENT,,WRITE-IN,NP,0,0,1,0,1,0,1
El Paso,054-PARKLAND HIGH,US SENATOR,,TED CRUZ,REP,147,10,93,0,250,157,93
El Paso,054-PARKLAND HIGH,US SENATOR,,PAUL SADLER,DEM,233,6,247,2,488,239,249
El Paso,054-PARKLAND HIGH,US SENATOR,,JOHN JAY MYERS,LIB,15,0,11,0,26,15,11
El Paso,054-PARKLAND HIGH,US SENATOR,,DAVID B. COLLINS,GRN,4,0,13,0,17,4,13
El Paso,054-PARKLAND HIGH,US REP DISTRICT 16,,BARBARA CARRASCO,REP,151,11,98,0,260,162,98
El Paso,054-PARKLAND HIGH,US REP DISTRICT 16,,BETO OROURKE,DEM,252,5,265,2,524,257,267
El Paso,054-PARKLAND HIGH,US REP DISTRICT 16,,JUNART SODOY,LIB,3,0,7,0,10,3,7
El Paso,054-PARKLAND HIGH,RAILROAD COMMISSIONER,,CHRISTI CRADDICK,REP,143,9,83,0,235,152,83
El Paso,054-PARKLAND HIGH,RAILROAD COMMISSIONER,,DALE HENRY,DEM,224,6,250,2,482,230,252
El Paso,054-PARKLAND HIGH,RAILROAD COMMISSIONER,,VIVEKANANDA (VIK) WA,LIB,11,0,12,0,23,11,12
El Paso,054-PARKLAND HIGH,RAILROAD COMMISSIONER,,CHRIS KENNEDY,GRN,15,0,17,0,32,15,17
El Paso,054-PARKLAND HIGH,RAILROAD COMMISSIONER,,BARRY SMITHERMAN,REP,161,11,111,0,283,172,111
El Paso,054-PARKLAND HIGH,RAILROAD COMMISSIONER,,JAIME O. PEREZ,LIB,124,0,152,0,276,124,152
El Paso,054-PARKLAND HIGH,RAILROAD COMMISSIONER,,JOSH WENDEL,GRN,44,0,38,0,82,44,38
El Paso,054-PARKLAND HIGH,"JUSTICE, SUPREME COURT, PLACE 2",,DON WILLETT,REP,201,11,134,0,346,212,134
El Paso,054-PARKLAND HIGH,"JUSTICE, SUPREME COURT, PLACE 2",,RS ROBERT KOELSCH,LIB,119,1,159,0,279,120,159
El Paso,054-PARKLAND HIGH,"JUSTICE, SUPREME COURT, PLACE 4",,JOHN DEVINE,REP,181,11,118,0,310,192,118
El Paso,054-PARKLAND HIGH,"JUSTICE, SUPREME COURT, PLACE 4",,TOM OXFORD,LIB,95,0,122,0,217,95,122
El Paso,054-PARKLAND HIGH,"JUSTICE, SUPREME COURT, PLACE 4",,CHARLES E. WATERBURY,GRN,47,1,48,0,96,48,48
El Paso,054-PARKLAND HIGH,"JUSTICE, SUPREME COURT, PLACE 6",,NATHAN HECHT,REP,125,8,72,0,205,133,72
El Paso,054-PARKLAND HIGH,"JUSTICE, SUPREME COURT, PLACE 6",,MICHELE PETTY,DEM,246,7,260,2,515,253,262
El Paso,054-PARKLAND HIGH,"JUSTICE, SUPREME COURT, PLACE 6",,MARK ASH,LIB,13,0,8,0,21,13,8
El Paso,054-PARKLAND HIGH,"JUSTICE, SUPREME COURT, PLACE 6",,JIM CHISHOLM,GRN,8,0,16,0,24,8,16
El Paso,054-PARKLAND HIGH,"PRESIDING JUDGE, COURT OF CRIMINAL APPEALS",,SHARON KELLER,REP,146,9,87,0,242,155,87
El Paso,054-PARKLAND HIGH,"PRESIDING JUDGE, COURT OF CRIMINAL APPEALS",,KEITH HAMPTON,DEM,235,6,253,2,496,241,255
El Paso,054-PARKLAND HIGH,"PRESIDING JUDGE, COURT OF CRIMINAL APPEALS",,LANCE STOTT,LIB,11,0,16,0,27,11,16
El Paso,054-PARKLAND HIGH,"JUDGE, COURT OF CRIMINAL APPEALS, PLACE 7",,BARBARA PARKER HERVE,REP,205,10,144,0,359,215,144
El Paso,054-PARKLAND HIGH,"JUDGE, COURT OF CRIMINAL APPEALS, PLACE 7",,MARK W. BENNETT,LIB,119,2,141,0,262,121,141
El Paso,054-PARKLAND HIGH,"JUDGE, COURT OF CRIMINAL APPEALS, PLACE 8",,ELSA ALCALA,REP,195,10,150,0,355,205,150
El Paso,054-PARKLAND HIGH,"JUDGE, COURT OF CRIMINAL APPEALS, PLACE 8",,WILLIAM BRYAN STRANG,LIB,121,2,133,0,256,123,133
El Paso,054-PARKLAND HIGH,MEMBER STATE BOARD OF EDUCATION DISTRICT 1,,CARLOS CHARLIE GARZA,REP,138,9,84,0,231,147,84
El Paso,054-PARKLAND HIGH,MEMBER STATE BOARD OF EDUCATION DISTRICT 1,,MARTHA M. DOMINGUEZ,DEM,256,6,272,2,536,262,274
El Paso,054-PARKLAND HIGH,STATE SENATOR DISTRICT 29,,DAN CHAVEZ,REP,139,10,79,0,228,149,79
El Paso,054-PARKLAND HIGH,STATE SENATOR DISTRICT 29,,JOSE R. RODRIGUEZ,DEM,254,5,287,2,548,259,289
El Paso,054-PARKLAND HIGH,STATE REPRESENTATIVE DISTRICT 78,,DONALD R. DEE MARGO,REP,146,9,91,0,246,155,91
El Paso,054-PARKLAND HIGH,STATE REPRESENTATIVE DISTRICT 78,,JOE MOODY,DEM,256,6,273,2,537,262,275
El Paso,054-PARKLAND HIGH,"CHIEF JUSTICE, COURT OF APPEALS 8TH DISTRICT",,ANN CRAWFORD MCCLURE,DEM,279,10,300,2,591,289,302
El Paso,054-PARKLAND HIGH,"JUSTICE, 8TH COURT OF APPEALS DISTRICT, PLACE 2",,CHRIS ANTCLIFF,REP,147,10,86,0,243,157,86
El Paso,054-PARKLAND HIGH,"JUSTICE, 8TH COURT OF APPEALS DISTRICT, PLACE 2",,YVONNE RODRIGUEZ,DEM,247,5,272,2,526,252,274
El Paso,054-PARKLAND HIGH,"JUSTICE, 8TH COURT OF APPEALS DISTRICT, PLACE 3",,GUADALUPE LUPE RIVER,DEM,277,9,306,2,594,286,308
El Paso,054-PARKLAND HIGH,"DISTRICT JUDGE, 34TH JUDICIAL DISTRICT",,BILL MOODY,DEM,286,9,304,2,601,295,306
El Paso,054-PARKLAND HIGH,"DISTRICT JUDGE, 41ST JUDICIAL DISTRICT",,ANNA PEREZ,DEM,279,8,305,2,594,287,307
El Paso,054-PARKLAND HIGH,"DISTRICT JUDGE, 243RD JUDICIAL DISTRICT",,BILLY DON HICKS,REP,153,9,88,0,250,162,88
El Paso,054-PARKLAND HIGH,"DISTRICT JUDGE, 243RD JUDICIAL DISTRICT",,LUIS AGUILAR,DEM,237,6,270,2,515,243,272
El Paso,054-PARKLAND HIGH,"DISTRICT JUDGE, 346TH JUDICIAL DISTRICT",,ANGIE J. BARILL,DEM,280,8,300,2,590,288,302
El Paso,054-PARKLAND HIGH,"DISTRICT JUDGE, 383RD JUDICIAL DISTRICT",,MIKE HERRERA,DEM,282,9,299,2,592,291,301
El Paso,054-PARKLAND HIGH,"DISTRICT JUDGE, 384TH JUDICIAL DISTRICT",,PATRICK M. GARCIA,DEM,278,9,297,2,586,287,299
El Paso,054-PARKLAND HIGH,"DISTRICT JUDGE, 388TH JUDICIAL DISTRICT",,LAURA STRATHMANN,DEM,283,9,299,2,593,292,301
El Paso,054-PARKLAND HIGH,"DISTRICT JUDGE, 409TH JUDICIAL DISTRICT",,SAM MEDRANO JR,DEM,278,7,297,2,584,285,299
El Paso,054-PARKLAND HIGH,"DISTRICT JUDGE, 448TH JUDICIAL DISTRICT",,SERGIO H. ENRIQUEZ,DEM,271,8,296,2,577,279,298
El Paso,054-PARKLAND HIGH,"CRIMINAL DISTRICT JUDGE, COURT NO. 1",,DIANE NAVARRETE,DEM,278,9,299,2,588,287,301
El Paso,054-PARKLAND HIGH,"FAMILY DISTRICT JUDGE, 65TH JUDICIAL DISTRICT",,YAHARA L. GUTIERREZ,DEM,281,8,296,2,587,289,298
El Paso,054-PARKLAND HIGH,"DISTRICT ATTORNEY, 34TH JUDICIAL DISTRICT",,JAIME ESPARZA,DEM,286,8,298,2,594,294,300
El Paso,054-PARKLAND HIGH,"JUDGE, COUNTY CRIMINAL COURT NO. 3",,CARLOS CARRASCO,DEM,272,9,294,2,577,281,296
El Paso,054-PARKLAND HIGH,"JUDGE, COUNTY CRIMINAL COURT NO. 4",,JESUS HERRERA,DEM,272,8,294,2,576,280,296
El Paso,054-PARKLAND HIGH,COUNTY ATTORNEY,,JO ANNE BERNAL,DEM,282,10,298,2,592,292,300
El Paso,054-PARKLAND HIGH,SHERIFF,,RICHARD D. WILES,DEM,300,9,304,2,615,309,306
El Paso,054-PARKLAND HIGH,COUNTY TAX ASSESSOR COLLECTOR,,VICTOR A. FLORES,DEM,280,11,297,2,590,291,299
El Paso,054-PARKLAND HIGH,"CONSTABLE, PRECINCT NO. 2",,JEREMIAH HAGGERTY,DEM,286,9,296,2,593,295,298
El Paso,055-WHITAKER ELEMENTARY,"CITY OF EL PASO, PROPOSITION",,FOR (A FAVOR),NP,409,17,298,0,724,426,298
El Paso,055-WHITAKER ELEMENTARY,"CITY OF EL PASO, PROPOSITION",,AGAINST (EN CONTRA),NP,216,16,126,1,359,232,127
El Paso,055-WHITAKER ELEMENTARY,"CITY OF EL PASO, PROPOSITION",,FOR (A FAVOR),NP,357,15,282,1,655,372,283
El Paso,055-WHITAKER ELEMENTARY,"CITY OF EL PASO, PROPOSITION",,AGAINST (EN CONTRA),NP,248,16,136,0,400,264,136
El Paso,055-WHITAKER ELEMENTARY,"CITY OF EL PASO, PROPOSITION",,FOR (A FAVOR),NP,300,12,221,1,534,312,222
El Paso,055-WHITAKER ELEMENTARY,"CITY OF EL PASO, PROPOSITION",,AGAINST (EN CONTRA),NP,311,17,189,0,517,328,189
El Paso,055-WHITAKER ELEMENTARY,STRAIGHT PARTY,,REPUBLICAN,REP,127,9,89,0,225,136,89
El Paso,055-WHITAKER ELEMENTARY,STRAIGHT PARTY,,DEMOCRAT,DEM,257,9,196,1,463,266,197
El Paso,055-WHITAKER ELEMENTARY,STRAIGHT PARTY,,LIBERTARIAN,LIB,0,0,1,0,1,0,1
El Paso,055-WHITAKER ELEMENTARY,STRAIGHT PARTY,,GREEN,GRN,2,0,2,0,4,2,2
El Paso,055-WHITAKER ELEMENTARY,US PRESIDENT,,MITT ROMNEY,REP,269,16,153,0,438,285,153
El Paso,055-WHITAKER ELEMENTARY,US PRESIDENT,,BARACK OBAMA,DEM,374,18,291,1,684,392,292
El Paso,055-WHITAKER ELEMENTARY,US PRESIDENT,,GARY JOHNSON,LIB,6,1,3,0,10,7,3
El Paso,055-WHITAKER ELEMENTARY,US PRESIDENT,,JILL STEIN,GRN,3,0,2,0,5,3,2
El Paso,055-WHITAKER ELEMENTARY,US PRESIDENT,,WRITE-IN,NP,0,0,0,0,0,0,0
El Paso,055-WHITAKER ELEMENTARY,US SENATOR,,TED CRUZ,REP,263,15,151,0,429,278,151
El Paso,055-WHITAKER ELEMENTARY,US SENATOR,,PAUL SADLER,DEM,352,18,264,1,635,370,265
El Paso,055-WHITAKER ELEMENTARY,US SENATOR,,JOHN JAY MYERS,LIB,10,0,9,0,19,10,9
El Paso,055-WHITAKER ELEMENTARY,US SENATOR,,DAVID B. COLLINS,GRN,7,0,7,0,14,7,7
El Paso,055-WHITAKER ELEMENTARY,US REP DISTRICT 16,,BARBARA CARRASCO,REP,251,14,163,0,428,265,163
El Paso,055-WHITAKER ELEMENTARY,US REP DISTRICT 16,,BETO OROURKE,DEM,385,19,273,1,678,404,274
El Paso,055-WHITAKER ELEMENTARY,US REP DISTRICT 16,,JUNART SODOY,LIB,4,0,5,0,9,4,5
El Paso,055-WHITAKER ELEMENTARY,RAILROAD COMMISSIONER,,CHRISTI CRADDICK,REP,261,15,139,0,415,276,139
El Paso,055-WHITAKER ELEMENTARY,RAILROAD COMMISSIONER,,DALE HENRY,DEM,336,14,254,1,605,350,255
El Paso,055-WHITAKER ELEMENTARY,RAILROAD COMMISSIONER,,VIVEKANANDA (VIK) WA,LIB,9,0,11,0,20,9,11
El Paso,055-WHITAKER ELEMENTARY,RAILROAD COMMISSIONER,,CHRIS KENNEDY,GRN,16,2,17,0,35,18,17
El Paso,055-WHITAKER ELEMENTARY,RAILROAD COMMISSIONER,,BARRY SMITHERMAN,REP,271,17,164,1,453,288,165
El Paso,055-WHITAKER ELEMENTARY,RAILROAD COMMISSIONER,,JAIME O. PEREZ,LIB,166,4,139,0,309,170,139
El Paso,055-WHITAKER ELEMENTARY,RAILROAD COMMISSIONER,,JOSH WENDEL,GRN,51,4,38,0,93,55,38
El Paso,055-WHITAKER ELEMENTARY,"JUSTICE, SUPREME COURT, PLACE 2",,DON WILLETT,REP,326,17,210,0,553,343,210
El Paso,055-WHITAKER ELEMENTARY,"JUSTICE, SUPREME COURT, PLACE 2",,RS ROBERT KOELSCH,LIB,149,7,127,1,284,156,128
El Paso,055-WHITAKER ELEMENTARY,"JUSTICE, SUPREME COURT, PLACE 4",,JOHN DEVINE,REP,295,17,181,0,493,312,181
El Paso,055-WHITAKER ELEMENTARY,"JUSTICE, SUPREME COURT, PLACE 4",,TOM OXFORD,LIB,120,7,113,0,240,127,113
El Paso,055-WHITAKER ELEMENTARY,"JUSTICE, SUPREME COURT, PLACE 4",,CHARLES E. WATERBURY,GRN,60,1,40,1,102,61,41
El Paso,055-WHITAKER ELEMENTARY,"JUSTICE, SUPREME COURT, PLACE 6",,NATHAN HECHT,REP,226,17,132,0,375,243,132
El Paso,055-WHITAKER ELEMENTARY,"JUSTICE, SUPREME COURT, PLACE 6",,MICHELE PETTY,DEM,347,14,267,1,629,361,268
El Paso,055-WHITAKER ELEMENTARY,"JUSTICE, SUPREME COURT, PLACE 6",,MARK ASH,LIB,19,1,9,0,29,20,9
El Paso,055-WHITAKER ELEMENTARY,"JUSTICE, SUPREME COURT, PLACE 6",,JIM CHISHOLM,GRN,20,0,10,0,30,20,10
El Paso,055-WHITAKER ELEMENTARY,"PRESIDING JUDGE, COURT OF CRIMINAL APPEALS",,SHARON KELLER,REP,252,14,149,0,415,266,149
El Paso,055-WHITAKER ELEMENTARY,"PRESIDING JUDGE, COURT OF CRIMINAL APPEALS",,KEITH HAMPTON,DEM,344,17,257,1,619,361,258
El Paso,055-WHITAKER ELEMENTARY,"PRESIDING JUDGE, COURT OF CRIMINAL APPEALS",,LANCE STOTT,LIB,13,1,12,0,26,14,12
El Paso,055-WHITAKER ELEMENTARY,"JUDGE, COURT OF CRIMINAL APPEALS, PLACE 7",,BARBARA PARKER HERVE,REP,316,17,208,0,541,333,208
El Paso,055-WHITAKER ELEMENTARY,"JUDGE, COURT OF CRIMINAL APPEALS, PLACE 7",,MARK W. BENNETT,LIB,156,8,121,1,286,164,122
El Paso,055-WHITAKER ELEMENTARY,"JUDGE, COURT OF CRIMINAL APPEALS, PLACE 8",,ELSA ALCALA,REP,307,15,212,0,534,322,212
El Paso,055-WHITAKER ELEMENTARY,"JUDGE, COURT OF CRIMINAL APPEALS, PLACE 8",,WILLIAM BRYAN STRANG,LIB,162,9,121,1,293,171,122
El Paso,055-WHITAKER ELEMENTARY,MEMBER STATE BOARD OF EDUCATION DISTRICT 1,,CARLOS CHARLIE GARZA,REP,239,14,139,0,392,253,139
El Paso,055-WHITAKER ELEMENTARY,MEMBER STATE BOARD OF EDUCATION DISTRICT 1,,MARTHA M. DOMINGUEZ,DEM,370,17,281,1,669,387,282
El Paso,055-WHITAKER ELEMENTARY,STATE SENATOR DISTRICT 29,,DAN CHAVEZ,REP,249,16,133,0,398,265,133
El Paso,055-WHITAKER ELEMENTARY,STATE SENATOR DISTRICT 29,,JOSE R. RODRIGUEZ,DEM,371,16,287,1,675,387,288
El Paso,055-WHITAKER ELEMENTARY,STATE REPRESENTATIVE DISTRICT 77,,MARISA MARQUEZ,DEM,433,16,311,1,761,449,312
El Paso,055-WHITAKER ELEMENTARY,"CHIEF JUSTICE, COURT OF APPEALS 8TH DISTRICT",,ANN CRAWFORD MCCLURE,DEM,428,16,306,1,751,444,307
El Paso,055-WHITAKER ELEMENTARY,"JUSTICE, 8TH COURT OF APPEALS DISTRICT, PLACE 2",,CHRIS ANTCLIFF,REP,258,15,152,0,425,273,152
El Paso,055-WHITAKER ELEMENTARY,"JUSTICE, 8TH COURT OF APPEALS DISTRICT, PLACE 2",,YVONNE RODRIGUEZ,DEM,354,17,267,1,639,371,268
El Paso,055-WHITAKER ELEMENTARY,"JUSTICE, 8TH COURT OF APPEALS DISTRICT, PLACE 3",,GUADALUPE LUPE RIVER,DEM,425,16,304,1,746,441,305
El Paso,055-WHITAKER ELEMENTARY,"DISTRICT JUDGE, 34TH JUDICIAL DISTRICT",,BILL MOODY,DEM,432,17,310,1,760,449,311
El Paso,055-WHITAKER ELEMENTARY,"DISTRICT JUDGE, 41ST JUDICIAL DISTRICT",,ANNA PEREZ,DEM,415,17,302,1,735,432,303
El Paso,055-WHITAKER ELEMENTARY,"DISTRICT JUDGE, 243RD JUDICIAL DISTRICT",,BILLY DON HICKS,REP,264,17,147,0,428,281,147
El Paso,055-WHITAKER ELEMENTARY,"DISTRICT JUDGE, 243RD JUDICIAL DISTRICT",,LUIS AGUILAR,DEM,353,15,271,1,640,368,272
El Paso,055-WHITAKER ELEMENTARY,"DISTRICT JUDGE, 346TH JUDICIAL DISTRICT",,ANGIE J. BARILL,DEM,427,15,300,1,743,442,301
El Paso,055-WHITAKER ELEMENTARY,"DISTRICT JUDGE, 383RD JUDICIAL DISTRICT",,MIKE HERRERA,DEM,423,15,306,1,745,438,307
El Paso,055-WHITAKER ELEMENTARY,"DISTRICT JUDGE, 384TH JUDICIAL DISTRICT",,PATRICK M. GARCIA,DEM,418,15,301,1,735,433,302
El Paso,055-WHITAKER ELEMENTARY,"DISTRICT JUDGE, 388TH JUDICIAL DISTRICT",,LAURA STRATHMANN,DEM,419,16,309,1,745,435,310
El Paso,055-WHITAKER ELEMENTARY,"DISTRICT JUDGE, 409TH JUDICIAL DISTRICT",,SAM MEDRANO JR,DEM,413,15,306,1,735,428,307
El Paso,055-WHITAKER ELEMENTARY,"DISTRICT JUDGE, 448TH JUDICIAL DISTRICT",,SERGIO H. ENRIQUEZ,DEM,414,15,304,1,734,429,305
El Paso,055-WHITAKER ELEMENTARY,"CRIMINAL DISTRICT JUDGE, COURT NO. 1",,DIANE NAVARRETE,DEM,420,15,301,1,737,435,302
El Paso,055-WHITAKER ELEMENTARY,"FAMILY DISTRICT JUDGE, 65TH JUDICIAL DISTRICT",,YAHARA L. GUTIERREZ,DEM,417,15,302,1,735,432,303
El Paso,055-WHITAKER ELEMENTARY,"DISTRICT ATTORNEY, 34TH JUDICIAL DISTRICT",,JAIME ESPARZA,DEM,422,16,306,1,745,438,307
El Paso,055-WHITAKER ELEMENTARY,"JUDGE, COUNTY CRIMINAL COURT NO. 3",,CARLOS CARRASCO,DEM,418,15,306,1,740,433,307
El Paso,055-WHITAKER ELEMENTARY,"JUDGE, COUNTY CRIMINAL COURT NO. 4",,JESUS HERRERA,DEM,417,15,304,1,737,432,305
El Paso,055-WHITAKER ELEMENTARY,COUNTY ATTORNEY,,JO ANNE BERNAL,DEM,417,15,302,1,735,432,303
El Paso,055-WHITAKER ELEMENTARY,SHERIFF,,RICHARD D. WILES,DEM,444,17,323,1,785,461,324
El Paso,055-WHITAKER ELEMENTARY,COUNTY TAX ASSESSOR COLLECTOR,,VICTOR A. FLORES,DEM,432,23,312,1,768,455,313
El Paso,055-WHITAKER ELEMENTARY,"CONSTABLE, PRECINCT NO. 2",,JEREMIAH HAGGERTY,DEM,442,17,314,1,774,459,315
El Paso,056-DOWELL ELEMENTARY,"CITY OF EL PASO, PROPOSITION",,FOR (A FAVOR),NP,342,17,343,2,704,359,345
El Paso,056-DOWELL ELEMENTARY,"CITY OF EL PASO, PROPOSITION",,AGAINST (EN CONTRA),NP,223,9,150,0,382,232,150
El Paso,056-DOWELL ELEMENTARY,"CITY OF EL PASO, PROPOSITION",,FOR (A FAVOR),NP,323,15,323,2,663,338,325
El Paso,056-DOWELL ELEMENTARY,"CITY OF EL PASO, PROPOSITION",,AGAINST (EN CONTRA),NP,235,10,166,0,411,245,166
El Paso,056-DOWELL ELEMENTARY,"CITY OF EL PASO, PROPOSITION",,FOR (A FAVOR),NP,285,10,270,2,567,295,272
El Paso,056-DOWELL ELEMENTARY,"CITY OF EL PASO, PROPOSITION",,AGAINST (EN CONTRA),NP,282,15,217,0,514,297,217
El Paso,056-DOWELL ELEMENTARY,STRAIGHT PARTY,,REPUBLICAN,REP,139,15,114,0,268,154,114
El Paso,056-DOWELL ELEMENTARY,STRAIGHT PARTY,,DEMOCRAT,DEM,181,2,169,0,352,183,169
El Paso,056-DOWELL ELEMENTARY,STRAIGHT PARTY,,LIBERTARIAN,LIB,5,0,7,0,12,5,7
El Paso,056-DOWELL ELEMENTARY,STRAIGHT PARTY,,GREEN,GRN,4,0,1,0,5,4,1
El Paso,056-DOWELL ELEMENTARY,US PRESIDENT,,MITT ROMNEY,REP,270,21,229,0,520,291,229
El Paso,056-DOWELL ELEMENTARY,US PRESIDENT,,BARACK OBAMA,DEM,296,8,260,2,566,304,262
El Paso,056-DOWELL ELEMENTARY,US PRESIDENT,,GARY JOHNSON,LIB,9,0,12,0,21,9,12
El Paso,056-DOWELL ELEMENTARY,US PRESIDENT,,JILL STEIN,GRN,5,0,0,0,5,5,0
El Paso,056-DOWELL ELEMENTARY,US PRESIDENT,,WRITE-IN,NP,2,0,0,0,2,2,0
El Paso,056-DOWELL ELEMENTARY,US SENATOR,,TED CRUZ,REP,279,21,222,0,522,300,222
El Paso,056-DOWELL ELEMENTARY,US SENATOR,,PAUL SADLER,DEM,265,8,227,2,502,273,229
El Paso,056-DOWELL ELEMENTARY,US SENATOR,,JOHN JAY MYERS,LIB,12,0,24,0,36,12,24
El Paso,056-DOWELL ELEMENTARY,US SENATOR,,DAVID B. COLLINS,GRN,16,0,9,0,25,16,9
El Paso,056-DOWELL ELEMENTARY,US REP DISTRICT 16,,BARBARA CARRASCO,REP,239,21,203,1,464,260,204
El Paso,056-DOWELL ELEMENTARY,US REP DISTRICT 16,,BETO OROURKE,DEM,320,8,278,0,606,328,278
El Paso,056-DOWELL ELEMENTARY,US REP DISTRICT 16,,JUNART SODOY,LIB,15,0,9,1,25,15,10
El Paso,056-DOWELL ELEMENTARY,RAILROAD COMMISSIONER,,CHRISTI CRADDICK,REP,244,19,197,0,460,263,197
El Paso,056-DOWELL ELEMENTARY,RAILROAD COMMISSIONER,,DALE HENRY,DEM,261,5,235,2,503,266,237
El Paso,056-DOWELL ELEMENTARY,RAILROAD COMMISSIONER,,VIVEKANANDA (VIK) WA,LIB,22,0,15,0,37,22,15
El Paso,056-DOWELL ELEMENTARY,RAILROAD COMMISSIONER,,CHRIS KENNEDY,GRN,28,0,20,0,48,28,20
El Paso,056-DOWELL ELEMENTARY,RAILROAD COMMISSIONER,,BARRY SMITHERMAN,REP,273,20,225,0,518,293,225
El Paso,056-DOWELL ELEMENTARY,RAILROAD COMMISSIONER,,JAIME O. PEREZ,LIB,121,2,131,2,256,123,133
El Paso,056-DOWELL ELEMENTARY,RAILROAD COMMISSIONER,,JOSH WENDEL,GRN,59,1,60,0,120,60,60
El Paso,056-DOWELL ELEMENTARY,"JUSTICE, SUPREME COURT, PLACE 2",,DON WILLETT,REP,318,22,273,0,613,340,273
El Paso,056-DOWELL ELEMENTARY,"JUSTICE, SUPREME COURT, PLACE 2",,RS ROBERT KOELSCH,LIB,134,2,134,2,272,136,136
El Paso,056-DOWELL ELEMENTARY,"JUSTICE, SUPREME COURT, PLACE 4",,JOHN DEVINE,REP,296,22,249,0,567,318,249
El Paso,056-DOWELL ELEMENTARY,"JUSTICE, SUPREME COURT, PLACE 4",,TOM OXFORD,LIB,107,0,104,1,212,107,105
El Paso,056-DOWELL ELEMENTARY,"JUSTICE, SUPREME COURT, PLACE 4",,CHARLES E. WATERBURY,GRN,53,1,54,1,109,54,55
El Paso,056-DOWELL ELEMENTARY,"JUSTICE, SUPREME COURT, PLACE 6",,NATHAN HECHT,REP,225,20,189,0,434,245,189
El Paso,056-DOWELL ELEMENTARY,"JUSTICE, SUPREME COURT, PLACE 6",,MICHELE PETTY,DEM,278,5,245,2,530,283,247
El Paso,056-DOWELL ELEMENTARY,"JUSTICE, SUPREME COURT, PLACE 6",,MARK ASH,LIB,21,0,16,0,37,21,16
El Paso,056-DOWELL ELEMENTARY,"JUSTICE, SUPREME COURT, PLACE 6",,JIM CHISHOLM,GRN,25,0,18,0,43,25,18
El Paso,056-DOWELL ELEMENTARY,"PRESIDING JUDGE, COURT OF CRIMINAL APPEALS",,SHARON KELLER,REP,253,21,213,0,487,274,213
El Paso,056-DOWELL ELEMENTARY,"PRESIDING JUDGE, COURT OF CRIMINAL APPEALS",,KEITH HAMPTON,DEM,264,5,231,2,502,269,233
El Paso,056-DOWELL ELEMENTARY,"PRESIDING JUDGE, COURT OF CRIMINAL APPEALS",,LANCE STOTT,LIB,29,0,23,0,52,29,23
El Paso,056-DOWELL ELEMENTARY,"JUDGE, COURT OF CRIMINAL APPEALS, PLACE 7",,BARBARA PARKER HERVE,REP,314,20,266,0,600,334,266
El Paso,056-DOWELL ELEMENTARY,"JUDGE, COURT OF CRIMINAL APPEALS, PLACE 7",,MARK W. BENNETT,LIB,139,3,143,2,287,142,145
El Paso,056-DOWELL ELEMENTARY,"JUDGE, COURT OF CRIMINAL APPEALS, PLACE 8",,ELSA ALCALA,REP,300,21,256,0,577,321,256
El Paso,056-DOWELL ELEMENTARY,"JUDGE, COURT OF CRIMINAL APPEALS, PLACE 8",,WILLIAM BRYAN STRANG,LIB,149,2,151,2,304,151,153
El Paso,056-DOWELL ELEMENTARY,MEMBER STATE BOARD OF EDUCATION DISTRICT 1,,CARLOS CHARLIE GARZA,REP,261,20,207,0,488,281,207
El Paso,056-DOWELL ELEMENTARY,MEMBER STATE BOARD OF EDUCATION DISTRICT 1,,MARTHA M. DOMINGUEZ,DEM,283,6,260,2,551,289,262
El Paso,056-DOWELL ELEMENTARY,STATE SENATOR DISTRICT 29,,DAN CHAVEZ,REP,260,21,200,0,481,281,200
El Paso,056-DOWELL ELEMENTARY,STATE SENATOR DISTRICT 29,,JOSE R. RODRIGUEZ,DEM,300,6,272,2,580,306,274
El Paso,056-DOWELL ELEMENTARY,STATE REPRESENTATIVE DISTRICT 77,,MARISA MARQUEZ,DEM,350,7,339,2,698,357,341
El Paso,056-DOWELL ELEMENTARY,"CHIEF JUSTICE, COURT OF APPEALS 8TH DISTRICT",,ANN CRAWFORD MCCLURE,DEM,344,7,332,2,685,351,334
El Paso,056-DOWELL ELEMENTARY,"JUSTICE, 8TH COURT OF APPEALS DISTRICT, PLACE 2",,CHRIS ANTCLIFF,REP,269,20,212,0,501,289,212
El Paso,056-DOWELL ELEMENTARY,"JUSTICE, 8TH COURT OF APPEALS DISTRICT, PLACE 2",,YVONNE RODRIGUEZ,DEM,277,5,258,2,542,282,260
El Paso,056-DOWELL ELEMENTARY,"JUSTICE, 8TH COURT OF APPEALS DISTRICT, PLACE 3",,GUADALUPE LUPE RIVER,DEM,333,7,335,2,677,340,337
El Paso,056-DOWELL ELEMENTARY,"DISTRICT JUDGE, 34TH JUDICIAL DISTRICT",,BILL MOODY,DEM,348,7,338,2,695,355,340
El Paso,056-DOWELL ELEMENTARY,"DISTRICT JUDGE, 41ST JUDICIAL DISTRICT",,ANNA PEREZ,DEM,336,7,326,2,671,343,328
El Paso,056-DOWELL ELEMENTARY,"DISTRICT JUDGE, 243RD JUDICIAL DISTRICT",,BILLY DON HICKS,REP,279,20,203,0,502,299,203
El Paso,056-DOWELL ELEMENTARY,"DISTRICT JUDGE, 243RD JUDICIAL DISTRICT",,LUIS AGUILAR,DEM,270,6,267,2,545,276,269
El Paso,056-DOWELL ELEMENTARY,"DISTRICT JUDGE, 346TH JUDICIAL DISTRICT",,ANGIE J. BARILL,DEM,332,7,326,2,667,339,328
El Paso,056-DOWELL ELEMENTARY,"DISTRICT JUDGE, 383RD JUDICIAL DISTRICT",,MIKE HERRERA,DEM,332,7,321,2,662,339,323
El Paso,056-DOWELL ELEMENTARY,"DISTRICT JUDGE, 384TH JUDICIAL DISTRICT",,PATRICK M. GARCIA,DEM,331,7,322,2,662,338,324
El Paso,056-DOWELL ELEMENTARY,"DISTRICT JUDGE, 388TH JUDICIAL DISTRICT",,LAURA STRATHMANN,DEM,341,7,326,2,676,348,328
El Paso,056-DOWELL ELEMENTARY,"DISTRICT JUDGE, 409TH JUDICIAL DISTRICT",,SAM MEDRANO JR,DEM,337,7,320,2,666,344,322
El Paso,056-DOWELL ELEMENTARY,"DISTRICT JUDGE, 448TH JUDICIAL DISTRICT",,SERGIO H. ENRIQUEZ,DEM,331,7,324,2,664,338,326
El Paso,056-DOWELL ELEMENTARY,"CRIMINAL DISTRICT JUDGE, COURT NO. 1",,DIANE NAVARRETE,DEM,335,7,323,2,667,342,325
El Paso,056-DOWELL ELEMENTARY,"FAMILY DISTRICT JUDGE, 65TH JUDICIAL DISTRICT",,YAHARA L. GUTIERREZ,DEM,333,7,325,2,667,340,327
El Paso,056-DOWELL ELEMENTARY,"DISTRICT ATTORNEY, 34TH JUDICIAL DISTRICT",,JAIME ESPARZA,DEM,350,8,324,2,684,358,326
El Paso,056-DOWELL ELEMENTARY,"JUDGE, COUNTY CRIMINAL COURT NO. 3",,CARLOS CARRASCO,DEM,332,7,323,2,664,339,325
El Paso,056-DOWELL ELEMENTARY,"JUDGE, COUNTY CRIMINAL COURT NO. 4",,JESUS HERRERA,DEM,334,7,321,2,664,341,323
El Paso,056-DOWELL ELEMENTARY,COUNTY ATTORNEY,,JO ANNE BERNAL,DEM,340,7,326,2,675,347,328
El Paso,056-DOWELL ELEMENTARY,SHERIFF,,RICHARD D. WILES,DEM,374,8,349,2,733,382,351
El Paso,056-DOWELL ELEMENTARY,COUNTY TAX ASSESSOR COLLECTOR,,VICTOR A. FLORES,DEM,355,9,331,2,697,364,333
El Paso,056-DOWELL ELEMENTARY,"CONSTABLE, PRECINCT NO. 2",,JEREMIAH HAGGERTY,DEM,374,7,337,2,720,381,339
El Paso,057-FIRE STATION 23,"CITY OF EL PASO, PROPOSITION",,FOR (A FAVOR),NP,201,5,223,2,431,206,225
El Paso,057-FIRE STATION 23,"CITY OF EL PASO, PROPOSITION",,AGAINST (EN CONTRA),NP,105,12,82,0,199,117,82
El Paso,057-FIRE STATION 23,"CITY OF EL PASO, PROPOSITION",,FOR (A FAVOR),NP,193,6,211,2,412,199,213
El Paso,057-FIRE STATION 23,"CITY OF EL PASO, PROPOSITION",,AGAINST (EN CONTRA),NP,106,11,89,0,206,117,89
El Paso,057-FIRE STATION 23,"CITY OF EL PASO, PROPOSITION",,FOR (A FAVOR),NP,146,4,144,1,295,150,145
El Paso,057-FIRE STATION 23,"CITY OF EL PASO, PROPOSITION",,AGAINST (EN CONTRA),NP,156,11,150,1,318,167,151
El Paso,057-FIRE STATION 23,STRAIGHT PARTY,,REPUBLICAN,REP,76,9,60,1,146,85,61
El Paso,057-FIRE STATION 23,STRAIGHT PARTY,,DEMOCRAT,DEM,130,5,150,1,286,135,151
El Paso,057-FIRE STATION 23,STRAIGHT PARTY,,LIBERTARIAN,LIB,2,0,3,0,5,2,3
El Paso,057-FIRE STATION 23,STRAIGHT PARTY,,GREEN,GRN,1,0,3,0,4,1,3
El Paso,057-FIRE STATION 23,US PRESIDENT,,MITT ROMNEY,REP,129,16,103,1,249,145,104
El Paso,057-FIRE STATION 23,US PRESIDENT,,BARACK OBAMA,DEM,194,6,203,1,404,200,204
El Paso,057-FIRE STATION 23,US PRESIDENT,,GARY JOHNSON,LIB,2,0,8,0,10,2,8
El Paso,057-FIRE STATION 23,US PRESIDENT,,JILL STEIN,GRN,0,0,3,0,3,0,3
El Paso,057-FIRE STATION 23,US PRESIDENT,,WRITE-IN,NP,0,0,0,0,0,0,0
El Paso,057-FIRE STATION 23,US SENATOR,,TED CRUZ,REP,129,15,104,1,249,144,105
El Paso,057-FIRE STATION 23,US SENATOR,,PAUL SADLER,DEM,181,6,184,1,372,187,185
El Paso,057-FIRE STATION 23,US SENATOR,,JOHN JAY MYERS,LIB,5,0,10,0,15,5,10
El Paso,057-FIRE STATION 23,US SENATOR,,DAVID B. COLLINS,GRN,4,0,5,0,9,4,5
El Paso,057-FIRE STATION 23,US REP DISTRICT 16,,BARBARA CARRASCO,REP,121,15,101,1,238,136,102
El Paso,057-FIRE STATION 23,US REP DISTRICT 16,,BETO OROURKE,DEM,189,4,195,1,389,193,196
El Paso,057-FIRE STATION 23,US REP DISTRICT 16,,JUNART SODOY,LIB,6,2,7,0,15,8,7
El Paso,057-FIRE STATION 23,RAILROAD COMMISSIONER,,CHRISTI CRADDICK,REP,108,14,92,1,215,122,93
El Paso,057-FIRE STATION 23,RAILROAD COMMISSIONER,,DALE HENRY,DEM,179,6,173,1,359,185,174
El Paso,057-FIRE STATION 23,RAILROAD COMMISSIONER,,VIVEKANANDA (VIK) WA,LIB,9,1,11,0,21,10,11
El Paso,057-FIRE STATION 23,RAILROAD COMMISSIONER,,CHRIS KENNEDY,GRN,11,0,17,0,28,11,17
El Paso,057-FIRE STATION 23,RAILROAD COMMISSIONER,,BARRY SMITHERMAN,REP,125,14,113,1,253,139,114
El Paso,057-FIRE STATION 23,RAILROAD COMMISSIONER,,JAIME O. PEREZ,LIB,91,3,87,0,181,94,87
El Paso,057-FIRE STATION 23,RAILROAD COMMISSIONER,,JOSH WENDEL,GRN,34,0,33,0,67,34,33
El Paso,057-FIRE STATION 23,"JUSTICE, SUPREME COURT, PLACE 2",,DON WILLETT,REP,173,14,130,1,318,187,131
El Paso,057-FIRE STATION 23,"JUSTICE, SUPREME COURT, PLACE 2",,RS ROBERT KOELSCH,LIB,78,3,94,0,175,81,94
El Paso,057-FIRE STATION 23,"JUSTICE, SUPREME COURT, PLACE 4",,JOHN DEVINE,REP,152,13,127,1,293,165,128
El Paso,057-FIRE STATION 23,"JUSTICE, SUPREME COURT, PLACE 4",,TOM OXFORD,LIB,59,3,61,0,123,62,61
El Paso,057-FIRE STATION 23,"JUSTICE, SUPREME COURT, PLACE 4",,CHARLES E. WATERBURY,GRN,37,1,36,0,74,38,36
El Paso,057-FIRE STATION 23,"JUSTICE, SUPREME COURT, PLACE 6",,NATHAN HECHT,REP,111,13,90,1,215,124,91
El Paso,057-FIRE STATION 23,"JUSTICE, SUPREME COURT, PLACE 6",,MICHELE PETTY,DEM,174,6,182,1,363,180,183
El Paso,057-FIRE STATION 23,"JUSTICE, SUPREME COURT, PLACE 6",,MARK ASH,LIB,11,1,15,0,27,12,15
El Paso,057-FIRE STATION 23,"JUSTICE, SUPREME COURT, PLACE 6",,JIM CHISHOLM,GRN,8,0,8,0,16,8,8
El Paso,057-FIRE STATION 23,"PRESIDING JUDGE, COURT OF CRIMINAL APPEALS",,SHARON KELLER,REP,124,13,95,1,233,137,96
El Paso,057-FIRE STATION 23,"PRESIDING JUDGE, COURT OF CRIMINAL APPEALS",,KEITH HAMPTON,DEM,172,6,183,1,362,178,184
El Paso,057-FIRE STATION 23,"PRESIDING JUDGE, COURT OF CRIMINAL APPEALS",,LANCE STOTT,LIB,12,2,15,0,29,14,15
El Paso,057-FIRE STATION 23,"JUDGE, COURT OF CRIMINAL APPEALS, PLACE 7",,BARBARA PARKER HERVE,REP,161,14,139,1,315,175,140
El Paso,057-FIRE STATION 23,"JUDGE, COURT OF CRIMINAL APPEALS, PLACE 7",,MARK W. BENNETT,LIB,86,3,88,0,177,89,88
El Paso,057-FIRE STATION 23,"JUDGE, COURT OF CRIMINAL APPEALS, PLACE 8",,ELSA ALCALA,REP,161,14,141,1,317,175,142
El Paso,057-FIRE STATION 23,"JUDGE, COURT OF CRIMINAL APPEALS, PLACE 8",,WILLIAM BRYAN STRANG,LIB,83,3,86,0,172,86,86
El Paso,057-FIRE STATION 23,MEMBER STATE BOARD OF EDUCATION DISTRICT 1,,CARLOS CHARLIE GARZA,REP,111,15,101,1,228,126,102
El Paso,057-FIRE STATION 23,MEMBER STATE BOARD OF EDUCATION DISTRICT 1,,MARTHA M. DOMINGUEZ,DEM,196,6,193,1,396,202,194
El Paso,057-FIRE STATION 23,STATE SENATOR DISTRICT 29,,DAN CHAVEZ,REP,116,15,95,1,227,131,96
El Paso,057-FIRE STATION 23,STATE SENATOR DISTRICT 29,,JOSE R. RODRIGUEZ,DEM,195,6,205,1,407,201,206
El Paso,057-FIRE STATION 23,STATE REPRESENTATIVE DISTRICT 77,,MARISA MARQUEZ,DEM,213,9,228,1,451,222,229
El Paso,057-FIRE STATION 23,"CHIEF JUSTICE, COURT OF APPEALS 8TH DISTRICT",,ANN CRAWFORD MCCLURE,DEM,206,8,223,1,438,214,224
El Paso,057-FIRE STATION 23,"JUSTICE, 8TH COURT OF APPEALS DISTRICT, PLACE 2",,CHRIS ANTCLIFF,REP,118,14,98,1,231,132,99
El Paso,057-FIRE STATION 23,"JUSTICE, 8TH COURT OF APPEALS DISTRICT, PLACE 2",,YVONNE RODRIGUEZ,DEM,189,7,194,1,391,196,195
El Paso,057-FIRE STATION 23,"JUSTICE, 8TH COURT OF APPEALS DISTRICT, PLACE 3",,GUADALUPE LUPE RIVER,DEM,212,8,231,1,452,220,232
El Paso,057-FIRE STATION 23,"DISTRICT JUDGE, 34TH JUDICIAL DISTRICT",,BILL MOODY,DEM,219,7,235,1,462,226,236
El Paso,057-FIRE STATION 23,"DISTRICT JUDGE, 41ST JUDICIAL DISTRICT",,ANNA PEREZ,DEM,209,7,226,1,443,216,227
El Paso,057-FIRE STATION 23,"DISTRICT JUDGE, 243RD JUDICIAL DISTRICT",,BILLY DON HICKS,REP,128,15,99,1,243,143,100
El Paso,057-FIRE STATION 23,"DISTRICT JUDGE, 243RD JUDICIAL DISTRICT",,LUIS AGUILAR,DEM,180,6,194,1,381,186,195
El Paso,057-FIRE STATION 23,"DISTRICT JUDGE, 346TH JUDICIAL DISTRICT",,ANGIE J. BARILL,DEM,206,8,228,1,443,214,229
El Paso,057-FIRE STATION 23,"DISTRICT JUDGE, 383RD JUDICIAL DISTRICT",,MIKE HERRERA,DEM,207,10,224,1,442,217,225
El Paso,057-FIRE STATION 23,"DISTRICT JUDGE, 384TH JUDICIAL DISTRICT",,PATRICK M. GARCIA,DEM,211,8,225,1,445,219,226
El Paso,057-FIRE STATION 23,"DISTRICT JUDGE, 388TH JUDICIAL DISTRICT",,LAURA STRATHMANN,DEM,207,8,223,1,439,215,224
El Paso,057-FIRE STATION 23,"DISTRICT JUDGE, 409TH JUDICIAL DISTRICT",,SAM MEDRANO JR,DEM,211,8,223,1,443,219,224
El Paso,057-FIRE STATION 23,"DISTRICT JUDGE, 448TH JUDICIAL DISTRICT",,SERGIO H. ENRIQUEZ,DEM,207,8,225,1,441,215,226
El Paso,057-FIRE STATION 23,"CRIMINAL DISTRICT JUDGE, COURT NO. 1",,DIANE NAVARRETE,DEM,208,8,222,1,439,216,223
El Paso,057-FIRE STATION 23,"FAMILY DISTRICT JUDGE, 65TH JUDICIAL DISTRICT",,YAHARA L. GUTIERREZ,DEM,209,8,227,1,445,217,228
El Paso,057-FIRE STATION 23,"DISTRICT ATTORNEY, 34TH JUDICIAL DISTRICT",,JAIME ESPARZA,DEM,217,8,226,1,452,225,227
El Paso,057-FIRE STATION 23,"JUDGE, COUNTY CRIMINAL COURT NO. 3",,CARLOS CARRASCO,DEM,210,9,229,1,449,219,230
El Paso,057-FIRE STATION 23,"JUDGE, COUNTY CRIMINAL COURT NO. 4",,JESUS HERRERA,DEM,208,8,225,1,442,216,226
El Paso,057-FIRE STATION 23,COUNTY ATTORNEY,,JO ANNE BERNAL,DEM,211,8,223,1,443,219,224
El Paso,057-FIRE STATION 23,SHERIFF,,RICHARD D. WILES,DEM,232,8,241,1,482,240,242
El Paso,057-FIRE STATION 23,COUNTY TAX ASSESSOR COLLECTOR,,VICTOR A. FLORES,DEM,222,11,232,1,466,233,233
El Paso,057-FIRE STATION 23,"CONSTABLE, PRECINCT NO. 2",,JEREMIAH HAGGERTY,DEM,223,8,238,1,470,231,239
El Paso,058-DOLPHIN TERRACE ELEMENTARY,"CITY OF EL PASO, PROPOSITION",,FOR (A FAVOR),NP,254,17,291,0,562,271,291
El Paso,058-DOLPHIN TERRACE ELEMENTARY,"CITY OF EL PASO, PROPOSITION",,AGAINST (EN CONTRA),NP,145,7,93,0,245,152,93
El Paso,058-DOLPHIN TERRACE ELEMENTARY,"CITY OF EL PASO, PROPOSITION",,FOR (A FAVOR),NP,230,17,282,0,529,247,282
El Paso,058-DOLPHIN TERRACE ELEMENTARY,"CITY OF EL PASO, PROPOSITION",,AGAINST (EN CONTRA),NP,163,7,98,0,268,170,98
El Paso,058-DOLPHIN TERRACE ELEMENTARY,"CITY OF EL PASO, PROPOSITION",,FOR (A FAVOR),NP,185,11,230,0,426,196,230
El Paso,058-DOLPHIN TERRACE ELEMENTARY,"CITY OF EL PASO, PROPOSITION",,AGAINST (EN CONTRA),NP,197,13,137,0,347,210,137
El Paso,058-DOLPHIN TERRACE ELEMENTARY,STRAIGHT PARTY,,REPUBLICAN,REP,91,8,72,0,171,99,72
El Paso,058-DOLPHIN TERRACE ELEMENTARY,STRAIGHT PARTY,,DEMOCRAT,DEM,154,5,185,0,344,159,185
El Paso,058-DOLPHIN TERRACE ELEMENTARY,STRAIGHT PARTY,,LIBERTARIAN,LIB,2,0,4,0,6,2,4
El Paso,058-DOLPHIN TERRACE ELEMENTARY,STRAIGHT PARTY,,GREEN,GRN,0,0,1,0,1,0,1
El Paso,058-DOLPHIN TERRACE ELEMENTARY,US PRESIDENT,,MITT ROMNEY,REP,167,17,136,0,320,184,136
El Paso,058-DOLPHIN TERRACE ELEMENTARY,US PRESIDENT,,BARACK OBAMA,DEM,237,8,239,0,484,245,239
El Paso,058-DOLPHIN TERRACE ELEMENTARY,US PRESIDENT,,GARY JOHNSON,LIB,4,0,3,0,7,4,3
El Paso,058-DOLPHIN TERRACE ELEMENTARY,US PRESIDENT,,JILL STEIN,GRN,1,0,3,0,4,1,3
El Paso,058-DOLPHIN TERRACE ELEMENTARY,US PRESIDENT,,WRITE-IN,NP,1,0,2,0,3,1,2
El Paso,058-DOLPHIN TERRACE ELEMENTARY,US SENATOR,,TED CRUZ,REP,168,17,138,0,323,185,138
El Paso,058-DOLPHIN TERRACE ELEMENTARY,US SENATOR,,PAUL SADLER,DEM,214,8,215,0,437,222,215
El Paso,058-DOLPHIN TERRACE ELEMENTARY,US SENATOR,,JOHN JAY MYERS,LIB,10,0,12,0,22,10,12
El Paso,058-DOLPHIN TERRACE ELEMENTARY,US SENATOR,,DAVID B. COLLINS,GRN,5,0,11,0,16,5,11
El Paso,058-DOLPHIN TERRACE ELEMENTARY,US REP DISTRICT 16,,BARBARA CARRASCO,REP,157,15,133,0,305,172,133
El Paso,058-DOLPHIN TERRACE ELEMENTARY,US REP DISTRICT 16,,BETO OROURKE,DEM,237,10,241,0,488,247,241
El Paso,058-DOLPHIN TERRACE ELEMENTARY,US REP DISTRICT 16,,JUNART SODOY,LIB,4,0,6,0,10,4,6
El Paso,058-DOLPHIN TERRACE ELEMENTARY,RAILROAD COMMISSIONER,,CHRISTI CRADDICK,REP,150,18,105,0,273,168,105
El Paso,058-DOLPHIN TERRACE ELEMENTARY,RAILROAD COMMISSIONER,,DALE HENRY,DEM,211,7,232,0,450,218,232
El Paso,058-DOLPHIN TERRACE ELEMENTARY,RAILROAD COMMISSIONER,,VIVEKANANDA (VIK) WA,LIB,7,0,7,0,14,7,7
El Paso,058-DOLPHIN TERRACE ELEMENTARY,RAILROAD COMMISSIONER,,CHRIS KENNEDY,GRN,10,0,18,0,28,10,18
El Paso,058-DOLPHIN TERRACE ELEMENTARY,RAILROAD COMMISSIONER,,BARRY SMITHERMAN,REP,167,19,140,0,326,186,140
El Paso,058-DOLPHIN TERRACE ELEMENTARY,RAILROAD COMMISSIONER,,JAIME O. PEREZ,LIB,97,4,112,0,213,101,112
El Paso,058-DOLPHIN TERRACE ELEMENTARY,RAILROAD COMMISSIONER,,JOSH WENDEL,GRN,33,0,39,0,72,33,39
El Paso,058-DOLPHIN TERRACE ELEMENTARY,"JUSTICE, SUPREME COURT, PLACE 2",,DON WILLETT,REP,205,19,168,0,392,224,168
El Paso,058-DOLPHIN TERRACE ELEMENTARY,"JUSTICE, SUPREME COURT, PLACE 2",,RS ROBERT KOELSCH,LIB,91,4,114,0,209,95,114
El Paso,058-DOLPHIN TERRACE ELEMENTARY,"JUSTICE, SUPREME COURT, PLACE 4",,JOHN DEVINE,REP,188,18,150,0,356,206,150
El Paso,058-DOLPHIN TERRACE ELEMENTARY,"JUSTICE, SUPREME COURT, PLACE 4",,TOM OXFORD,LIB,63,4,87,0,154,67,87
El Paso,058-DOLPHIN TERRACE ELEMENTARY,"JUSTICE, SUPREME COURT, PLACE 4",,CHARLES E. WATERBURY,GRN,39,0,50,0,89,39,50
El Paso,058-DOLPHIN TERRACE ELEMENTARY,"JUSTICE, SUPREME COURT, PLACE 6",,NATHAN HECHT,REP,145,16,108,0,269,161,108
El Paso,058-DOLPHIN TERRACE ELEMENTARY,"JUSTICE, SUPREME COURT, PLACE 6",,MICHELE PETTY,DEM,219,8,234,0,461,227,234
El Paso,058-DOLPHIN TERRACE ELEMENTARY,"JUSTICE, SUPREME COURT, PLACE 6",,MARK ASH,LIB,9,0,15,0,24,9,15
El Paso,058-DOLPHIN TERRACE ELEMENTARY,"JUSTICE, SUPREME COURT, PLACE 6",,JIM CHISHOLM,GRN,9,0,8,0,17,9,8
El Paso,058-DOLPHIN TERRACE ELEMENTARY,"PRESIDING JUDGE, COURT OF CRIMINAL APPEALS",,SHARON KELLER,REP,155,18,120,0,293,173,120
El Paso,058-DOLPHIN TERRACE ELEMENTARY,"PRESIDING JUDGE, COURT OF CRIMINAL APPEALS",,KEITH HAMPTON,DEM,214,6,227,0,447,220,227
El Paso,058-DOLPHIN TERRACE ELEMENTARY,"PRESIDING JUDGE, COURT OF CRIMINAL APPEALS",,LANCE STOTT,LIB,12,0,17,0,29,12,17
El Paso,058-DOLPHIN TERRACE ELEMENTARY,"JUDGE, COURT OF CRIMINAL APPEALS, PLACE 7",,BARBARA PARKER HERVE,REP,197,21,168,0,386,218,168
El Paso,058-DOLPHIN TERRACE ELEMENTARY,"JUDGE, COURT OF CRIMINAL APPEALS, PLACE 7",,MARK W. BENNETT,LIB,92,1,118,0,211,93,118
El Paso,058-DOLPHIN TERRACE ELEMENTARY,"JUDGE, COURT OF CRIMINAL APPEALS, PLACE 8",,ELSA ALCALA,REP,193,19,169,0,381,212,169
El Paso,058-DOLPHIN TERRACE ELEMENTARY,"JUDGE, COURT OF CRIMINAL APPEALS, PLACE 8",,WILLIAM BRYAN STRANG,LIB,97,3,120,0,220,100,120
El Paso,058-DOLPHIN TERRACE ELEMENTARY,MEMBER STATE BOARD OF EDUCATION DISTRICT 1,,CARLOS CHARLIE GARZA,REP,153,17,121,0,291,170,121
El Paso,058-DOLPHIN TERRACE ELEMENTARY,MEMBER STATE BOARD OF EDUCATION DISTRICT 1,,MARTHA M. DOMINGUEZ,DEM,227,7,245,0,479,234,245
El Paso,058-DOLPHIN TERRACE ELEMENTARY,STATE SENATOR DISTRICT 29,,DAN CHAVEZ,REP,153,15,118,0,286,168,118
El Paso,058-DOLPHIN TERRACE ELEMENTARY,STATE SENATOR DISTRICT 29,,JOSE R. RODRIGUEZ,DEM,229,9,244,0,482,238,244
El Paso,058-DOLPHIN TERRACE ELEMENTARY,STATE REPRESENTATIVE DISTRICT 78,,DONALD R. DEE MARGO,REP,169,14,129,0,312,183,129
El Paso,058-DOLPHIN TERRACE ELEMENTARY,STATE REPRESENTATIVE DISTRICT 78,,JOE MOODY,DEM,224,10,254,0,488,234,254
El Paso,058-DOLPHIN TERRACE ELEMENTARY,"CHIEF JUSTICE, COURT OF APPEALS 8TH DISTRICT",,ANN CRAWFORD MCCLURE,DEM,248,13,278,0,539,261,278
El Paso,058-DOLPHIN TERRACE ELEMENTARY,"JUSTICE, 8TH COURT OF APPEALS DISTRICT, PLACE 2",,CHRIS ANTCLIFF,REP,157,16,119,0,292,173,119
El Paso,058-DOLPHIN TERRACE ELEMENTARY,"JUSTICE, 8TH COURT OF APPEALS DISTRICT, PLACE 2",,YVONNE RODRIGUEZ,DEM,226,8,247,0,481,234,247
El Paso,058-DOLPHIN TERRACE ELEMENTARY,"JUSTICE, 8TH COURT OF APPEALS DISTRICT, PLACE 3",,GUADALUPE LUPE RIVER,DEM,250,13,280,0,543,263,280
El Paso,058-DOLPHIN TERRACE ELEMENTARY,"DISTRICT JUDGE, 34TH JUDICIAL DISTRICT",,BILL MOODY,DEM,255,13,282,0,550,268,282
El Paso,058-DOLPHIN TERRACE ELEMENTARY,"DISTRICT JUDGE, 41ST JUDICIAL DISTRICT",,ANNA PEREZ,DEM,247,13,280,0,540,260,280
El Paso,058-DOLPHIN TERRACE ELEMENTARY,"DISTRICT JUDGE, 243RD JUDICIAL DISTRICT",,BILLY DON HICKS,REP,161,16,125,0,302,177,125
El Paso,058-DOLPHIN TERRACE ELEMENTARY,"DISTRICT JUDGE, 243RD JUDICIAL DISTRICT",,LUIS AGUILAR,DEM,221,8,243,0,472,229,243
El Paso,058-DOLPHIN TERRACE ELEMENTARY,"DISTRICT JUDGE, 346TH JUDICIAL DISTRICT",,ANGIE J. BARILL,DEM,250,13,275,0,538,263,275
El Paso,058-DOLPHIN TERRACE ELEMENTARY,"DISTRICT JUDGE, 383RD JUDICIAL DISTRICT",,MIKE HERRERA,DEM,252,14,273,0,539,266,273
El Paso,058-DOLPHIN TERRACE ELEMENTARY,"DISTRICT JUDGE, 384TH JUDICIAL DISTRICT",,PATRICK M. GARCIA,DEM,250,13,274,0,537,263,274
El Paso,058-DOLPHIN TERRACE ELEMENTARY,"DISTRICT JUDGE, 388TH JUDICIAL DISTRICT",,LAURA STRATHMANN,DEM,248,12,269,0,529,260,269
El Paso,058-DOLPHIN TERRACE ELEMENTARY,"DISTRICT JUDGE, 409TH JUDICIAL DISTRICT",,SAM MEDRANO JR,DEM,246,14,274,0,534,260,274
El Paso,058-DOLPHIN TERRACE ELEMENTARY,"DISTRICT JUDGE, 448TH JUDICIAL DISTRICT",,SERGIO H. ENRIQUEZ,DEM,249,13,269,0,531,262,269
El Paso,058-DOLPHIN TERRACE ELEMENTARY,"CRIMINAL DISTRICT JUDGE, COURT NO. 1",,DIANE NAVARRETE,DEM,246,13,273,0,532,259,273
El Paso,058-DOLPHIN TERRACE ELEMENTARY,"FAMILY DISTRICT JUDGE, 65TH JUDICIAL DISTRICT",,YAHARA L. GUTIERREZ,DEM,249,13,272,0,534,262,272
El Paso,058-DOLPHIN TERRACE ELEMENTARY,"DISTRICT ATTORNEY, 34TH JUDICIAL DISTRICT",,JAIME ESPARZA,DEM,257,14,271,0,542,271,271
El Paso,058-DOLPHIN TERRACE ELEMENTARY,"JUDGE, COUNTY CRIMINAL COURT NO. 3",,CARLOS CARRASCO,DEM,246,13,272,0,531,259,272
El Paso,058-DOLPHIN TERRACE ELEMENTARY,"JUDGE, COUNTY CRIMINAL COURT NO. 4",,JESUS HERRERA,DEM,247,13,277,0,537,260,277
El Paso,058-DOLPHIN TERRACE ELEMENTARY,COUNTY ATTORNEY,,JO ANNE BERNAL,DEM,249,13,276,0,538,262,276
El Paso,058-DOLPHIN TERRACE ELEMENTARY,SHERIFF,,RICHARD D. WILES,DEM,272,16,287,0,575,288,287
El Paso,058-DOLPHIN TERRACE ELEMENTARY,COUNTY TAX ASSESSOR COLLECTOR,,VICTOR A. FLORES,DEM,255,17,282,0,554,272,282
El Paso,058-DOLPHIN TERRACE ELEMENTARY,"CONSTABLE, PRECINCT NO. 2",,JEREMIAH HAGGERTY,DEM,264,15,282,0,561,279,282
El Paso,059-CROSBY ELEMENTARY,"CITY OF EL PASO, PROPOSITION",,FOR (A FAVOR),NP,321,13,387,0,721,334,387
El Paso,059-CROSBY ELEMENTARY,"CITY OF EL PASO, PROPOSITION",,AGAINST (EN CONTRA),NP,179,7,117,0,303,186,117
El Paso,059-CROSBY ELEMENTARY,"CITY OF EL PASO, PROPOSITION",,FOR (A FAVOR),NP,297,12,355,0,664,309,355
El Paso,059-CROSBY ELEMENTARY,"CITY OF EL PASO, PROPOSITION",,AGAINST (EN CONTRA),NP,180,8,136,0,324,188,136
El Paso,059-CROSBY ELEMENTARY,"CITY OF EL PASO, PROPOSITION",,FOR (A FAVOR),NP,237,12,280,0,529,249,280
El Paso,059-CROSBY ELEMENTARY,"CITY OF EL PASO, PROPOSITION",,AGAINST (EN CONTRA),NP,249,6,217,0,472,255,217
El Paso,059-CROSBY ELEMENTARY,STRAIGHT PARTY,,REPUBLICAN,REP,99,6,70,0,175,105,70
El Paso,059-CROSBY ELEMENTARY,STRAIGHT PARTY,,DEMOCRAT,DEM,217,2,304,0,523,219,304
El Paso,059-CROSBY ELEMENTARY,STRAIGHT PARTY,,LIBERTARIAN,LIB,5,0,2,0,7,5,2
El Paso,059-CROSBY ELEMENTARY,STRAIGHT PARTY,,GREEN,GRN,0,0,1,0,1,0,1
El Paso,059-CROSBY ELEMENTARY,US PRESIDENT,,MITT ROMNEY,REP,187,15,126,0,328,202,126
El Paso,059-CROSBY ELEMENTARY,US PRESIDENT,,BARACK OBAMA,DEM,315,7,417,0,739,322,417
El Paso,059-CROSBY ELEMENTARY,US PRESIDENT,,GARY JOHNSON,LIB,5,0,4,0,9,5,4
El Paso,059-CROSBY ELEMENTARY,US PRESIDENT,,JILL STEIN,GRN,3,0,1,0,4,3,1
El Paso,059-CROSBY ELEMENTARY,US PRESIDENT,,WRITE-IN,NP,1,0,0,0,1,1,0
El Paso,059-CROSBY ELEMENTARY,US SENATOR,,TED CRUZ,REP,190,15,131,0,336,205,131
El Paso,059-CROSBY ELEMENTARY,US SENATOR,,PAUL SADLER,DEM,296,6,366,0,668,302,366
El Paso,059-CROSBY ELEMENTARY,US SENATOR,,JOHN JAY MYERS,LIB,12,1,13,0,26,13,13
El Paso,059-CROSBY ELEMENTARY,US SENATOR,,DAVID B. COLLINS,GRN,4,0,9,0,13,4,9
El Paso,059-CROSBY ELEMENTARY,US REP DISTRICT 16,,BARBARA CARRASCO,REP,170,12,137,0,319,182,137
El Paso,059-CROSBY ELEMENTARY,US REP DISTRICT 16,,BETO OROURKE,DEM,321,11,376,0,708,332,376
El Paso,059-CROSBY ELEMENTARY,US REP DISTRICT 16,,JUNART SODOY,LIB,6,0,13,0,19,6,13
El Paso,059-CROSBY ELEMENTARY,RAILROAD COMMISSIONER,,CHRISTI CRADDICK,REP,157,15,121,0,293,172,121
El Paso,059-CROSBY ELEMENTARY,RAILROAD COMMISSIONER,,DALE HENRY,DEM,294,5,364,0,663,299,364
El Paso,059-CROSBY ELEMENTARY,RAILROAD COMMISSIONER,,VIVEKANANDA (VIK) WA,LIB,15,0,5,0,20,15,5
El Paso,059-CROSBY ELEMENTARY,RAILROAD COMMISSIONER,,CHRIS KENNEDY,GRN,26,1,21,0,48,27,21
El Paso,059-CROSBY ELEMENTARY,RAILROAD COMMISSIONER,,BARRY SMITHERMAN,REP,188,14,151,0,353,202,151
El Paso,059-CROSBY ELEMENTARY,RAILROAD COMMISSIONER,,JAIME O. PEREZ,LIB,137,2,180,0,319,139,180
El Paso,059-CROSBY ELEMENTARY,RAILROAD COMMISSIONER,,JOSH WENDEL,GRN,51,2,41,0,94,53,41
El Paso,059-CROSBY ELEMENTARY,"JUSTICE, SUPREME COURT, PLACE 2",,DON WILLETT,REP,221,15,202,0,438,236,202
El Paso,059-CROSBY ELEMENTARY,"JUSTICE, SUPREME COURT, PLACE 2",,RS ROBERT KOELSCH,LIB,144,3,160,0,307,147,160
El Paso,059-CROSBY ELEMENTARY,"JUSTICE, SUPREME COURT, PLACE 4",,JOHN DEVINE,REP,213,15,179,0,407,228,179
El Paso,059-CROSBY ELEMENTARY,"JUSTICE, SUPREME COURT, PLACE 4",,TOM OXFORD,LIB,102,2,116,0,220,104,116
El Paso,059-CROSBY ELEMENTARY,"JUSTICE, SUPREME COURT, PLACE 4",,CHARLES E. WATERBURY,GRN,57,1,68,0,126,58,68
El Paso,059-CROSBY ELEMENTARY,"JUSTICE, SUPREME COURT, PLACE 6",,NATHAN HECHT,REP,154,12,107,0,273,166,107
El Paso,059-CROSBY ELEMENTARY,"JUSTICE, SUPREME COURT, PLACE 6",,MICHELE PETTY,DEM,319,7,381,0,707,326,381
El Paso,059-CROSBY ELEMENTARY,"JUSTICE, SUPREME COURT, PLACE 6",,MARK ASH,LIB,7,1,9,0,17,8,9
El Paso,059-CROSBY ELEMENTARY,"JUSTICE, SUPREME COURT, PLACE 6",,JIM CHISHOLM,GRN,11,0,12,0,23,11,12
El Paso,059-CROSBY ELEMENTARY,"PRESIDING JUDGE, COURT OF CRIMINAL APPEALS",,SHARON KELLER,REP,173,14,120,0,307,187,120
El Paso,059-CROSBY ELEMENTARY,"PRESIDING JUDGE, COURT OF CRIMINAL APPEALS",,KEITH HAMPTON,DEM,302,5,370,0,677,307,370
El Paso,059-CROSBY ELEMENTARY,"PRESIDING JUDGE, COURT OF CRIMINAL APPEALS",,LANCE STOTT,LIB,13,1,15,0,29,14,15
El Paso,059-CROSBY ELEMENTARY,"JUDGE, COURT OF CRIMINAL APPEALS, PLACE 7",,BARBARA PARKER HERVE,REP,234,15,212,0,461,249,212
El Paso,059-CROSBY ELEMENTARY,"JUDGE, COURT OF CRIMINAL APPEALS, PLACE 7",,MARK W. BENNETT,LIB,134,3,150,0,287,137,150
El Paso,059-CROSBY ELEMENTARY,"JUDGE, COURT OF CRIMINAL APPEALS, PLACE 8",,ELSA ALCALA,REP,235,17,201,0,453,252,201
El Paso,059-CROSBY ELEMENTARY,"JUDGE, COURT OF CRIMINAL APPEALS, PLACE 8",,WILLIAM BRYAN STRANG,LIB,131,1,157,0,289,132,157
El Paso,059-CROSBY ELEMENTARY,MEMBER STATE BOARD OF EDUCATION DISTRICT 1,,CARLOS CHARLIE GARZA,REP,163,13,116,0,292,176,116
El Paso,059-CROSBY ELEMENTARY,MEMBER STATE BOARD OF EDUCATION DISTRICT 1,,MARTHA M. DOMINGUEZ,DEM,323,7,390,0,720,330,390
El Paso,059-CROSBY ELEMENTARY,STATE SENATOR DISTRICT 29,,DAN CHAVEZ,REP,162,14,112,0,288,176,112
El Paso,059-CROSBY ELEMENTARY,STATE SENATOR DISTRICT 29,,JOSE R. RODRIGUEZ,DEM,328,6,402,0,736,334,402
El Paso,059-CROSBY ELEMENTARY,STATE REPRESENTATIVE DISTRICT 77,,MARISA MARQUEZ,DEM,356,11,417,0,784,367,417
El Paso,059-CROSBY ELEMENTARY,"CHIEF JUSTICE, COURT OF APPEALS 8TH DISTRICT",,ANN CRAWFORD MCCLURE,DEM,350,10,410,0,770,360,410
El Paso,059-CROSBY ELEMENTARY,"JUSTICE, 8TH COURT OF APPEALS DISTRICT, PLACE 2",,CHRIS ANTCLIFF,REP,170,12,118,0,300,182,118
El Paso,059-CROSBY ELEMENTARY,"JUSTICE, 8TH COURT OF APPEALS DISTRICT, PLACE 2",,YVONNE RODRIGUEZ,DEM,312,8,392,0,712,320,392
El Paso,059-CROSBY ELEMENTARY,"JUSTICE, 8TH COURT OF APPEALS DISTRICT, PLACE 3",,GUADALUPE LUPE RIVER,DEM,343,10,413,0,766,353,413
El Paso,059-CROSBY ELEMENTARY,"DISTRICT JUDGE, 34TH JUDICIAL DISTRICT",,BILL MOODY,DEM,363,9,411,0,783,372,411
El Paso,059-CROSBY ELEMENTARY,"DISTRICT JUDGE, 41ST JUDICIAL DISTRICT",,ANNA PEREZ,DEM,346,9,404,0,759,355,404
El Paso,059-CROSBY ELEMENTARY,"DISTRICT JUDGE, 243RD JUDICIAL DISTRICT",,BILLY DON HICKS,REP,183,13,120,0,316,196,120
El Paso,059-CROSBY ELEMENTARY,"DISTRICT JUDGE, 243RD JUDICIAL DISTRICT",,LUIS AGUILAR,DEM,291,7,386,0,684,298,386
El Paso,059-CROSBY ELEMENTARY,"DISTRICT JUDGE, 346TH JUDICIAL DISTRICT",,ANGIE J. BARILL,DEM,341,8,409,0,758,349,409
El Paso,059-CROSBY ELEMENTARY,"DISTRICT JUDGE, 383RD JUDICIAL DISTRICT",,MIKE HERRERA,DEM,347,8,405,0,760,355,405
El Paso,059-CROSBY ELEMENTARY,"DISTRICT JUDGE, 384TH JUDICIAL DISTRICT",,PATRICK M. GARCIA,DEM,342,8,409,0,759,350,409
El Paso,059-CROSBY ELEMENTARY,"DISTRICT JUDGE, 388TH JUDICIAL DISTRICT",,LAURA STRATHMANN,DEM,353,8,404,0,765,361,404
El Paso,059-CROSBY ELEMENTARY,"DISTRICT JUDGE, 409TH JUDICIAL DISTRICT",,SAM MEDRANO JR,DEM,347,8,403,0,758,355,403
El Paso,059-CROSBY ELEMENTARY,"DISTRICT JUDGE, 448TH JUDICIAL DISTRICT",,SERGIO H. ENRIQUEZ,DEM,347,8,407,0,762,355,407
El Paso,059-CROSBY ELEMENTARY,"CRIMINAL DISTRICT JUDGE, COURT NO. 1",,DIANE NAVARRETE,DEM,347,8,402,0,757,355,402
El Paso,059-CROSBY ELEMENTARY,"FAMILY DISTRICT JUDGE, 65TH JUDICIAL DISTRICT",,YAHARA L. GUTIERREZ,DEM,346,8,405,0,759,354,405
El Paso,059-CROSBY ELEMENTARY,"DISTRICT ATTORNEY, 34TH JUDICIAL DISTRICT",,JAIME ESPARZA,DEM,351,10,404,0,765,361,404
El Paso,059-CROSBY ELEMENTARY,"JUDGE, COUNTY CRIMINAL COURT NO. 3",,CARLOS CARRASCO,DEM,349,8,411,0,768,357,411
El Paso,059-CROSBY ELEMENTARY,"JUDGE, COUNTY CRIMINAL COURT NO. 4",,JESUS HERRERA,DEM,352,9,407,0,768,361,407
El Paso,059-CROSBY ELEMENTARY,COUNTY ATTORNEY,,JO ANNE BERNAL,DEM,353,8,413,0,774,361,413
El Paso,059-CROSBY ELEMENTARY,SHERIFF,,RICHARD D. WILES,DEM,374,13,419,0,806,387,419
El Paso,059-CROSBY ELEMENTARY,COUNTY TAX ASSESSOR COLLECTOR,,VICTOR A. FLORES,DEM,363,12,415,0,790,375,415
El Paso,059-CROSBY ELEMENTARY,"CONSTABLE, PRECINCT NO. 2",,JEREMIAH HAGGERTY,DEM,363,11,409,0,783,374,409
El Paso,060-FIRE STATION 16,"CITY OF EL PASO, PROPOSITION",,FOR (A FAVOR),NP,478,44,317,0,839,522,317
El Paso,060-FIRE STATION 16,"CITY OF EL PASO, PROPOSITION",,AGAINST (EN CONTRA),NP,279,21,137,0,437,300,137
El Paso,060-FIRE STATION 16,"CITY OF EL PASO, PROPOSITION",,FOR (A FAVOR),NP,444,40,294,0,778,484,294
El Paso,060-FIRE STATION 16,"CITY OF EL PASO, PROPOSITION",,AGAINST (EN CONTRA),NP,305,24,153,0,482,329,153
El Paso,060-FIRE STATION 16,"CITY OF EL PASO, PROPOSITION",,FOR (A FAVOR),NP,397,32,268,0,697,429,268
El Paso,060-FIRE STATION 16,"CITY OF EL PASO, PROPOSITION",,AGAINST (EN CONTRA),NP,349,29,183,0,561,378,183
El Paso,060-FIRE STATION 16,STRAIGHT PARTY,,REPUBLICAN,REP,214,20,114,0,348,234,114
El Paso,060-FIRE STATION 16,STRAIGHT PARTY,,DEMOCRAT,DEM,158,20,113,0,291,178,113
El Paso,060-FIRE STATION 16,STRAIGHT PARTY,,LIBERTARIAN,LIB,3,2,1,0,6,5,1
El Paso,060-FIRE STATION 16,STRAIGHT PARTY,,GREEN,GRN,0,0,1,0,1,0,1
El Paso,060-FIRE STATION 16,US PRESIDENT,,MITT ROMNEY,REP,457,41,238,0,736,498,238
El Paso,060-FIRE STATION 16,US PRESIDENT,,BARACK OBAMA,DEM,296,36,200,0,532,332,200
El Paso,060-FIRE STATION 16,US PRESIDENT,,GARY JOHNSON,LIB,13,3,11,0,27,16,11
El Paso,060-FIRE STATION 16,US PRESIDENT,,JILL STEIN,GRN,3,0,3,0,6,3,3
El Paso,060-FIRE STATION 16,US PRESIDENT,,WRITE-IN,NP,3,0,1,0,4,3,1
El Paso,060-FIRE STATION 16,US SENATOR,,TED CRUZ,REP,454,35,243,0,732,489,243
El Paso,060-FIRE STATION 16,US SENATOR,,PAUL SADLER,DEM,269,28,166,0,463,297,166
El Paso,060-FIRE STATION 16,US SENATOR,,JOHN JAY MYERS,LIB,12,8,19,0,39,20,19
El Paso,060-FIRE STATION 16,US SENATOR,,DAVID B. COLLINS,GRN,8,1,7,0,16,9,7
El Paso,060-FIRE STATION 16,US REP DISTRICT 16,,BARBARA CARRASCO,REP,387,30,209,0,626,417,209
El Paso,060-FIRE STATION 16,US REP DISTRICT 16,,BETO OROURKE,DEM,359,38,225,0,622,397,225
El Paso,060-FIRE STATION 16,US REP DISTRICT 16,,JUNART SODOY,LIB,12,4,11,0,27,16,11
El Paso,060-FIRE STATION 16,RAILROAD COMMISSIONER,,CHRISTI CRADDICK,REP,409,35,212,0,656,444,212
El Paso,060-FIRE STATION 16,RAILROAD COMMISSIONER,,DALE HENRY,DEM,265,25,170,0,460,290,170
El Paso,060-FIRE STATION 16,RAILROAD COMMISSIONER,,VIVEKANANDA (VIK) WA,LIB,19,6,12,0,37,25,12
El Paso,060-FIRE STATION 16,RAILROAD COMMISSIONER,,CHRIS KENNEDY,GRN,25,2,20,0,47,27,20
El Paso,060-FIRE STATION 16,RAILROAD COMMISSIONER,,BARRY SMITHERMAN,REP,424,35,225,0,684,459,225
El Paso,060-FIRE STATION 16,RAILROAD COMMISSIONER,,JAIME O. PEREZ,LIB,155,10,105,0,270,165,105
El Paso,060-FIRE STATION 16,RAILROAD COMMISSIONER,,JOSH WENDEL,GRN,65,9,39,0,113,74,39
El Paso,060-FIRE STATION 16,"JUSTICE, SUPREME COURT, PLACE 2",,DON WILLETT,REP,470,41,267,0,778,511,267
El Paso,060-FIRE STATION 16,"JUSTICE, SUPREME COURT, PLACE 2",,RS ROBERT KOELSCH,LIB,172,16,96,0,284,188,96
El Paso,060-FIRE STATION 16,"JUSTICE, SUPREME COURT, PLACE 4",,JOHN DEVINE,REP,447,40,242,0,729,487,242
El Paso,060-FIRE STATION 16,"JUSTICE, SUPREME COURT, PLACE 4",,TOM OXFORD,LIB,135,12,84,0,231,147,84
El Paso,060-FIRE STATION 16,"JUSTICE, SUPREME COURT, PLACE 4",,CHARLES E. WATERBURY,GRN,63,5,37,0,105,68,37
El Paso,060-FIRE STATION 16,"JUSTICE, SUPREME COURT, PLACE 6",,NATHAN HECHT,REP,399,35,191,0,625,434,191
El Paso,060-FIRE STATION 16,"JUSTICE, SUPREME COURT, PLACE 6",,MICHELE PETTY,DEM,276,26,190,0,492,302,190
El Paso,060-FIRE STATION 16,"JUSTICE, SUPREME COURT, PLACE 6",,MARK ASH,LIB,30,7,16,0,53,37,16
El Paso,060-FIRE STATION 16,"JUSTICE, SUPREME COURT, PLACE 6",,JIM CHISHOLM,GRN,18,1,15,0,34,19,15
El Paso,060-FIRE STATION 16,"PRESIDING JUDGE, COURT OF CRIMINAL APPEALS",,SHARON KELLER,REP,415,36,209,0,660,451,209
El Paso,060-FIRE STATION 16,"PRESIDING JUDGE, COURT OF CRIMINAL APPEALS",,KEITH HAMPTON,DEM,276,25,182,0,483,301,182
El Paso,060-FIRE STATION 16,"PRESIDING JUDGE, COURT OF CRIMINAL APPEALS",,LANCE STOTT,LIB,30,8,24,0,62,38,24
El Paso,060-FIRE STATION 16,"JUDGE, COURT OF CRIMINAL APPEALS, PLACE 7",,BARBARA PARKER HERVE,REP,462,39,261,0,762,501,261
El Paso,060-FIRE STATION 16,"JUDGE, COURT OF CRIMINAL APPEALS, PLACE 7",,MARK W. BENNETT,LIB,172,17,105,0,294,189,105
El Paso,060-FIRE STATION 16,"JUDGE, COURT OF CRIMINAL APPEALS, PLACE 8",,ELSA ALCALA,REP,452,38,258,0,748,490,258
El Paso,060-FIRE STATION 16,"JUDGE, COURT OF CRIMINAL APPEALS, PLACE 8",,WILLIAM BRYAN STRANG,LIB,174,17,103,0,294,191,103
El Paso,060-FIRE STATION 16,MEMBER STATE BOARD OF EDUCATION DISTRICT 1,,CARLOS CHARLIE GARZA,REP,420,40,209,0,669,460,209
El Paso,060-FIRE STATION 16,MEMBER STATE BOARD OF EDUCATION DISTRICT 1,,MARTHA M. DOMINGUEZ,DEM,301,27,193,0,521,328,193
El Paso,060-FIRE STATION 16,STATE SENATOR DISTRICT 29,,DAN CHAVEZ,REP,404,41,202,0,647,445,202
El Paso,060-FIRE STATION 16,STATE SENATOR DISTRICT 29,,JOSE R. RODRIGUEZ,DEM,329,26,215,0,570,355,215
El Paso,060-FIRE STATION 16,STATE REPRESENTATIVE DISTRICT 78,,DONALD R. DEE MARGO,REP,452,39,237,0,728,491,237
El Paso,060-FIRE STATION 16,STATE REPRESENTATIVE DISTRICT 78,,JOE MOODY,DEM,306,29,208,0,543,335,208
El Paso,060-FIRE STATION 16,"CHIEF JUSTICE, COURT OF APPEALS 8TH DISTRICT",,ANN CRAWFORD MCCLURE,DEM,373,34,261,0,668,407,261
El Paso,060-FIRE STATION 16,"JUSTICE, 8TH COURT OF APPEALS DISTRICT, PLACE 2",,CHRIS ANTCLIFF,REP,443,39,226,0,708,482,226
El Paso,060-FIRE STATION 16,"JUSTICE, 8TH COURT OF APPEALS DISTRICT, PLACE 2",,YVONNE RODRIGUEZ,DEM,270,27,192,0,489,297,192
El Paso,060-FIRE STATION 16,"JUSTICE, 8TH COURT OF APPEALS DISTRICT, PLACE 3",,GUADALUPE LUPE RIVER,DEM,385,34,271,0,690,419,271
El Paso,060-FIRE STATION 16,"DISTRICT JUDGE, 34TH JUDICIAL DISTRICT",,BILL MOODY,DEM,392,35,271,0,698,427,271
El Paso,060-FIRE STATION 16,"DISTRICT JUDGE, 41ST JUDICIAL DISTRICT",,ANNA PEREZ,DEM,368,33,257,0,658,401,257
El Paso,060-FIRE STATION 16,"DISTRICT JUDGE, 243RD JUDICIAL DISTRICT",,BILLY DON HICKS,REP,462,41,234,0,737,503,234
El Paso,060-FIRE STATION 16,"DISTRICT JUDGE, 243RD JUDICIAL DISTRICT",,LUIS AGUILAR,DEM,264,25,182,0,471,289,182
El Paso,060-FIRE STATION 16,"DISTRICT JUDGE, 346TH JUDICIAL DISTRICT",,ANGIE J. BARILL,DEM,366,34,257,0,657,400,257
El Paso,060-FIRE STATION 16,"DISTRICT JUDGE, 383RD JUDICIAL DISTRICT",,MIKE HERRERA,DEM,363,32,255,0,650,395,255
El Paso,060-FIRE STATION 16,"DISTRICT JUDGE, 384TH JUDICIAL DISTRICT",,PATRICK M. GARCIA,DEM,361,32,251,0,644,393,251
El Paso,060-FIRE STATION 16,"DISTRICT JUDGE, 388TH JUDICIAL DISTRICT",,LAURA STRATHMANN,DEM,374,33,257,0,664,407,257
El Paso,060-FIRE STATION 16,"DISTRICT JUDGE, 409TH JUDICIAL DISTRICT",,SAM MEDRANO JR,DEM,366,33,255,0,654,399,255
El Paso,060-FIRE STATION 16,"DISTRICT JUDGE, 448TH JUDICIAL DISTRICT",,SERGIO H. ENRIQUEZ,DEM,360,32,249,0,641,392,249
El Paso,060-FIRE STATION 16,"CRIMINAL DISTRICT JUDGE, COURT NO. 1",,DIANE NAVARRETE,DEM,367,33,257,0,657,400,257
El Paso,060-FIRE STATION 16,"FAMILY DISTRICT JUDGE, 65TH JUDICIAL DISTRICT",,YAHARA L. GUTIERREZ,DEM,363,32,252,0,647,395,252
El Paso,060-FIRE STATION 16,"DISTRICT ATTORNEY, 34TH JUDICIAL DISTRICT",,JAIME ESPARZA,DEM,388,33,247,0,668,421,247
El Paso,060-FIRE STATION 16,"JUDGE, COUNTY CRIMINAL COURT NO. 3",,CARLOS CARRASCO,DEM,362,32,248,0,642,394,248
El Paso,060-FIRE STATION 16,"JUDGE, COUNTY CRIMINAL COURT NO. 4",,JESUS HERRERA,DEM,356,32,253,0,641,388,253
El Paso,060-FIRE STATION 16,COUNTY ATTORNEY,,JO ANNE BERNAL,DEM,370,32,249,0,651,402,249
El Paso,060-FIRE STATION 16,SHERIFF,,RICHARD D. WILES,DEM,412,37,272,0,721,449,272
El Paso,060-FIRE STATION 16,COUNTY TAX ASSESSOR COLLECTOR,,VICTOR A. FLORES,DEM,389,38,262,0,689,427,262
El Paso,060-FIRE STATION 16,"CONSTABLE, PRECINCT NO. 7",,KING MERRITT,REP,394,37,191,0,622,431,191
El Paso,060-FIRE STATION 16,"CONSTABLE, PRECINCT NO. 7",,ANGIE SOMMERS,DEM,323,28,215,0,566,351,215
El Paso,061-PARK ELEMENTARY,"CITY OF EL PASO, PROPOSITION",,FOR (A FAVOR),NP,259,20,210,0,489,279,210
El Paso,061-PARK ELEMENTARY,"CITY OF EL PASO, PROPOSITION",,AGAINST (EN CONTRA),NP,149,10,80,0,239,159,80
El Paso,061-PARK ELEMENTARY,"CITY OF EL PASO, PROPOSITION",,FOR (A FAVOR),NP,239,15,196,0,450,254,196
El Paso,061-PARK ELEMENTARY,"CITY OF EL PASO, PROPOSITION",,AGAINST (EN CONTRA),NP,168,15,92,0,275,183,92
El Paso,061-PARK ELEMENTARY,"CITY OF EL PASO, PROPOSITION",,FOR (A FAVOR),NP,199,14,182,0,395,213,182
El Paso,061-PARK ELEMENTARY,"CITY OF EL PASO, PROPOSITION",,AGAINST (EN CONTRA),NP,197,15,110,0,322,212,110
El Paso,061-PARK ELEMENTARY,STRAIGHT PARTY,,REPUBLICAN,REP,91,16,59,0,166,107,59
El Paso,061-PARK ELEMENTARY,STRAIGHT PARTY,,DEMOCRAT,DEM,129,5,89,0,223,134,89
El Paso,061-PARK ELEMENTARY,STRAIGHT PARTY,,LIBERTARIAN,LIB,4,0,1,0,5,4,1
El Paso,061-PARK ELEMENTARY,STRAIGHT PARTY,,GREEN,GRN,1,0,3,0,4,1,3
El Paso,061-PARK ELEMENTARY,US PRESIDENT,,MITT ROMNEY,REP,179,22,135,0,336,201,135
El Paso,061-PARK ELEMENTARY,US PRESIDENT,,BARACK OBAMA,DEM,226,10,156,0,392,236,156
El Paso,061-PARK ELEMENTARY,US PRESIDENT,,GARY JOHNSON,LIB,5,0,5,0,10,5,5
El Paso,061-PARK ELEMENTARY,US PRESIDENT,,JILL STEIN,GRN,3,0,3,0,6,3,3
El Paso,061-PARK ELEMENTARY,US PRESIDENT,,WRITE-IN,NP,3,0,0,0,3,3,0
El Paso,061-PARK ELEMENTARY,US SENATOR,,TED CRUZ,REP,183,20,138,0,341,203,138
El Paso,061-PARK ELEMENTARY,US SENATOR,,PAUL SADLER,DEM,203,8,136,0,347,211,136
El Paso,061-PARK ELEMENTARY,US SENATOR,,JOHN JAY MYERS,LIB,8,1,8,0,17,9,8
El Paso,061-PARK ELEMENTARY,US SENATOR,,DAVID B. COLLINS,GRN,6,0,5,0,11,6,5
El Paso,061-PARK ELEMENTARY,US REP DISTRICT 16,,BARBARA CARRASCO,REP,170,21,127,0,318,191,127
El Paso,061-PARK ELEMENTARY,US REP DISTRICT 16,,BETO OROURKE,DEM,233,8,161,0,402,241,161
El Paso,061-PARK ELEMENTARY,US REP DISTRICT 16,,JUNART SODOY,LIB,10,2,5,0,17,12,5
El Paso,061-PARK ELEMENTARY,RAILROAD COMMISSIONER,,CHRISTI CRADDICK,REP,161,21,121,0,303,182,121
El Paso,061-PARK ELEMENTARY,RAILROAD COMMISSIONER,,DALE HENRY,DEM,200,6,137,0,343,206,137
El Paso,061-PARK ELEMENTARY,RAILROAD COMMISSIONER,,VIVEKANANDA (VIK) WA,LIB,12,0,8,0,20,12,8
El Paso,061-PARK ELEMENTARY,RAILROAD COMMISSIONER,,CHRIS KENNEDY,GRN,20,1,10,0,31,21,10
El Paso,061-PARK ELEMENTARY,RAILROAD COMMISSIONER,,BARRY SMITHERMAN,REP,176,20,131,0,327,196,131
El Paso,061-PARK ELEMENTARY,RAILROAD COMMISSIONER,,JAIME O. PEREZ,LIB,117,3,81,0,201,120,81
El Paso,061-PARK ELEMENTARY,RAILROAD COMMISSIONER,,JOSH WENDEL,GRN,42,3,22,0,67,45,22
El Paso,061-PARK ELEMENTARY,"JUSTICE, SUPREME COURT, PLACE 2",,DON WILLETT,REP,204,21,164,0,389,225,164
El Paso,061-PARK ELEMENTARY,"JUSTICE, SUPREME COURT, PLACE 2",,RS ROBERT KOELSCH,LIB,120,5,63,0,188,125,63
El Paso,061-PARK ELEMENTARY,"JUSTICE, SUPREME COURT, PLACE 4",,JOHN DEVINE,REP,190,21,149,0,360,211,149
El Paso,061-PARK ELEMENTARY,"JUSTICE, SUPREME COURT, PLACE 4",,TOM OXFORD,LIB,92,2,62,0,156,94,62
El Paso,061-PARK ELEMENTARY,"JUSTICE, SUPREME COURT, PLACE 4",,CHARLES E. WATERBURY,GRN,46,2,20,0,68,48,20
El Paso,061-PARK ELEMENTARY,"JUSTICE, SUPREME COURT, PLACE 6",,NATHAN HECHT,REP,154,16,107,0,277,170,107
El Paso,061-PARK ELEMENTARY,"JUSTICE, SUPREME COURT, PLACE 6",,MICHELE PETTY,DEM,206,10,144,0,360,216,144
El Paso,061-PARK ELEMENTARY,"JUSTICE, SUPREME COURT, PLACE 6",,MARK ASH,LIB,18,0,14,0,32,18,14
El Paso,061-PARK ELEMENTARY,"JUSTICE, SUPREME COURT, PLACE 6",,JIM CHISHOLM,GRN,8,3,5,0,16,11,5
El Paso,061-PARK ELEMENTARY,"PRESIDING JUDGE, COURT OF CRIMINAL APPEALS",,SHARON KELLER,REP,165,19,128,0,312,184,128
El Paso,061-PARK ELEMENTARY,"PRESIDING JUDGE, COURT OF CRIMINAL APPEALS",,KEITH HAMPTON,DEM,205,9,134,0,348,214,134
El Paso,061-PARK ELEMENTARY,"PRESIDING JUDGE, COURT OF CRIMINAL APPEALS",,LANCE STOTT,LIB,13,0,10,0,23,13,10
El Paso,061-PARK ELEMENTARY,"JUDGE, COURT OF CRIMINAL APPEALS, PLACE 7",,BARBARA PARKER HERVE,REP,202,21,155,0,378,223,155
El Paso,061-PARK ELEMENTARY,"JUDGE, COURT OF CRIMINAL APPEALS, PLACE 7",,MARK W. BENNETT,LIB,115,5,84,0,204,120,84
El Paso,061-PARK ELEMENTARY,"JUDGE, COURT OF CRIMINAL APPEALS, PLACE 8",,ELSA ALCALA,REP,204,20,164,0,388,224,164
El Paso,061-PARK ELEMENTARY,"JUDGE, COURT OF CRIMINAL APPEALS, PLACE 8",,WILLIAM BRYAN STRANG,LIB,112,6,69,0,187,118,69
El Paso,061-PARK ELEMENTARY,MEMBER STATE BOARD OF EDUCATION DISTRICT 1,,CARLOS CHARLIE GARZA,REP,176,20,125,0,321,196,125
El Paso,061-PARK ELEMENTARY,MEMBER STATE BOARD OF EDUCATION DISTRICT 1,,MARTHA M. DOMINGUEZ,DEM,210,9,147,0,366,219,147
El Paso,061-PARK ELEMENTARY,STATE SENATOR DISTRICT 29,,DAN CHAVEZ,REP,164,21,124,0,309,185,124
El Paso,061-PARK ELEMENTARY,STATE SENATOR DISTRICT 29,,JOSE R. RODRIGUEZ,DEM,235,7,159,0,401,242,159
El Paso,061-PARK ELEMENTARY,STATE REPRESENTATIVE DISTRICT 77,,MARISA MARQUEZ,DEM,260,11,185,0,456,271,185
El Paso,061-PARK ELEMENTARY,"CHIEF JUSTICE, COURT OF APPEALS 8TH DISTRICT",,ANN CRAWFORD MCCLURE,DEM,254,12,178,0,444,266,178
El Paso,061-PARK ELEMENTARY,"JUSTICE, 8TH COURT OF APPEALS DISTRICT, PLACE 2",,CHRIS ANTCLIFF,REP,179,20,128,0,327,199,128
El Paso,061-PARK ELEMENTARY,"JUSTICE, 8TH COURT OF APPEALS DISTRICT, PLACE 2",,YVONNE RODRIGUEZ,DEM,210,9,148,0,367,219,148
El Paso,061-PARK ELEMENTARY,"JUSTICE, 8TH COURT OF APPEALS DISTRICT, PLACE 3",,GUADALUPE LUPE RIVER,DEM,254,11,183,0,448,265,183
El Paso,061-PARK ELEMENTARY,"DISTRICT JUDGE, 34TH JUDICIAL DISTRICT",,BILL MOODY,DEM,266,11,183,0,460,277,183
El Paso,061-PARK ELEMENTARY,"DISTRICT JUDGE, 41ST JUDICIAL DISTRICT",,ANNA PEREZ,DEM,248,9,178,0,435,257,178
El Paso,061-PARK ELEMENTARY,"DISTRICT JUDGE, 243RD JUDICIAL DISTRICT",,BILLY DON HICKS,REP,183,21,131,0,335,204,131
El Paso,061-PARK ELEMENTARY,"DISTRICT JUDGE, 243RD JUDICIAL DISTRICT",,LUIS AGUILAR,DEM,204,7,145,0,356,211,145
El Paso,061-PARK ELEMENTARY,"DISTRICT JUDGE, 346TH JUDICIAL DISTRICT",,ANGIE J. BARILL,DEM,253,11,181,0,445,264,181
El Paso,061-PARK ELEMENTARY,"DISTRICT JUDGE, 383RD JUDICIAL DISTRICT",,MIKE HERRERA,DEM,251,11,179,0,441,262,179
El Paso,061-PARK ELEMENTARY,"DISTRICT JUDGE, 384TH JUDICIAL DISTRICT",,PATRICK M. GARCIA,DEM,243,11,176,0,430,254,176
El Paso,061-PARK ELEMENTARY,"DISTRICT JUDGE, 388TH JUDICIAL DISTRICT",,LAURA STRATHMANN,DEM,253,11,183,0,447,264,183
El Paso,061-PARK ELEMENTARY,"DISTRICT JUDGE, 409TH JUDICIAL DISTRICT",,SAM MEDRANO JR,DEM,249,11,181,0,441,260,181
El Paso,061-PARK ELEMENTARY,"DISTRICT JUDGE, 448TH JUDICIAL DISTRICT",,SERGIO H. ENRIQUEZ,DEM,251,11,179,0,441,262,179
El Paso,061-PARK ELEMENTARY,"CRIMINAL DISTRICT JUDGE, COURT NO. 1",,DIANE NAVARRETE,DEM,249,11,181,0,441,260,181
El Paso,061-PARK ELEMENTARY,"FAMILY DISTRICT JUDGE, 65TH JUDICIAL DISTRICT",,YAHARA L. GUTIERREZ,DEM,250,11,181,0,442,261,181
El Paso,061-PARK ELEMENTARY,"DISTRICT ATTORNEY, 34TH JUDICIAL DISTRICT",,JAIME ESPARZA,DEM,263,12,188,0,463,275,188
El Paso,061-PARK ELEMENTARY,"JUDGE, COUNTY CRIMINAL COURT NO. 3",,CARLOS CARRASCO,DEM,253,11,179,0,443,264,179
El Paso,061-PARK ELEMENTARY,"JUDGE, COUNTY CRIMINAL COURT NO. 4",,JESUS HERRERA,DEM,253,11,175,0,439,264,175
El Paso,061-PARK ELEMENTARY,COUNTY ATTORNEY,,JO ANNE BERNAL,DEM,258,13,181,0,452,271,181
El Paso,061-PARK ELEMENTARY,SHERIFF,,RICHARD D. WILES,DEM,280,13,198,0,491,293,198
El Paso,061-PARK ELEMENTARY,COUNTY TAX ASSESSOR COLLECTOR,,VICTOR A. FLORES,DEM,264,15,188,0,467,279,188
El Paso,061-PARK ELEMENTARY,"CONSTABLE, PRECINCT NO. 2",,JEREMIAH HAGGERTY,DEM,266,13,191,0,470,279,191
El Paso,062-NOLAN RICHARDSON REC CTR,"CITY OF EL PASO, PROPOSITION",,FOR (A FAVOR),NP,160,5,184,0,349,165,184
El Paso,062-NOLAN RICHARDSON REC CTR,"CITY OF EL PASO, PROPOSITION",,AGAINST (EN CONTRA),NP,81,2,52,0,135,83,52
El Paso,062-NOLAN RICHARDSON REC CTR,"CITY OF EL PASO, PROPOSITION",,FOR (A FAVOR),NP,151,5,178,0,334,156,178
El Paso,062-NOLAN RICHARDSON REC CTR,"CITY OF EL PASO, PROPOSITION",,AGAINST (EN CONTRA),NP,77,2,57,0,136,79,57
El Paso,062-NOLAN RICHARDSON REC CTR,"CITY OF EL PASO, PROPOSITION",,FOR (A FAVOR),NP,127,4,125,0,256,131,125
El Paso,062-NOLAN RICHARDSON REC CTR,"CITY OF EL PASO, PROPOSITION",,AGAINST (EN CONTRA),NP,112,4,107,0,223,116,107
El Paso,062-NOLAN RICHARDSON REC CTR,STRAIGHT PARTY,,REPUBLICAN,REP,49,3,35,0,87,52,35
El Paso,062-NOLAN RICHARDSON REC CTR,STRAIGHT PARTY,,DEMOCRAT,DEM,118,2,158,0,278,120,158
El Paso,062-NOLAN RICHARDSON REC CTR,STRAIGHT PARTY,,LIBERTARIAN,LIB,2,0,0,0,2,2,0
El Paso,062-NOLAN RICHARDSON REC CTR,STRAIGHT PARTY,,GREEN,GRN,1,0,1,0,2,1,1
El Paso,062-NOLAN RICHARDSON REC CTR,US PRESIDENT,,MITT ROMNEY,REP,74,5,58,0,137,79,58
El Paso,062-NOLAN RICHARDSON REC CTR,US PRESIDENT,,BARACK OBAMA,DEM,177,4,190,0,371,181,190
El Paso,062-NOLAN RICHARDSON REC CTR,US PRESIDENT,,GARY JOHNSON,LIB,2,0,2,0,4,2,2
El Paso,062-NOLAN RICHARDSON REC CTR,US PRESIDENT,,JILL STEIN,GRN,2,0,1,0,3,2,1
El Paso,062-NOLAN RICHARDSON REC CTR,US PRESIDENT,,WRITE-IN,NP,0,0,0,0,0,0,0
El Paso,062-NOLAN RICHARDSON REC CTR,US SENATOR,,TED CRUZ,REP,75,3,60,0,138,78,60
El Paso,062-NOLAN RICHARDSON REC CTR,US SENATOR,,PAUL SADLER,DEM,156,6,173,0,335,162,173
El Paso,062-NOLAN RICHARDSON REC CTR,US SENATOR,,JOHN JAY MYERS,LIB,8,0,5,0,13,8,5
El Paso,062-NOLAN RICHARDSON REC CTR,US SENATOR,,DAVID B. COLLINS,GRN,6,0,4,0,10,6,4
El Paso,062-NOLAN RICHARDSON REC CTR,US REP DISTRICT 16,,BARBARA CARRASCO,REP,69,5,55,0,129,74,55
El Paso,062-NOLAN RICHARDSON REC CTR,US REP DISTRICT 16,,BETO OROURKE,DEM,168,4,181,0,353,172,181
El Paso,062-NOLAN RICHARDSON REC CTR,US REP DISTRICT 16,,JUNART SODOY,LIB,7,0,8,0,15,7,8
El Paso,062-NOLAN RICHARDSON REC CTR,RAILROAD COMMISSIONER,,CHRISTI CRADDICK,REP,71,3,49,0,123,74,49
El Paso,062-NOLAN RICHARDSON REC CTR,RAILROAD COMMISSIONER,,DALE HENRY,DEM,153,5,182,0,340,158,182
El Paso,062-NOLAN RICHARDSON REC CTR,RAILROAD COMMISSIONER,,VIVEKANANDA (VIK) WA,LIB,7,0,1,0,8,7,1
El Paso,062-NOLAN RICHARDSON REC CTR,RAILROAD COMMISSIONER,,CHRIS KENNEDY,GRN,10,0,9,0,19,10,9
El Paso,062-NOLAN RICHARDSON REC CTR,RAILROAD COMMISSIONER,,BARRY SMITHERMAN,REP,92,5,68,0,165,97,68
El Paso,062-NOLAN RICHARDSON REC CTR,RAILROAD COMMISSIONER,,JAIME O. PEREZ,LIB,71,3,94,0,168,74,94
El Paso,062-NOLAN RICHARDSON REC CTR,RAILROAD COMMISSIONER,,JOSH WENDEL,GRN,22,0,20,0,42,22,20
El Paso,062-NOLAN RICHARDSON REC CTR,"JUSTICE, SUPREME COURT, PLACE 2",,DON WILLETT,REP,105,5,92,0,202,110,92
El Paso,062-NOLAN RICHARDSON REC CTR,"JUSTICE, SUPREME COURT, PLACE 2",,RS ROBERT KOELSCH,LIB,71,3,90,0,164,74,90
El Paso,062-NOLAN RICHARDSON REC CTR,"JUSTICE, SUPREME COURT, PLACE 4",,JOHN DEVINE,REP,96,5,86,0,187,101,86
El Paso,062-NOLAN RICHARDSON REC CTR,"JUSTICE, SUPREME COURT, PLACE 4",,TOM OXFORD,LIB,52,2,62,0,116,54,62
El Paso,062-NOLAN RICHARDSON REC CTR,"JUSTICE, SUPREME COURT, PLACE 4",,CHARLES E. WATERBURY,GRN,32,1,30,0,63,33,30
El Paso,062-NOLAN RICHARDSON REC CTR,"JUSTICE, SUPREME COURT, PLACE 6",,NATHAN HECHT,REP,66,3,44,0,113,69,44
El Paso,062-NOLAN RICHARDSON REC CTR,"JUSTICE, SUPREME COURT, PLACE 6",,MICHELE PETTY,DEM,159,5,184,0,348,164,184
El Paso,062-NOLAN RICHARDSON REC CTR,"JUSTICE, SUPREME COURT, PLACE 6",,MARK ASH,LIB,12,0,5,0,17,12,5
El Paso,062-NOLAN RICHARDSON REC CTR,"JUSTICE, SUPREME COURT, PLACE 6",,JIM CHISHOLM,GRN,4,0,4,0,8,4,4
El Paso,062-NOLAN RICHARDSON REC CTR,"PRESIDING JUDGE, COURT OF CRIMINAL APPEALS",,SHARON KELLER,REP,79,5,46,0,130,84,46
El Paso,062-NOLAN RICHARDSON REC CTR,"PRESIDING JUDGE, COURT OF CRIMINAL APPEALS",,KEITH HAMPTON,DEM,153,3,181,0,337,156,181
El Paso,062-NOLAN RICHARDSON REC CTR,"PRESIDING JUDGE, COURT OF CRIMINAL APPEALS",,LANCE STOTT,LIB,9,0,12,0,21,9,12
El Paso,062-NOLAN RICHARDSON REC CTR,"JUDGE, COURT OF CRIMINAL APPEALS, PLACE 7",,BARBARA PARKER HERVE,REP,106,5,84,0,195,111,84
El Paso,062-NOLAN RICHARDSON REC CTR,"JUDGE, COURT OF CRIMINAL APPEALS, PLACE 7",,MARK W. BENNETT,LIB,73,3,88,0,164,76,88
El Paso,062-NOLAN RICHARDSON REC CTR,"JUDGE, COURT OF CRIMINAL APPEALS, PLACE 8",,ELSA ALCALA,REP,112,4,94,0,210,116,94
El Paso,062-NOLAN RICHARDSON REC CTR,"JUDGE, COURT OF CRIMINAL APPEALS, PLACE 8",,WILLIAM BRYAN STRANG,LIB,67,4,80,0,151,71,80
El Paso,062-NOLAN RICHARDSON REC CTR,MEMBER STATE BOARD OF EDUCATION DISTRICT 1,,CARLOS CHARLIE GARZA,REP,72,5,51,0,128,77,51
El Paso,062-NOLAN RICHARDSON REC CTR,MEMBER STATE BOARD OF EDUCATION DISTRICT 1,,MARTHA M. DOMINGUEZ,DEM,168,3,186,0,357,171,186
El Paso,062-NOLAN RICHARDSON REC CTR,STATE SENATOR DISTRICT 29,,DAN CHAVEZ,REP,69,4,54,0,127,73,54
El Paso,062-NOLAN RICHARDSON REC CTR,STATE SENATOR DISTRICT 29,,JOSE R. RODRIGUEZ,DEM,172,4,188,0,364,176,188
El Paso,062-NOLAN RICHARDSON REC CTR,STATE REPRESENTATIVE DISTRICT 77,,MARISA MARQUEZ,DEM,179,5,195,0,379,184,195
El Paso,062-NOLAN RICHARDSON REC CTR,"CHIEF JUSTICE, COURT OF APPEALS 8TH DISTRICT",,ANN CRAWFORD MCCLURE,DEM,174,5,191,0,370,179,191
El Paso,062-NOLAN RICHARDSON REC CTR,"JUSTICE, 8TH COURT OF APPEALS DISTRICT, PLACE 2",,CHRIS ANTCLIFF,REP,75,5,52,0,132,80,52
El Paso,062-NOLAN RICHARDSON REC CTR,"JUSTICE, 8TH COURT OF APPEALS DISTRICT, PLACE 2",,YVONNE RODRIGUEZ,DEM,163,3,186,0,352,166,186
El Paso,062-NOLAN RICHARDSON REC CTR,"JUSTICE, 8TH COURT OF APPEALS DISTRICT, PLACE 3",,GUADALUPE LUPE RIVER,DEM,174,5,188,0,367,179,188
El Paso,062-NOLAN RICHARDSON REC CTR,"DISTRICT JUDGE, 34TH JUDICIAL DISTRICT",,BILL MOODY,DEM,177,5,194,0,376,182,194
El Paso,062-NOLAN RICHARDSON REC CTR,"DISTRICT JUDGE, 41ST JUDICIAL DISTRICT",,ANNA PEREZ,DEM,175,5,192,0,372,180,192
El Paso,062-NOLAN RICHARDSON REC CTR,"DISTRICT JUDGE, 243RD JUDICIAL DISTRICT",,BILLY DON HICKS,REP,76,5,55,0,136,81,55
El Paso,062-NOLAN RICHARDSON REC CTR,"DISTRICT JUDGE, 243RD JUDICIAL DISTRICT",,LUIS AGUILAR,DEM,164,3,182,0,349,167,182
El Paso,062-NOLAN RICHARDSON REC CTR,"DISTRICT JUDGE, 346TH JUDICIAL DISTRICT",,ANGIE J. BARILL,DEM,177,4,194,0,375,181,194
El Paso,062-NOLAN RICHARDSON REC CTR,"DISTRICT JUDGE, 383RD JUDICIAL DISTRICT",,MIKE HERRERA,DEM,171,4,194,0,369,175,194
El Paso,062-NOLAN RICHARDSON REC CTR,"DISTRICT JUDGE, 384TH JUDICIAL DISTRICT",,PATRICK M. GARCIA,DEM,171,4,193,0,368,175,193
El Paso,062-NOLAN RICHARDSON REC CTR,"DISTRICT JUDGE, 388TH JUDICIAL DISTRICT",,LAURA STRATHMANN,DEM,176,4,193,0,373,180,193
El Paso,062-NOLAN RICHARDSON REC CTR,"DISTRICT JUDGE, 409TH JUDICIAL DISTRICT",,SAM MEDRANO JR,DEM,170,4,192,0,366,174,192
El Paso,062-NOLAN RICHARDSON REC CTR,"DISTRICT JUDGE, 448TH JUDICIAL DISTRICT",,SERGIO H. ENRIQUEZ,DEM,172,4,189,0,365,176,189
El Paso,062-NOLAN RICHARDSON REC CTR,"CRIMINAL DISTRICT JUDGE, COURT NO. 1",,DIANE NAVARRETE,DEM,173,4,192,0,369,177,192
El Paso,062-NOLAN RICHARDSON REC CTR,"FAMILY DISTRICT JUDGE, 65TH JUDICIAL DISTRICT",,YAHARA L. GUTIERREZ,DEM,175,4,191,0,370,179,191
El Paso,062-NOLAN RICHARDSON REC CTR,"DISTRICT ATTORNEY, 34TH JUDICIAL DISTRICT",,JAIME ESPARZA,DEM,173,5,191,0,369,178,191
El Paso,062-NOLAN RICHARDSON REC CTR,"JUDGE, COUNTY CRIMINAL COURT NO. 3",,CARLOS CARRASCO,DEM,169,4,189,0,362,173,189
El Paso,062-NOLAN RICHARDSON REC CTR,"JUDGE, COUNTY CRIMINAL COURT NO. 4",,JESUS HERRERA,DEM,173,4,192,0,369,177,192
El Paso,062-NOLAN RICHARDSON REC CTR,COUNTY ATTORNEY,,JO ANNE BERNAL,DEM,169,4,190,0,363,173,190
El Paso,062-NOLAN RICHARDSON REC CTR,SHERIFF,,RICHARD D. WILES,DEM,174,5,202,0,381,179,202
El Paso,062-NOLAN RICHARDSON REC CTR,COUNTY TAX ASSESSOR COLLECTOR,,VICTOR A. FLORES,DEM,173,6,194,0,373,179,194
El Paso,062-NOLAN RICHARDSON REC CTR,"CONSTABLE, PRECINCT NO. 2",,JEREMIAH HAGGERTY,DEM,179,5,190,0,374,184,190
El Paso,063-MAGOFFIN MIDDLE,"CITY OF EL PASO, PROPOSITION",,FOR (A FAVOR),NP,328,10,338,1,677,338,339
El Paso,063-MAGOFFIN MIDDLE,"CITY OF EL PASO, PROPOSITION",,AGAINST (EN CONTRA),NP,123,8,86,0,217,131,86
El Paso,063-MAGOFFIN MIDDLE,"CITY OF EL PASO, PROPOSITION",,FOR (A FAVOR),NP,306,9,301,1,617,315,302
El Paso,063-MAGOFFIN MIDDLE,"CITY OF EL PASO, PROPOSITION",,AGAINST (EN CONTRA),NP,125,9,91,0,225,134,91
El Paso,063-MAGOFFIN MIDDLE,"CITY OF EL PASO, PROPOSITION",,FOR (A FAVOR),NP,241,5,260,2,508,246,262
El Paso,063-MAGOFFIN MIDDLE,"CITY OF EL PASO, PROPOSITION",,AGAINST (EN CONTRA),NP,202,11,155,0,368,213,155
El Paso,063-MAGOFFIN MIDDLE,STRAIGHT PARTY,,REPUBLICAN,REP,74,7,53,0,134,81,53
El Paso,063-MAGOFFIN MIDDLE,STRAIGHT PARTY,,DEMOCRAT,DEM,270,7,261,2,540,277,263
El Paso,063-MAGOFFIN MIDDLE,STRAIGHT PARTY,,LIBERTARIAN,LIB,3,0,1,0,4,3,1
El Paso,063-MAGOFFIN MIDDLE,STRAIGHT PARTY,,GREEN,GRN,2,0,2,0,4,2,2
El Paso,063-MAGOFFIN MIDDLE,US PRESIDENT,,MITT ROMNEY,REP,135,10,100,0,245,145,100
El Paso,063-MAGOFFIN MIDDLE,US PRESIDENT,,BARACK OBAMA,DEM,341,10,335,2,688,351,337
El Paso,063-MAGOFFIN MIDDLE,US PRESIDENT,,GARY JOHNSON,LIB,2,1,1,0,4,3,1
El Paso,063-MAGOFFIN MIDDLE,US PRESIDENT,,JILL STEIN,GRN,3,0,5,0,8,3,5
El Paso,063-MAGOFFIN MIDDLE,US PRESIDENT,,WRITE-IN,NP,0,0,2,0,2,0,2
El Paso,063-MAGOFFIN MIDDLE,US SENATOR,,TED CRUZ,REP,138,12,105,0,255,150,105
El Paso,063-MAGOFFIN MIDDLE,US SENATOR,,PAUL SADLER,DEM,312,8,311,2,633,320,313
El Paso,063-MAGOFFIN MIDDLE,US SENATOR,,JOHN JAY MYERS,LIB,5,2,1,0,8,7,1
El Paso,063-MAGOFFIN MIDDLE,US SENATOR,,DAVID B. COLLINS,GRN,8,0,9,0,17,8,9
El Paso,063-MAGOFFIN MIDDLE,US REP DISTRICT 16,,BARBARA CARRASCO,REP,125,11,101,0,237,136,101
El Paso,063-MAGOFFIN MIDDLE,US REP DISTRICT 16,,BETO OROURKE,DEM,336,9,322,2,669,345,324
El Paso,063-MAGOFFIN MIDDLE,US REP DISTRICT 16,,JUNART SODOY,LIB,9,1,7,0,17,10,7
El Paso,063-MAGOFFIN MIDDLE,RAILROAD COMMISSIONER,,CHRISTI CRADDICK,REP,120,11,85,0,216,131,85
El Paso,063-MAGOFFIN MIDDLE,RAILROAD COMMISSIONER,,DALE HENRY,DEM,309,8,312,2,631,317,314
El Paso,063-MAGOFFIN MIDDLE,RAILROAD COMMISSIONER,,VIVEKANANDA (VIK) WA,LIB,8,1,4,0,13,9,4
El Paso,063-MAGOFFIN MIDDLE,RAILROAD COMMISSIONER,,CHRIS KENNEDY,GRN,20,1,13,0,34,21,13
El Paso,063-MAGOFFIN MIDDLE,RAILROAD COMMISSIONER,,BARRY SMITHERMAN,REP,140,11,113,0,264,151,113
El Paso,063-MAGOFFIN MIDDLE,RAILROAD COMMISSIONER,,JAIME O. PEREZ,LIB,163,7,148,0,318,170,148
El Paso,063-MAGOFFIN MIDDLE,RAILROAD COMMISSIONER,,JOSH WENDEL,GRN,31,1,37,0,69,32,37
El Paso,063-MAGOFFIN MIDDLE,"JUSTICE, SUPREME COURT, PLACE 2",,DON WILLETT,REP,182,12,144,0,338,194,144
El Paso,063-MAGOFFIN MIDDLE,"JUSTICE, SUPREME COURT, PLACE 2",,RS ROBERT KOELSCH,LIB,144,7,146,0,297,151,146
El Paso,063-MAGOFFIN MIDDLE,"JUSTICE, SUPREME COURT, PLACE 4",,JOHN DEVINE,REP,167,12,130,0,309,179,130
El Paso,063-MAGOFFIN MIDDLE,"JUSTICE, SUPREME COURT, PLACE 4",,TOM OXFORD,LIB,108,5,102,0,215,113,102
El Paso,063-MAGOFFIN MIDDLE,"JUSTICE, SUPREME COURT, PLACE 4",,CHARLES E. WATERBURY,GRN,55,2,53,0,110,57,53
El Paso,063-MAGOFFIN MIDDLE,"JUSTICE, SUPREME COURT, PLACE 6",,NATHAN HECHT,REP,105,11,77,0,193,116,77
El Paso,063-MAGOFFIN MIDDLE,"JUSTICE, SUPREME COURT, PLACE 6",,MICHELE PETTY,DEM,327,9,319,2,657,336,321
El Paso,063-MAGOFFIN MIDDLE,"JUSTICE, SUPREME COURT, PLACE 6",,MARK ASH,LIB,9,1,9,0,19,10,9
El Paso,063-MAGOFFIN MIDDLE,"JUSTICE, SUPREME COURT, PLACE 6",,JIM CHISHOLM,GRN,11,1,6,0,18,12,6
El Paso,063-MAGOFFIN MIDDLE,"PRESIDING JUDGE, COURT OF CRIMINAL APPEALS",,SHARON KELLER,REP,119,11,92,0,222,130,92
El Paso,063-MAGOFFIN MIDDLE,"PRESIDING JUDGE, COURT OF CRIMINAL APPEALS",,KEITH HAMPTON,DEM,321,10,307,2,640,331,309
El Paso,063-MAGOFFIN MIDDLE,"PRESIDING JUDGE, COURT OF CRIMINAL APPEALS",,LANCE STOTT,LIB,12,1,11,0,24,13,11
El Paso,063-MAGOFFIN MIDDLE,"JUDGE, COURT OF CRIMINAL APPEALS, PLACE 7",,BARBARA PARKER HERVE,REP,184,12,148,0,344,196,148
El Paso,063-MAGOFFIN MIDDLE,"JUDGE, COURT OF CRIMINAL APPEALS, PLACE 7",,MARK W. BENNETT,LIB,137,7,135,0,279,144,135
El Paso,063-MAGOFFIN MIDDLE,"JUDGE, COURT OF CRIMINAL APPEALS, PLACE 8",,ELSA ALCALA,REP,187,12,171,0,370,199,171
El Paso,063-MAGOFFIN MIDDLE,"JUDGE, COURT OF CRIMINAL APPEALS, PLACE 8",,WILLIAM BRYAN STRANG,LIB,143,7,115,0,265,150,115
El Paso,063-MAGOFFIN MIDDLE,MEMBER STATE BOARD OF EDUCATION DISTRICT 1,,CARLOS CHARLIE GARZA,REP,126,11,88,0,225,137,88
El Paso,063-MAGOFFIN MIDDLE,MEMBER STATE BOARD OF EDUCATION DISTRICT 1,,MARTHA M. DOMINGUEZ,DEM,328,10,332,2,672,338,334
El Paso,063-MAGOFFIN MIDDLE,STATE SENATOR DISTRICT 29,,DAN CHAVEZ,REP,110,12,88,0,210,122,88
El Paso,063-MAGOFFIN MIDDLE,STATE SENATOR DISTRICT 29,,JOSE R. RODRIGUEZ,DEM,350,10,333,2,695,360,335
El Paso,063-MAGOFFIN MIDDLE,STATE REPRESENTATIVE DISTRICT 77,,MARISA MARQUEZ,DEM,380,10,356,2,748,390,358
El Paso,063-MAGOFFIN MIDDLE,"CHIEF JUSTICE, COURT OF APPEALS 8TH DISTRICT",,ANN CRAWFORD MCCLURE,DEM,377,11,349,2,739,388,351
El Paso,063-MAGOFFIN MIDDLE,"JUSTICE, 8TH COURT OF APPEALS DISTRICT, PLACE 2",,CHRIS ANTCLIFF,REP,123,12,87,0,222,135,87
El Paso,063-MAGOFFIN MIDDLE,"JUSTICE, 8TH COURT OF APPEALS DISTRICT, PLACE 2",,YVONNE RODRIGUEZ,DEM,331,9,326,2,668,340,328
El Paso,063-MAGOFFIN MIDDLE,"JUSTICE, 8TH COURT OF APPEALS DISTRICT, PLACE 3",,GUADALUPE LUPE RIVER,DEM,374,10,346,2,732,384,348
El Paso,063-MAGOFFIN MIDDLE,"DISTRICT JUDGE, 34TH JUDICIAL DISTRICT",,BILL MOODY,DEM,370,10,349,2,731,380,351
El Paso,063-MAGOFFIN MIDDLE,"DISTRICT JUDGE, 41ST JUDICIAL DISTRICT",,ANNA PEREZ,DEM,369,11,346,2,728,380,348
El Paso,063-MAGOFFIN MIDDLE,"DISTRICT JUDGE, 243RD JUDICIAL DISTRICT",,BILLY DON HICKS,REP,130,12,92,0,234,142,92
El Paso,063-MAGOFFIN MIDDLE,"DISTRICT JUDGE, 243RD JUDICIAL DISTRICT",,LUIS AGUILAR,DEM,324,10,321,2,657,334,323
El Paso,063-MAGOFFIN MIDDLE,"DISTRICT JUDGE, 346TH JUDICIAL DISTRICT",,ANGIE J. BARILL,DEM,365,11,346,2,724,376,348
El Paso,063-MAGOFFIN MIDDLE,"DISTRICT JUDGE, 383RD JUDICIAL DISTRICT",,MIKE HERRERA,DEM,366,11,349,2,728,377,351
El Paso,063-MAGOFFIN MIDDLE,"DISTRICT JUDGE, 384TH JUDICIAL DISTRICT",,PATRICK M. GARCIA,DEM,361,11,347,2,721,372,349
El Paso,063-MAGOFFIN MIDDLE,"DISTRICT JUDGE, 388TH JUDICIAL DISTRICT",,LAURA STRATHMANN,DEM,367,11,344,2,724,378,346
El Paso,063-MAGOFFIN MIDDLE,"DISTRICT JUDGE, 409TH JUDICIAL DISTRICT",,SAM MEDRANO JR,DEM,363,11,346,2,722,374,348
El Paso,063-MAGOFFIN MIDDLE,"DISTRICT JUDGE, 448TH JUDICIAL DISTRICT",,SERGIO H. ENRIQUEZ,DEM,366,11,345,2,724,377,347
El Paso,063-MAGOFFIN MIDDLE,"CRIMINAL DISTRICT JUDGE, COURT NO. 1",,DIANE NAVARRETE,DEM,367,12,344,2,725,379,346
El Paso,063-MAGOFFIN MIDDLE,"FAMILY DISTRICT JUDGE, 65TH JUDICIAL DISTRICT",,YAHARA L. GUTIERREZ,DEM,365,11,346,2,724,376,348
El Paso,063-MAGOFFIN MIDDLE,"DISTRICT ATTORNEY, 34TH JUDICIAL DISTRICT",,JAIME ESPARZA,DEM,374,11,351,2,738,385,353
El Paso,063-MAGOFFIN MIDDLE,"JUDGE, COUNTY CRIMINAL COURT NO. 3",,CARLOS CARRASCO,DEM,364,11,347,2,724,375,349
El Paso,063-MAGOFFIN MIDDLE,"JUDGE, COUNTY CRIMINAL COURT NO. 4",,JESUS HERRERA,DEM,364,11,348,2,725,375,350
El Paso,063-MAGOFFIN MIDDLE,COUNTY ATTORNEY,,JO ANNE BERNAL,DEM,372,11,343,2,728,383,345
El Paso,063-MAGOFFIN MIDDLE,SHERIFF,,RICHARD D. WILES,DEM,383,11,351,2,747,394,353
El Paso,063-MAGOFFIN MIDDLE,COUNTY TAX ASSESSOR COLLECTOR,,VICTOR A. FLORES,DEM,378,13,364,2,757,391,366
El Paso,063-MAGOFFIN MIDDLE,"CONSTABLE, PRECINCT NO. 2",,JEREMIAH HAGGERTY,DEM,373,12,348,2,735,385,350
El Paso,064-STANTON ELEMENTARY,"CITY OF EL PASO, PROPOSITION",,FOR (A FAVOR),NP,370,10,394,0,774,380,394
El Paso,064-STANTON ELEMENTARY,"CITY OF EL PASO, PROPOSITION",,AGAINST (EN CONTRA),NP,156,6,91,0,253,162,91
El Paso,064-STANTON ELEMENTARY,"CITY OF EL PASO, PROPOSITION",,FOR (A FAVOR),NP,346,11,353,0,710,357,353
El Paso,064-STANTON ELEMENTARY,"CITY OF EL PASO, PROPOSITION",,AGAINST (EN CONTRA),NP,156,6,106,0,268,162,106
El Paso,064-STANTON ELEMENTARY,"CITY OF EL PASO, PROPOSITION",,FOR (A FAVOR),NP,250,6,279,0,535,256,279
El Paso,064-STANTON ELEMENTARY,"CITY OF EL PASO, PROPOSITION",,AGAINST (EN CONTRA),NP,259,11,188,0,458,270,188
El Paso,064-STANTON ELEMENTARY,STRAIGHT PARTY,,REPUBLICAN,REP,65,8,69,0,142,73,69
El Paso,064-STANTON ELEMENTARY,STRAIGHT PARTY,,DEMOCRAT,DEM,332,5,293,0,630,337,293
El Paso,064-STANTON ELEMENTARY,STRAIGHT PARTY,,LIBERTARIAN,LIB,5,0,3,0,8,5,3
El Paso,064-STANTON ELEMENTARY,STRAIGHT PARTY,,GREEN,GRN,4,0,1,0,5,4,1
El Paso,064-STANTON ELEMENTARY,US PRESIDENT,,MITT ROMNEY,REP,119,13,114,0,246,132,114
El Paso,064-STANTON ELEMENTARY,US PRESIDENT,,BARACK OBAMA,DEM,415,6,368,0,789,421,368
El Paso,064-STANTON ELEMENTARY,US PRESIDENT,,GARY JOHNSON,LIB,8,0,4,0,12,8,4
El Paso,064-STANTON ELEMENTARY,US PRESIDENT,,JILL STEIN,GRN,2,0,1,0,3,2,1
El Paso,064-STANTON ELEMENTARY,US PRESIDENT,,WRITE-IN,NP,1,0,0,0,1,1,0
El Paso,064-STANTON ELEMENTARY,US SENATOR,,TED CRUZ,REP,119,12,130,0,261,131,130
El Paso,064-STANTON ELEMENTARY,US SENATOR,,PAUL SADLER,DEM,384,7,334,0,725,391,334
El Paso,064-STANTON ELEMENTARY,US SENATOR,,JOHN JAY MYERS,LIB,20,0,12,0,32,20,12
El Paso,064-STANTON ELEMENTARY,US SENATOR,,DAVID B. COLLINS,GRN,6,0,8,0,14,6,8
El Paso,064-STANTON ELEMENTARY,US REP DISTRICT 16,,BARBARA CARRASCO,REP,113,10,127,0,250,123,127
El Paso,064-STANTON ELEMENTARY,US REP DISTRICT 16,,BETO OROURKE,DEM,408,9,344,0,761,417,344
El Paso,064-STANTON ELEMENTARY,US REP DISTRICT 16,,JUNART SODOY,LIB,11,0,12,0,23,11,12
El Paso,064-STANTON ELEMENTARY,RAILROAD COMMISSIONER,,CHRISTI CRADDICK,REP,106,10,105,0,221,116,105
El Paso,064-STANTON ELEMENTARY,RAILROAD COMMISSIONER,,DALE HENRY,DEM,383,6,342,0,731,389,342
El Paso,064-STANTON ELEMENTARY,RAILROAD COMMISSIONER,,VIVEKANANDA (VIK) WA,LIB,16,0,9,0,25,16,9
El Paso,064-STANTON ELEMENTARY,RAILROAD COMMISSIONER,,CHRIS KENNEDY,GRN,15,2,14,0,31,17,14
El Paso,064-STANTON ELEMENTARY,RAILROAD COMMISSIONER,,BARRY SMITHERMAN,REP,130,9,134,0,273,139,134
El Paso,064-STANTON ELEMENTARY,RAILROAD COMMISSIONER,,JAIME O. PEREZ,LIB,212,5,156,0,373,217,156
El Paso,064-STANTON ELEMENTARY,RAILROAD COMMISSIONER,,JOSH WENDEL,GRN,39,1,42,0,82,40,42
El Paso,064-STANTON ELEMENTARY,"JUSTICE, SUPREME COURT, PLACE 2",,DON WILLETT,REP,171,9,186,0,366,180,186
El Paso,064-STANTON ELEMENTARY,"JUSTICE, SUPREME COURT, PLACE 2",,RS ROBERT KOELSCH,LIB,200,5,147,0,352,205,147
El Paso,064-STANTON ELEMENTARY,"JUSTICE, SUPREME COURT, PLACE 4",,JOHN DEVINE,REP,149,9,160,0,318,158,160
El Paso,064-STANTON ELEMENTARY,"JUSTICE, SUPREME COURT, PLACE 4",,TOM OXFORD,LIB,156,4,107,0,267,160,107
El Paso,064-STANTON ELEMENTARY,"JUSTICE, SUPREME COURT, PLACE 4",,CHARLES E. WATERBURY,GRN,66,2,56,0,124,68,56
El Paso,064-STANTON ELEMENTARY,"JUSTICE, SUPREME COURT, PLACE 6",,NATHAN HECHT,REP,92,9,98,0,199,101,98
El Paso,064-STANTON ELEMENTARY,"JUSTICE, SUPREME COURT, PLACE 6",,MICHELE PETTY,DEM,392,7,355,0,754,399,355
El Paso,064-STANTON ELEMENTARY,"JUSTICE, SUPREME COURT, PLACE 6",,MARK ASH,LIB,22,1,8,0,31,23,8
El Paso,064-STANTON ELEMENTARY,"JUSTICE, SUPREME COURT, PLACE 6",,JIM CHISHOLM,GRN,10,1,10,0,21,11,10
El Paso,064-STANTON ELEMENTARY,"PRESIDING JUDGE, COURT OF CRIMINAL APPEALS",,SHARON KELLER,REP,112,9,105,0,226,121,105
El Paso,064-STANTON ELEMENTARY,"PRESIDING JUDGE, COURT OF CRIMINAL APPEALS",,KEITH HAMPTON,DEM,386,8,351,0,745,394,351
El Paso,064-STANTON ELEMENTARY,"PRESIDING JUDGE, COURT OF CRIMINAL APPEALS",,LANCE STOTT,LIB,17,1,15,0,33,18,15
El Paso,064-STANTON ELEMENTARY,"JUDGE, COURT OF CRIMINAL APPEALS, PLACE 7",,BARBARA PARKER HERVE,REP,186,10,188,0,384,196,188
El Paso,064-STANTON ELEMENTARY,"JUDGE, COURT OF CRIMINAL APPEALS, PLACE 7",,MARK W. BENNETT,LIB,185,5,141,0,331,190,141
El Paso,064-STANTON ELEMENTARY,"JUDGE, COURT OF CRIMINAL APPEALS, PLACE 8",,ELSA ALCALA,REP,180,12,210,0,402,192,210
El Paso,064-STANTON ELEMENTARY,"JUDGE, COURT OF CRIMINAL APPEALS, PLACE 8",,WILLIAM BRYAN STRANG,LIB,188,3,116,0,307,191,116
El Paso,064-STANTON ELEMENTARY,MEMBER STATE BOARD OF EDUCATION DISTRICT 1,,CARLOS CHARLIE GARZA,REP,112,10,109,0,231,122,109
El Paso,064-STANTON ELEMENTARY,MEMBER STATE BOARD OF EDUCATION DISTRICT 1,,MARTHA M. DOMINGUEZ,DEM,402,8,360,0,770,410,360
El Paso,064-STANTON ELEMENTARY,STATE SENATOR DISTRICT 29,,DAN CHAVEZ,REP,108,9,102,0,219,117,102
El Paso,064-STANTON ELEMENTARY,STATE SENATOR DISTRICT 29,,JOSE R. RODRIGUEZ,DEM,409,9,373,0,791,418,373
El Paso,064-STANTON ELEMENTARY,STATE REPRESENTATIVE DISTRICT 77,,MARISA MARQUEZ,DEM,444,7,400,0,851,451,400
El Paso,064-STANTON ELEMENTARY,"CHIEF JUSTICE, COURT OF APPEALS 8TH DISTRICT",,ANN CRAWFORD MCCLURE,DEM,431,7,397,0,835,438,397
El Paso,064-STANTON ELEMENTARY,"JUSTICE, 8TH COURT OF APPEALS DISTRICT, PLACE 2",,CHRIS ANTCLIFF,REP,110,9,105,0,224,119,105
El Paso,064-STANTON ELEMENTARY,"JUSTICE, 8TH COURT OF APPEALS DISTRICT, PLACE 2",,YVONNE RODRIGUEZ,DEM,412,9,365,0,786,421,365
El Paso,064-STANTON ELEMENTARY,"JUSTICE, 8TH COURT OF APPEALS DISTRICT, PLACE 3",,GUADALUPE LUPE RIVER,DEM,430,7,393,0,830,437,393
El Paso,064-STANTON ELEMENTARY,"DISTRICT JUDGE, 34TH JUDICIAL DISTRICT",,BILL MOODY,DEM,435,8,408,0,851,443,408
El Paso,064-STANTON ELEMENTARY,"DISTRICT JUDGE, 41ST JUDICIAL DISTRICT",,ANNA PEREZ,DEM,429,7,391,0,827,436,391
El Paso,064-STANTON ELEMENTARY,"DISTRICT JUDGE, 243RD JUDICIAL DISTRICT",,BILLY DON HICKS,REP,116,11,110,0,237,127,110
El Paso,064-STANTON ELEMENTARY,"DISTRICT JUDGE, 243RD JUDICIAL DISTRICT",,LUIS AGUILAR,DEM,400,7,362,0,769,407,362
El Paso,064-STANTON ELEMENTARY,"DISTRICT JUDGE, 346TH JUDICIAL DISTRICT",,ANGIE J. BARILL,DEM,437,7,394,0,838,444,394
El Paso,064-STANTON ELEMENTARY,"DISTRICT JUDGE, 383RD JUDICIAL DISTRICT",,MIKE HERRERA,DEM,430,7,399,0,836,437,399
El Paso,064-STANTON ELEMENTARY,"DISTRICT JUDGE, 384TH JUDICIAL DISTRICT",,PATRICK M. GARCIA,DEM,428,7,397,0,832,435,397
El Paso,064-STANTON ELEMENTARY,"DISTRICT JUDGE, 388TH JUDICIAL DISTRICT",,LAURA STRATHMANN,DEM,433,7,400,0,840,440,400
El Paso,064-STANTON ELEMENTARY,"DISTRICT JUDGE, 409TH JUDICIAL DISTRICT",,SAM MEDRANO JR,DEM,428,7,397,0,832,435,397
El Paso,064-STANTON ELEMENTARY,"DISTRICT JUDGE, 448TH JUDICIAL DISTRICT",,SERGIO H. ENRIQUEZ,DEM,426,7,397,0,830,433,397
El Paso,064-STANTON ELEMENTARY,"CRIMINAL DISTRICT JUDGE, COURT NO. 1",,DIANE NAVARRETE,DEM,431,7,402,0,840,438,402
El Paso,064-STANTON ELEMENTARY,"FAMILY DISTRICT JUDGE, 65TH JUDICIAL DISTRICT",,YAHARA L. GUTIERREZ,DEM,429,7,400,0,836,436,400
El Paso,064-STANTON ELEMENTARY,"DISTRICT ATTORNEY, 34TH JUDICIAL DISTRICT",,JAIME ESPARZA,DEM,430,10,405,0,845,440,405
El Paso,064-STANTON ELEMENTARY,"JUDGE, COUNTY CRIMINAL COURT NO. 3",,CARLOS CARRASCO,DEM,428,7,397,0,832,435,397
El Paso,064-STANTON ELEMENTARY,"JUDGE, COUNTY CRIMINAL COURT NO. 4",,JESUS HERRERA,DEM,428,7,397,0,832,435,397
El Paso,064-STANTON ELEMENTARY,COUNTY ATTORNEY,,JO ANNE BERNAL,DEM,432,7,399,0,838,439,399
El Paso,064-STANTON ELEMENTARY,SHERIFF,,RICHARD D. WILES,DEM,443,11,415,0,869,454,415
El Paso,064-STANTON ELEMENTARY,COUNTY TAX ASSESSOR COLLECTOR,,VICTOR A. FLORES,DEM,439,10,404,0,853,449,404
El Paso,064-STANTON ELEMENTARY,"CONSTABLE, PRECINCT NO. 2",,JEREMIAH HAGGERTY,DEM,443,10,409,0,862,453,409
El Paso,065-LOGAN ELEMENTARY,"CITY OF EL PASO, PROPOSITION",,FOR (A FAVOR),NP,70,13,106,7,196,83,113
El Paso,065-LOGAN ELEMENTARY,"CITY OF EL PASO, PROPOSITION",,AGAINST (EN CONTRA),NP,11,3,14,0,28,14,14
El Paso,065-LOGAN ELEMENTARY,"CITY OF EL PASO, PROPOSITION",,FOR (A FAVOR),NP,60,11,105,6,182,71,111
El Paso,065-LOGAN ELEMENTARY,"CITY OF EL PASO, PROPOSITION",,AGAINST (EN CONTRA),NP,19,5,16,1,41,24,17
El Paso,065-LOGAN ELEMENTARY,"CITY OF EL PASO, PROPOSITION",,FOR (A FAVOR),NP,38,5,59,3,105,43,62
El Paso,065-LOGAN ELEMENTARY,"CITY OF EL PASO, PROPOSITION",,AGAINST (EN CONTRA),NP,42,11,61,4,118,53,65
El Paso,065-LOGAN ELEMENTARY,STRAIGHT PARTY,,REPUBLICAN,REP,21,7,46,3,77,28,49
El Paso,065-LOGAN ELEMENTARY,STRAIGHT PARTY,,DEMOCRAT,DEM,38,7,50,4,99,45,54
El Paso,065-LOGAN ELEMENTARY,STRAIGHT PARTY,,LIBERTARIAN,LIB,2,0,3,0,5,2,3
El Paso,065-LOGAN ELEMENTARY,STRAIGHT PARTY,,GREEN,GRN,0,0,0,0,0,0,0
El Paso,065-LOGAN ELEMENTARY,US PRESIDENT,,MITT ROMNEY,REP,33,9,64,3,109,42,67
El Paso,065-LOGAN ELEMENTARY,US PRESIDENT,,BARACK OBAMA,DEM,48,10,61,4,123,58,65
El Paso,065-LOGAN ELEMENTARY,US PRESIDENT,,GARY JOHNSON,LIB,1,0,2,0,3,1,2
El Paso,065-LOGAN ELEMENTARY,US PRESIDENT,,JILL STEIN,GRN,0,0,0,0,0,0,0
El Paso,065-LOGAN ELEMENTARY,US PRESIDENT,,WRITE-IN,NP,0,0,0,0,0,0,0
El Paso,065-LOGAN ELEMENTARY,US SENATOR,,TED CRUZ,REP,30,9,62,2,103,39,64
El Paso,065-LOGAN ELEMENTARY,US SENATOR,,PAUL SADLER,DEM,46,9,55,4,114,55,59
El Paso,065-LOGAN ELEMENTARY,US SENATOR,,JOHN JAY MYERS,LIB,2,0,5,0,7,2,5
El Paso,065-LOGAN ELEMENTARY,US SENATOR,,DAVID B. COLLINS,GRN,0,0,0,0,0,0,0
El Paso,065-LOGAN ELEMENTARY,US REP DISTRICT 16,,BARBARA CARRASCO,REP,30,10,64,2,106,40,66
El Paso,065-LOGAN ELEMENTARY,US REP DISTRICT 16,,BETO OROURKE,DEM,46,8,53,4,111,54,57
El Paso,065-LOGAN ELEMENTARY,US REP DISTRICT 16,,JUNART SODOY,LIB,2,0,7,0,9,2,7
El Paso,065-LOGAN ELEMENTARY,RAILROAD COMMISSIONER,,CHRISTI CRADDICK,REP,30,10,56,2,98,40,58
El Paso,065-LOGAN ELEMENTARY,RAILROAD COMMISSIONER,,DALE HENRY,DEM,44,8,56,4,112,52,60
El Paso,065-LOGAN ELEMENTARY,RAILROAD COMMISSIONER,,VIVEKANANDA (VIK) WA,LIB,2,0,8,1,11,2,9
El Paso,065-LOGAN ELEMENTARY,RAILROAD COMMISSIONER,,CHRIS KENNEDY,GRN,1,0,2,0,3,1,2
El Paso,065-LOGAN ELEMENTARY,RAILROAD COMMISSIONER,,BARRY SMITHERMAN,REP,37,11,67,3,118,48,70
El Paso,065-LOGAN ELEMENTARY,RAILROAD COMMISSIONER,,JAIME O. PEREZ,LIB,22,3,31,1,57,25,32
El Paso,065-LOGAN ELEMENTARY,RAILROAD COMMISSIONER,,JOSH WENDEL,GRN,9,0,11,0,20,9,11
El Paso,065-LOGAN ELEMENTARY,"JUSTICE, SUPREME COURT, PLACE 2",,DON WILLETT,REP,37,11,73,3,124,48,76
El Paso,065-LOGAN ELEMENTARY,"JUSTICE, SUPREME COURT, PLACE 2",,RS ROBERT KOELSCH,LIB,31,3,34,1,69,34,35
El Paso,065-LOGAN ELEMENTARY,"JUSTICE, SUPREME COURT, PLACE 4",,JOHN DEVINE,REP,34,12,68,3,117,46,71
El Paso,065-LOGAN ELEMENTARY,"JUSTICE, SUPREME COURT, PLACE 4",,TOM OXFORD,LIB,30,2,29,1,62,32,30
El Paso,065-LOGAN ELEMENTARY,"JUSTICE, SUPREME COURT, PLACE 4",,CHARLES E. WATERBURY,GRN,4,0,11,0,15,4,11
El Paso,065-LOGAN ELEMENTARY,"JUSTICE, SUPREME COURT, PLACE 6",,NATHAN HECHT,REP,28,9,57,3,97,37,60
El Paso,065-LOGAN ELEMENTARY,"JUSTICE, SUPREME COURT, PLACE 6",,MICHELE PETTY,DEM,46,9,54,4,113,55,58
El Paso,065-LOGAN ELEMENTARY,"JUSTICE, SUPREME COURT, PLACE 6",,MARK ASH,LIB,3,0,11,0,14,3,11
El Paso,065-LOGAN ELEMENTARY,"JUSTICE, SUPREME COURT, PLACE 6",,JIM CHISHOLM,GRN,0,0,2,0,2,0,2
El Paso,065-LOGAN ELEMENTARY,"PRESIDING JUDGE, COURT OF CRIMINAL APPEALS",,SHARON KELLER,REP,27,10,60,3,100,37,63
El Paso,065-LOGAN ELEMENTARY,"PRESIDING JUDGE, COURT OF CRIMINAL APPEALS",,KEITH HAMPTON,DEM,46,8,54,4,112,54,58
El Paso,065-LOGAN ELEMENTARY,"PRESIDING JUDGE, COURT OF CRIMINAL APPEALS",,LANCE STOTT,LIB,3,0,9,0,12,3,9
El Paso,065-LOGAN ELEMENTARY,"JUDGE, COURT OF CRIMINAL APPEALS, PLACE 7",,BARBARA PARKER HERVE,REP,38,11,72,3,124,49,75
El Paso,065-LOGAN ELEMENTARY,"JUDGE, COURT OF CRIMINAL APPEALS, PLACE 7",,MARK W. BENNETT,LIB,29,3,37,1,70,32,38
El Paso,065-LOGAN ELEMENTARY,"JUDGE, COURT OF CRIMINAL APPEALS, PLACE 8",,ELSA ALCALA,REP,37,11,71,3,122,48,74
El Paso,065-LOGAN ELEMENTARY,"JUDGE, COURT OF CRIMINAL APPEALS, PLACE 8",,WILLIAM BRYAN STRANG,LIB,30,3,35,1,69,33,36
El Paso,065-LOGAN ELEMENTARY,MEMBER STATE BOARD OF EDUCATION DISTRICT 1,,CARLOS CHARLIE GARZA,REP,31,9,64,3,107,40,67
El Paso,065-LOGAN ELEMENTARY,MEMBER STATE BOARD OF EDUCATION DISTRICT 1,,MARTHA M. DOMINGUEZ,DEM,45,9,57,4,115,54,61
El Paso,065-LOGAN ELEMENTARY,STATE SENATOR DISTRICT 29,,DAN CHAVEZ,REP,32,10,65,3,110,42,68
El Paso,065-LOGAN ELEMENTARY,STATE SENATOR DISTRICT 29,,JOSE R. RODRIGUEZ,DEM,44,8,56,4,112,52,60
El Paso,065-LOGAN ELEMENTARY,STATE REPRESENTATIVE DISTRICT 77,,MARISA MARQUEZ,DEM,49,10,73,4,136,59,77
El Paso,065-LOGAN ELEMENTARY,"CHIEF JUSTICE, COURT OF APPEALS 8TH DISTRICT",,ANN CRAWFORD MCCLURE,DEM,50,10,72,4,136,60,76
El Paso,065-LOGAN ELEMENTARY,"JUSTICE, 8TH COURT OF APPEALS DISTRICT, PLACE 2",,CHRIS ANTCLIFF,REP,33,9,63,3,108,42,66
El Paso,065-LOGAN ELEMENTARY,"JUSTICE, 8TH COURT OF APPEALS DISTRICT, PLACE 2",,YVONNE RODRIGUEZ,DEM,44,9,54,4,111,53,58
El Paso,065-LOGAN ELEMENTARY,"JUSTICE, 8TH COURT OF APPEALS DISTRICT, PLACE 3",,GUADALUPE LUPE RIVER,DEM,49,10,72,4,135,59,76
El Paso,065-LOGAN ELEMENTARY,"DISTRICT JUDGE, 34TH JUDICIAL DISTRICT",,BILL MOODY,DEM,50,10,72,4,136,60,76
El Paso,065-LOGAN ELEMENTARY,"DISTRICT JUDGE, 41ST JUDICIAL DISTRICT",,ANNA PEREZ,DEM,48,10,71,4,133,58,75
El Paso,065-LOGAN ELEMENTARY,"DISTRICT JUDGE, 243RD JUDICIAL DISTRICT",,BILLY DON HICKS,REP,32,9,64,3,108,41,67
El Paso,065-LOGAN ELEMENTARY,"DISTRICT JUDGE, 243RD JUDICIAL DISTRICT",,LUIS AGUILAR,DEM,44,9,55,4,112,53,59
El Paso,065-LOGAN ELEMENTARY,"DISTRICT JUDGE, 346TH JUDICIAL DISTRICT",,ANGIE J. BARILL,DEM,47,10,71,4,132,57,75
El Paso,065-LOGAN ELEMENTARY,"DISTRICT JUDGE, 383RD JUDICIAL DISTRICT",,MIKE HERRERA,DEM,47,9,71,4,131,56,75
El Paso,065-LOGAN ELEMENTARY,"DISTRICT JUDGE, 384TH JUDICIAL DISTRICT",,PATRICK M. GARCIA,DEM,47,9,71,4,131,56,75
El Paso,065-LOGAN ELEMENTARY,"DISTRICT JUDGE, 388TH JUDICIAL DISTRICT",,LAURA STRATHMANN,DEM,47,9,71,4,131,56,75
El Paso,065-LOGAN ELEMENTARY,"DISTRICT JUDGE, 409TH JUDICIAL DISTRICT",,SAM MEDRANO JR,DEM,47,9,71,4,131,56,75
El Paso,065-LOGAN ELEMENTARY,"DISTRICT JUDGE, 448TH JUDICIAL DISTRICT",,SERGIO H. ENRIQUEZ,DEM,47,9,71,4,131,56,75
El Paso,065-LOGAN ELEMENTARY,"CRIMINAL DISTRICT JUDGE, COURT NO. 1",,DIANE NAVARRETE,DEM,47,9,70,4,130,56,74
El Paso,065-LOGAN ELEMENTARY,"FAMILY DISTRICT JUDGE, 65TH JUDICIAL DISTRICT",,YAHARA L. GUTIERREZ,DEM,47,9,70,4,130,56,74
El Paso,065-LOGAN ELEMENTARY,"DISTRICT ATTORNEY, 34TH JUDICIAL DISTRICT",,JAIME ESPARZA,DEM,48,9,71,4,132,57,75
El Paso,065-LOGAN ELEMENTARY,"JUDGE, COUNTY CRIMINAL COURT NO. 3",,CARLOS CARRASCO,DEM,49,9,71,4,133,58,75
El Paso,065-LOGAN ELEMENTARY,"JUDGE, COUNTY CRIMINAL COURT NO. 4",,JESUS HERRERA,DEM,48,9,71,4,132,57,75
El Paso,065-LOGAN ELEMENTARY,COUNTY ATTORNEY,,JO ANNE BERNAL,DEM,48,9,70,4,131,57,74
El Paso,065-LOGAN ELEMENTARY,SHERIFF,,RICHARD D. WILES,DEM,49,9,74,4,136,58,78
El Paso,065-LOGAN ELEMENTARY,COUNTY TAX ASSESSOR COLLECTOR,,VICTOR A. FLORES,DEM,48,10,71,4,133,58,75
El Paso,065-LOGAN ELEMENTARY,"CONSTABLE, PRECINCT NO. 2",,JEREMIAH HAGGERTY,DEM,49,10,70,4,133,59,74
El Paso,066-BURNET ELEMENTARY,"CITY OF EL PASO, PROPOSITION",,FOR (A FAVOR),NP,293,13,413,0,719,306,413
El Paso,066-BURNET ELEMENTARY,"CITY OF EL PASO, PROPOSITION",,AGAINST (EN CONTRA),NP,130,8,96,0,234,138,96
El Paso,066-BURNET ELEMENTARY,"CITY OF EL PASO, PROPOSITION",,FOR (A FAVOR),NP,272,13,374,0,659,285,374
El Paso,066-BURNET ELEMENTARY,"CITY OF EL PASO, PROPOSITION",,AGAINST (EN CONTRA),NP,141,8,124,0,273,149,124
El Paso,066-BURNET ELEMENTARY,"CITY OF EL PASO, PROPOSITION",,FOR (A FAVOR),NP,217,9,318,0,544,226,318
El Paso,066-BURNET ELEMENTARY,"CITY OF EL PASO, PROPOSITION",,AGAINST (EN CONTRA),NP,196,11,186,0,393,207,186
El Paso,066-BURNET ELEMENTARY,STRAIGHT PARTY,,REPUBLICAN,REP,55,6,74,0,135,61,74
El Paso,066-BURNET ELEMENTARY,STRAIGHT PARTY,,DEMOCRAT,DEM,210,11,306,0,527,221,306
El Paso,066-BURNET ELEMENTARY,STRAIGHT PARTY,,LIBERTARIAN,LIB,1,0,4,0,5,1,4
El Paso,066-BURNET ELEMENTARY,STRAIGHT PARTY,,GREEN,GRN,1,0,1,0,2,1,1
El Paso,066-BURNET ELEMENTARY,US PRESIDENT,,MITT ROMNEY,REP,115,8,116,0,239,123,116
El Paso,066-BURNET ELEMENTARY,US PRESIDENT,,BARACK OBAMA,DEM,306,13,405,0,724,319,405
El Paso,066-BURNET ELEMENTARY,US PRESIDENT,,GARY JOHNSON,LIB,4,0,6,0,10,4,6
El Paso,066-BURNET ELEMENTARY,US PRESIDENT,,JILL STEIN,GRN,0,0,0,0,0,0,0
El Paso,066-BURNET ELEMENTARY,US PRESIDENT,,WRITE-IN,NP,0,0,0,0,0,0,0
El Paso,066-BURNET ELEMENTARY,US SENATOR,,TED CRUZ,REP,118,8,134,0,260,126,134
El Paso,066-BURNET ELEMENTARY,US SENATOR,,PAUL SADLER,DEM,281,12,361,0,654,293,361
El Paso,066-BURNET ELEMENTARY,US SENATOR,,JOHN JAY MYERS,LIB,8,1,14,0,23,9,14
El Paso,066-BURNET ELEMENTARY,US SENATOR,,DAVID B. COLLINS,GRN,6,0,10,0,16,6,10
El Paso,066-BURNET ELEMENTARY,US REP DISTRICT 16,,BARBARA CARRASCO,REP,111,7,111,0,229,118,111
El Paso,066-BURNET ELEMENTARY,US REP DISTRICT 16,,BETO OROURKE,DEM,301,13,399,0,713,314,399
El Paso,066-BURNET ELEMENTARY,US REP DISTRICT 16,,JUNART SODOY,LIB,3,1,12,0,16,4,12
El Paso,066-BURNET ELEMENTARY,RAILROAD COMMISSIONER,,CHRISTI CRADDICK,REP,99,8,103,0,210,107,103
El Paso,066-BURNET ELEMENTARY,RAILROAD COMMISSIONER,,DALE HENRY,DEM,284,13,372,0,669,297,372
El Paso,066-BURNET ELEMENTARY,RAILROAD COMMISSIONER,,VIVEKANANDA (VIK) WA,LIB,7,0,15,0,22,7,15
El Paso,066-BURNET ELEMENTARY,RAILROAD COMMISSIONER,,CHRIS KENNEDY,GRN,14,0,18,0,32,14,18
El Paso,066-BURNET ELEMENTARY,RAILROAD COMMISSIONER,,BARRY SMITHERMAN,REP,118,10,131,0,259,128,131
El Paso,066-BURNET ELEMENTARY,RAILROAD COMMISSIONER,,JAIME O. PEREZ,LIB,143,2,196,0,341,145,196
El Paso,066-BURNET ELEMENTARY,RAILROAD COMMISSIONER,,JOSH WENDEL,GRN,36,2,48,0,86,38,48
El Paso,066-BURNET ELEMENTARY,"JUSTICE, SUPREME COURT, PLACE 2",,DON WILLETT,REP,164,9,185,0,358,173,185
El Paso,066-BURNET ELEMENTARY,"JUSTICE, SUPREME COURT, PLACE 2",,RS ROBERT KOELSCH,LIB,124,5,177,0,306,129,177
El Paso,066-BURNET ELEMENTARY,"JUSTICE, SUPREME COURT, PLACE 4",,JOHN DEVINE,REP,146,9,172,0,327,155,172
El Paso,066-BURNET ELEMENTARY,"JUSTICE, SUPREME COURT, PLACE 4",,TOM OXFORD,LIB,103,5,121,0,229,108,121
El Paso,066-BURNET ELEMENTARY,"JUSTICE, SUPREME COURT, PLACE 4",,CHARLES E. WATERBURY,GRN,33,0,61,0,94,33,61
El Paso,066-BURNET ELEMENTARY,"JUSTICE, SUPREME COURT, PLACE 6",,NATHAN HECHT,REP,92,8,95,0,195,100,95
El Paso,066-BURNET ELEMENTARY,"JUSTICE, SUPREME COURT, PLACE 6",,MICHELE PETTY,DEM,293,12,382,0,687,305,382
El Paso,066-BURNET ELEMENTARY,"JUSTICE, SUPREME COURT, PLACE 6",,MARK ASH,LIB,13,0,14,0,27,13,14
El Paso,066-BURNET ELEMENTARY,"JUSTICE, SUPREME COURT, PLACE 6",,JIM CHISHOLM,GRN,11,1,18,0,30,12,18
El Paso,066-BURNET ELEMENTARY,"PRESIDING JUDGE, COURT OF CRIMINAL APPEALS",,SHARON KELLER,REP,110,8,110,0,228,118,110
El Paso,066-BURNET ELEMENTARY,"PRESIDING JUDGE, COURT OF CRIMINAL APPEALS",,KEITH HAMPTON,DEM,288,13,382,0,683,301,382
El Paso,066-BURNET ELEMENTARY,"PRESIDING JUDGE, COURT OF CRIMINAL APPEALS",,LANCE STOTT,LIB,9,0,15,0,24,9,15
El Paso,066-BURNET ELEMENTARY,"JUDGE, COURT OF CRIMINAL APPEALS, PLACE 7",,BARBARA PARKER HERVE,REP,169,8,194,0,371,177,194
El Paso,066-BURNET ELEMENTARY,"JUDGE, COURT OF CRIMINAL APPEALS, PLACE 7",,MARK W. BENNETT,LIB,118,6,162,0,286,124,162
El Paso,066-BURNET ELEMENTARY,"JUDGE, COURT OF CRIMINAL APPEALS, PLACE 8",,ELSA ALCALA,REP,171,7,217,0,395,178,217
El Paso,066-BURNET ELEMENTARY,"JUDGE, COURT OF CRIMINAL APPEALS, PLACE 8",,WILLIAM BRYAN STRANG,LIB,109,7,143,0,259,116,143
El Paso,066-BURNET ELEMENTARY,MEMBER STATE BOARD OF EDUCATION DISTRICT 1,,CARLOS CHARLIE GARZA,REP,116,6,127,0,249,122,127
El Paso,066-BURNET ELEMENTARY,MEMBER STATE BOARD OF EDUCATION DISTRICT 1,,MARTHA M. DOMINGUEZ,DEM,293,14,383,0,690,307,383
El Paso,066-BURNET ELEMENTARY,STATE SENATOR DISTRICT 29,,DAN CHAVEZ,REP,97,7,111,0,215,104,111
El Paso,066-BURNET ELEMENTARY,STATE SENATOR DISTRICT 29,,JOSE R. RODRIGUEZ,DEM,317,14,400,0,731,331,400
El Paso,066-BURNET ELEMENTARY,STATE REPRESENTATIVE DISTRICT 77,,MARISA MARQUEZ,DEM,341,14,427,0,782,355,427
El Paso,066-BURNET ELEMENTARY,"CHIEF JUSTICE, COURT OF APPEALS 8TH DISTRICT",,ANN CRAWFORD MCCLURE,DEM,330,15,421,0,766,345,421
El Paso,066-BURNET ELEMENTARY,"JUSTICE, 8TH COURT OF APPEALS DISTRICT, PLACE 2",,CHRIS ANTCLIFF,REP,123,8,117,0,248,131,117
El Paso,066-BURNET ELEMENTARY,"JUSTICE, 8TH COURT OF APPEALS DISTRICT, PLACE 2",,YVONNE RODRIGUEZ,DEM,289,13,391,0,693,302,391
El Paso,066-BURNET ELEMENTARY,"JUSTICE, 8TH COURT OF APPEALS DISTRICT, PLACE 3",,GUADALUPE LUPE RIVER,DEM,338,15,424,0,777,353,424
El Paso,066-BURNET ELEMENTARY,"DISTRICT JUDGE, 34TH JUDICIAL DISTRICT",,BILL MOODY,DEM,334,15,421,0,770,349,421
El Paso,066-BURNET ELEMENTARY,"DISTRICT JUDGE, 41ST JUDICIAL DISTRICT",,ANNA PEREZ,DEM,330,15,422,0,767,345,422
El Paso,066-BURNET ELEMENTARY,"DISTRICT JUDGE, 243RD JUDICIAL DISTRICT",,BILLY DON HICKS,REP,115,8,117,0,240,123,117
El Paso,066-BURNET ELEMENTARY,"DISTRICT JUDGE, 243RD JUDICIAL DISTRICT",,LUIS AGUILAR,DEM,296,13,397,0,706,309,397
El Paso,066-BURNET ELEMENTARY,"DISTRICT JUDGE, 346TH JUDICIAL DISTRICT",,ANGIE J. BARILL,DEM,333,14,424,0,771,347,424
El Paso,066-BURNET ELEMENTARY,"DISTRICT JUDGE, 383RD JUDICIAL DISTRICT",,MIKE HERRERA,DEM,330,15,422,0,767,345,422
El Paso,066-BURNET ELEMENTARY,"DISTRICT JUDGE, 384TH JUDICIAL DISTRICT",,PATRICK M. GARCIA,DEM,335,15,419,0,769,350,419
El Paso,066-BURNET ELEMENTARY,"DISTRICT JUDGE, 388TH JUDICIAL DISTRICT",,LAURA STRATHMANN,DEM,329,14,428,0,771,343,428
El Paso,066-BURNET ELEMENTARY,"DISTRICT JUDGE, 409TH JUDICIAL DISTRICT",,SAM MEDRANO JR,DEM,332,14,421,0,767,346,421
El Paso,066-BURNET ELEMENTARY,"DISTRICT JUDGE, 448TH JUDICIAL DISTRICT",,SERGIO H. ENRIQUEZ,DEM,328,15,415,0,758,343,415
El Paso,066-BURNET ELEMENTARY,"CRIMINAL DISTRICT JUDGE, COURT NO. 1",,DIANE NAVARRETE,DEM,329,15,421,0,765,344,421
El Paso,066-BURNET ELEMENTARY,"FAMILY DISTRICT JUDGE, 65TH JUDICIAL DISTRICT",,YAHARA L. GUTIERREZ,DEM,331,14,422,0,767,345,422
El Paso,066-BURNET ELEMENTARY,"DISTRICT ATTORNEY, 34TH JUDICIAL DISTRICT",,JAIME ESPARZA,DEM,337,15,427,0,779,352,427
El Paso,066-BURNET ELEMENTARY,"JUDGE, COUNTY CRIMINAL COURT NO. 3",,CARLOS CARRASCO,DEM,321,15,425,0,761,336,425
El Paso,066-BURNET ELEMENTARY,"JUDGE, COUNTY CRIMINAL COURT NO. 4",,JESUS HERRERA,DEM,322,14,422,0,758,336,422
El Paso,066-BURNET ELEMENTARY,COUNTY ATTORNEY,,JO ANNE BERNAL,DEM,336,14,420,0,770,350,420
El Paso,066-BURNET ELEMENTARY,SHERIFF,,RICHARD D. WILES,DEM,345,15,434,0,794,360,434
El Paso,066-BURNET ELEMENTARY,COUNTY TAX ASSESSOR COLLECTOR,,VICTOR A. FLORES,DEM,336,16,429,0,781,352,429
El Paso,066-BURNET ELEMENTARY,"CONSTABLE, PRECINCT NO. 2",,JEREMIAH HAGGERTY,DEM,336,15,429,0,780,351,429
El Paso,067-TRAVIS ELEMENTARY,"CITY OF EL PASO, PROPOSITION",,FOR (A FAVOR),NP,303,27,300,2,632,330,302
El Paso,067-TRAVIS ELEMENTARY,"CITY OF EL PASO, PROPOSITION",,AGAINST (EN CONTRA),NP,135,6,110,0,251,141,110
El Paso,067-TRAVIS ELEMENTARY,"CITY OF EL PASO, PROPOSITION",,FOR (A FAVOR),NP,286,24,273,2,585,310,275
El Paso,067-TRAVIS ELEMENTARY,"CITY OF EL PASO, PROPOSITION",,AGAINST (EN CONTRA),NP,144,11,121,0,276,155,121
El Paso,067-TRAVIS ELEMENTARY,"CITY OF EL PASO, PROPOSITION",,FOR (A FAVOR),NP,221,14,229,1,465,235,230
El Paso,067-TRAVIS ELEMENTARY,"CITY OF EL PASO, PROPOSITION",,AGAINST (EN CONTRA),NP,215,16,165,1,397,231,166
El Paso,067-TRAVIS ELEMENTARY,STRAIGHT PARTY,,REPUBLICAN,REP,73,16,62,0,151,89,62
El Paso,067-TRAVIS ELEMENTARY,STRAIGHT PARTY,,DEMOCRAT,DEM,212,5,205,2,424,217,207
El Paso,067-TRAVIS ELEMENTARY,STRAIGHT PARTY,,LIBERTARIAN,LIB,2,0,6,0,8,2,6
El Paso,067-TRAVIS ELEMENTARY,STRAIGHT PARTY,,GREEN,GRN,1,1,2,0,4,2,2
El Paso,067-TRAVIS ELEMENTARY,US PRESIDENT,,MITT ROMNEY,REP,126,22,112,0,260,148,112
El Paso,067-TRAVIS ELEMENTARY,US PRESIDENT,,BARACK OBAMA,DEM,321,16,302,2,641,337,304
El Paso,067-TRAVIS ELEMENTARY,US PRESIDENT,,GARY JOHNSON,LIB,3,1,8,0,12,4,8
El Paso,067-TRAVIS ELEMENTARY,US PRESIDENT,,JILL STEIN,GRN,2,0,3,0,5,2,3
El Paso,067-TRAVIS ELEMENTARY,US PRESIDENT,,WRITE-IN,NP,0,0,0,0,0,0,0
El Paso,067-TRAVIS ELEMENTARY,US SENATOR,,TED CRUZ,REP,139,21,118,0,278,160,118
El Paso,067-TRAVIS ELEMENTARY,US SENATOR,,PAUL SADLER,DEM,291,12,261,2,566,303,263
El Paso,067-TRAVIS ELEMENTARY,US SENATOR,,JOHN JAY MYERS,LIB,11,3,16,0,30,14,16
El Paso,067-TRAVIS ELEMENTARY,US SENATOR,,DAVID B. COLLINS,GRN,7,0,8,0,15,7,8
El Paso,067-TRAVIS ELEMENTARY,US REP DISTRICT 16,,BARBARA CARRASCO,REP,125,23,116,0,264,148,116
El Paso,067-TRAVIS ELEMENTARY,US REP DISTRICT 16,,BETO OROURKE,DEM,313,12,274,2,601,325,276
El Paso,067-TRAVIS ELEMENTARY,US REP DISTRICT 16,,JUNART SODOY,LIB,11,1,14,0,26,12,14
El Paso,067-TRAVIS ELEMENTARY,RAILROAD COMMISSIONER,,CHRISTI CRADDICK,REP,119,23,101,0,243,142,101
El Paso,067-TRAVIS ELEMENTARY,RAILROAD COMMISSIONER,,DALE HENRY,DEM,292,8,257,2,559,300,259
El Paso,067-TRAVIS ELEMENTARY,RAILROAD COMMISSIONER,,VIVEKANANDA (VIK) WA,LIB,5,2,14,0,21,7,14
El Paso,067-TRAVIS ELEMENTARY,RAILROAD COMMISSIONER,,CHRIS KENNEDY,GRN,18,1,22,0,41,19,22
El Paso,067-TRAVIS ELEMENTARY,RAILROAD COMMISSIONER,,BARRY SMITHERMAN,REP,138,22,120,0,280,160,120
El Paso,067-TRAVIS ELEMENTARY,RAILROAD COMMISSIONER,,JAIME O. PEREZ,LIB,162,6,161,2,331,168,163
El Paso,067-TRAVIS ELEMENTARY,RAILROAD COMMISSIONER,,JOSH WENDEL,GRN,37,3,44,0,84,40,44
El Paso,067-TRAVIS ELEMENTARY,"JUSTICE, SUPREME COURT, PLACE 2",,DON WILLETT,REP,185,24,165,0,374,209,165
El Paso,067-TRAVIS ELEMENTARY,"JUSTICE, SUPREME COURT, PLACE 2",,RS ROBERT KOELSCH,LIB,139,7,145,2,293,146,147
El Paso,067-TRAVIS ELEMENTARY,"JUSTICE, SUPREME COURT, PLACE 4",,JOHN DEVINE,REP,155,23,149,0,327,178,149
El Paso,067-TRAVIS ELEMENTARY,"JUSTICE, SUPREME COURT, PLACE 4",,TOM OXFORD,LIB,116,5,109,2,232,121,111
El Paso,067-TRAVIS ELEMENTARY,"JUSTICE, SUPREME COURT, PLACE 4",,CHARLES E. WATERBURY,GRN,57,2,52,0,111,59,52
El Paso,067-TRAVIS ELEMENTARY,"JUSTICE, SUPREME COURT, PLACE 6",,NATHAN HECHT,REP,105,21,91,0,217,126,91
El Paso,067-TRAVIS ELEMENTARY,"JUSTICE, SUPREME COURT, PLACE 6",,MICHELE PETTY,DEM,311,9,275,1,596,320,276
El Paso,067-TRAVIS ELEMENTARY,"JUSTICE, SUPREME COURT, PLACE 6",,MARK ASH,LIB,13,2,19,1,35,15,20
El Paso,067-TRAVIS ELEMENTARY,"JUSTICE, SUPREME COURT, PLACE 6",,JIM CHISHOLM,GRN,10,2,15,0,27,12,15
El Paso,067-TRAVIS ELEMENTARY,"PRESIDING JUDGE, COURT OF CRIMINAL APPEALS",,SHARON KELLER,REP,113,23,101,0,237,136,101
El Paso,067-TRAVIS ELEMENTARY,"PRESIDING JUDGE, COURT OF CRIMINAL APPEALS",,KEITH HAMPTON,DEM,306,9,270,2,587,315,272
El Paso,067-TRAVIS ELEMENTARY,"PRESIDING JUDGE, COURT OF CRIMINAL APPEALS",,LANCE STOTT,LIB,18,2,27,0,47,20,27
El Paso,067-TRAVIS ELEMENTARY,"JUDGE, COURT OF CRIMINAL APPEALS, PLACE 7",,BARBARA PARKER HERVE,REP,173,26,169,0,368,199,169
El Paso,067-TRAVIS ELEMENTARY,"JUDGE, COURT OF CRIMINAL APPEALS, PLACE 7",,MARK W. BENNETT,LIB,151,5,142,2,300,156,144
El Paso,067-TRAVIS ELEMENTARY,"JUDGE, COURT OF CRIMINAL APPEALS, PLACE 8",,ELSA ALCALA,REP,186,24,177,0,387,210,177
El Paso,067-TRAVIS ELEMENTARY,"JUDGE, COURT OF CRIMINAL APPEALS, PLACE 8",,WILLIAM BRYAN STRANG,LIB,141,7,131,2,281,148,133
El Paso,067-TRAVIS ELEMENTARY,MEMBER STATE BOARD OF EDUCATION DISTRICT 1,,CARLOS CHARLIE GARZA,REP,123,22,107,0,252,145,107
El Paso,067-TRAVIS ELEMENTARY,MEMBER STATE BOARD OF EDUCATION DISTRICT 1,,MARTHA M. DOMINGUEZ,DEM,318,12,286,2,618,330,288
El Paso,067-TRAVIS ELEMENTARY,STATE SENATOR DISTRICT 29,,DAN CHAVEZ,REP,115,23,99,0,237,138,99
El Paso,067-TRAVIS ELEMENTARY,STATE SENATOR DISTRICT 29,,JOSE R. RODRIGUEZ,DEM,331,11,297,2,641,342,299
El Paso,067-TRAVIS ELEMENTARY,STATE REPRESENTATIVE DISTRICT 77,,MARISA MARQUEZ,DEM,346,15,320,2,683,361,322
El Paso,067-TRAVIS ELEMENTARY,"CHIEF JUSTICE, COURT OF APPEALS 8TH DISTRICT",,ANN CRAWFORD MCCLURE,DEM,345,15,315,2,677,360,317
El Paso,067-TRAVIS ELEMENTARY,"JUSTICE, 8TH COURT OF APPEALS DISTRICT, PLACE 2",,CHRIS ANTCLIFF,REP,130,21,109,0,260,151,109
El Paso,067-TRAVIS ELEMENTARY,"JUSTICE, 8TH COURT OF APPEALS DISTRICT, PLACE 2",,YVONNE RODRIGUEZ,DEM,313,13,280,2,608,326,282
El Paso,067-TRAVIS ELEMENTARY,"JUSTICE, 8TH COURT OF APPEALS DISTRICT, PLACE 3",,GUADALUPE LUPE RIVER,DEM,344,15,309,2,670,359,311
El Paso,067-TRAVIS ELEMENTARY,"DISTRICT JUDGE, 34TH JUDICIAL DISTRICT",,BILL MOODY,DEM,355,16,316,2,689,371,318
El Paso,067-TRAVIS ELEMENTARY,"DISTRICT JUDGE, 41ST JUDICIAL DISTRICT",,ANNA PEREZ,DEM,341,15,310,2,668,356,312
El Paso,067-TRAVIS ELEMENTARY,"DISTRICT JUDGE, 243RD JUDICIAL DISTRICT",,BILLY DON HICKS,REP,127,21,102,0,250,148,102
El Paso,067-TRAVIS ELEMENTARY,"DISTRICT JUDGE, 243RD JUDICIAL DISTRICT",,LUIS AGUILAR,DEM,311,12,290,2,615,323,292
El Paso,067-TRAVIS ELEMENTARY,"DISTRICT JUDGE, 346TH JUDICIAL DISTRICT",,ANGIE J. BARILL,DEM,345,16,314,2,677,361,316
El Paso,067-TRAVIS ELEMENTARY,"DISTRICT JUDGE, 383RD JUDICIAL DISTRICT",,MIKE HERRERA,DEM,344,15,311,2,672,359,313
El Paso,067-TRAVIS ELEMENTARY,"DISTRICT JUDGE, 384TH JUDICIAL DISTRICT",,PATRICK M. GARCIA,DEM,341,16,312,2,671,357,314
El Paso,067-TRAVIS ELEMENTARY,"DISTRICT JUDGE, 388TH JUDICIAL DISTRICT",,LAURA STRATHMANN,DEM,343,16,313,2,674,359,315
El Paso,067-TRAVIS ELEMENTARY,"DISTRICT JUDGE, 409TH JUDICIAL DISTRICT",,SAM MEDRANO JR,DEM,344,16,314,2,676,360,316
El Paso,067-TRAVIS ELEMENTARY,"DISTRICT JUDGE, 448TH JUDICIAL DISTRICT",,SERGIO H. ENRIQUEZ,DEM,343,16,312,2,673,359,314
El Paso,067-TRAVIS ELEMENTARY,"CRIMINAL DISTRICT JUDGE, COURT NO. 1",,DIANE NAVARRETE,DEM,338,16,314,2,670,354,316
El Paso,067-TRAVIS ELEMENTARY,"FAMILY DISTRICT JUDGE, 65TH JUDICIAL DISTRICT",,YAHARA L. GUTIERREZ,DEM,343,16,307,2,668,359,309
El Paso,067-TRAVIS ELEMENTARY,"DISTRICT ATTORNEY, 34TH JUDICIAL DISTRICT",,JAIME ESPARZA,DEM,336,16,314,2,668,352,316
El Paso,067-TRAVIS ELEMENTARY,"JUDGE, COUNTY CRIMINAL COURT NO. 3",,CARLOS CARRASCO,DEM,345,16,314,2,677,361,316
El Paso,067-TRAVIS ELEMENTARY,"JUDGE, COUNTY CRIMINAL COURT NO. 4",,JESUS HERRERA,DEM,343,16,307,2,668,359,309
El Paso,067-TRAVIS ELEMENTARY,COUNTY ATTORNEY,,JO ANNE BERNAL,DEM,343,16,310,2,671,359,312
El Paso,067-TRAVIS ELEMENTARY,SHERIFF,,RICHARD D. WILES,DEM,361,17,317,2,697,378,319
El Paso,067-TRAVIS ELEMENTARY,COUNTY TAX ASSESSOR COLLECTOR,,VICTOR A. FLORES,DEM,354,17,320,2,693,371,322
El Paso,067-TRAVIS ELEMENTARY,"CONSTABLE, PRECINCT NO. 2",,JEREMIAH HAGGERTY,DEM,347,16,311,2,676,363,313
El Paso,068-KATHY WHITE HOUSE CMPLX,"CITY OF EL PASO, PROPOSITION",,FOR (A FAVOR),NP,84,7,104,0,195,91,104
El Paso,068-KATHY WHITE HOUSE CMPLX,"CITY OF EL PASO, PROPOSITION",,AGAINST (EN CONTRA),NP,29,3,20,0,52,32,20
El Paso,068-KATHY WHITE HOUSE CMPLX,"CITY OF EL PASO, PROPOSITION",,FOR (A FAVOR),NP,82,4,95,0,181,86,95
El Paso,068-KATHY WHITE HOUSE CMPLX,"CITY OF EL PASO, PROPOSITION",,AGAINST (EN CONTRA),NP,30,6,22,0,58,36,22
El Paso,068-KATHY WHITE HOUSE CMPLX,"CITY OF EL PASO, PROPOSITION",,FOR (A FAVOR),NP,57,5,72,0,134,62,72
El Paso,068-KATHY WHITE HOUSE CMPLX,"CITY OF EL PASO, PROPOSITION",,AGAINST (EN CONTRA),NP,52,4,48,0,104,56,48
El Paso,068-KATHY WHITE HOUSE CMPLX,STRAIGHT PARTY,,REPUBLICAN,REP,13,3,19,0,35,16,19
El Paso,068-KATHY WHITE HOUSE CMPLX,STRAIGHT PARTY,,DEMOCRAT,DEM,39,2,59,0,100,41,59
El Paso,068-KATHY WHITE HOUSE CMPLX,STRAIGHT PARTY,,LIBERTARIAN,LIB,2,0,2,0,4,2,2
El Paso,068-KATHY WHITE HOUSE CMPLX,STRAIGHT PARTY,,GREEN,GRN,1,0,2,0,3,1,2
El Paso,068-KATHY WHITE HOUSE CMPLX,US PRESIDENT,,MITT ROMNEY,REP,31,5,30,0,66,36,30
El Paso,068-KATHY WHITE HOUSE CMPLX,US PRESIDENT,,BARACK OBAMA,DEM,76,7,91,0,174,83,91
El Paso,068-KATHY WHITE HOUSE CMPLX,US PRESIDENT,,GARY JOHNSON,LIB,3,0,2,0,5,3,2
El Paso,068-KATHY WHITE HOUSE CMPLX,US PRESIDENT,,JILL STEIN,GRN,0,0,1,0,1,0,1
El Paso,068-KATHY WHITE HOUSE CMPLX,US PRESIDENT,,WRITE-IN,NP,0,0,2,0,2,0,2
El Paso,068-KATHY WHITE HOUSE CMPLX,US SENATOR,,TED CRUZ,REP,31,5,35,0,71,36,35
El Paso,068-KATHY WHITE HOUSE CMPLX,US SENATOR,,PAUL SADLER,DEM,73,6,84,0,163,79,84
El Paso,068-KATHY WHITE HOUSE CMPLX,US SENATOR,,JOHN JAY MYERS,LIB,4,0,1,0,5,4,1
El Paso,068-KATHY WHITE HOUSE CMPLX,US SENATOR,,DAVID B. COLLINS,GRN,0,0,4,0,4,0,4
El Paso,068-KATHY WHITE HOUSE CMPLX,US REP DISTRICT 16,,BARBARA CARRASCO,REP,30,5,26,0,61,35,26
El Paso,068-KATHY WHITE HOUSE CMPLX,US REP DISTRICT 16,,BETO OROURKE,DEM,77,6,96,0,179,83,96
El Paso,068-KATHY WHITE HOUSE CMPLX,US REP DISTRICT 16,,JUNART SODOY,LIB,3,0,1,0,4,3,1
El Paso,068-KATHY WHITE HOUSE CMPLX,RAILROAD COMMISSIONER,,CHRISTI CRADDICK,REP,31,3,29,0,63,34,29
El Paso,068-KATHY WHITE HOUSE CMPLX,RAILROAD COMMISSIONER,,DALE HENRY,DEM,71,5,81,0,157,76,81
El Paso,068-KATHY WHITE HOUSE CMPLX,RAILROAD COMMISSIONER,,VIVEKANANDA (VIK) WA,LIB,2,0,2,0,4,2,2
El Paso,068-KATHY WHITE HOUSE CMPLX,RAILROAD COMMISSIONER,,CHRIS KENNEDY,GRN,6,1,8,0,15,7,8
El Paso,068-KATHY WHITE HOUSE CMPLX,RAILROAD COMMISSIONER,,BARRY SMITHERMAN,REP,35,4,39,0,78,39,39
El Paso,068-KATHY WHITE HOUSE CMPLX,RAILROAD COMMISSIONER,,JAIME O. PEREZ,LIB,41,3,39,0,83,44,39
El Paso,068-KATHY WHITE HOUSE CMPLX,RAILROAD COMMISSIONER,,JOSH WENDEL,GRN,20,2,15,0,37,22,15
El Paso,068-KATHY WHITE HOUSE CMPLX,"JUSTICE, SUPREME COURT, PLACE 2",,DON WILLETT,REP,44,3,50,0,97,47,50
El Paso,068-KATHY WHITE HOUSE CMPLX,"JUSTICE, SUPREME COURT, PLACE 2",,RS ROBERT KOELSCH,LIB,51,7,40,0,98,58,40
El Paso,068-KATHY WHITE HOUSE CMPLX,"JUSTICE, SUPREME COURT, PLACE 4",,JOHN DEVINE,REP,40,3,48,0,91,43,48
El Paso,068-KATHY WHITE HOUSE CMPLX,"JUSTICE, SUPREME COURT, PLACE 4",,TOM OXFORD,LIB,36,3,25,0,64,39,25
El Paso,068-KATHY WHITE HOUSE CMPLX,"JUSTICE, SUPREME COURT, PLACE 4",,CHARLES E. WATERBURY,GRN,23,4,20,0,47,27,20
El Paso,068-KATHY WHITE HOUSE CMPLX,"JUSTICE, SUPREME COURT, PLACE 6",,NATHAN HECHT,REP,29,3,26,0,58,32,26
El Paso,068-KATHY WHITE HOUSE CMPLX,"JUSTICE, SUPREME COURT, PLACE 6",,MICHELE PETTY,DEM,68,7,83,0,158,75,83
El Paso,068-KATHY WHITE HOUSE CMPLX,"JUSTICE, SUPREME COURT, PLACE 6",,MARK ASH,LIB,5,0,6,0,11,5,6
El Paso,068-KATHY WHITE HOUSE CMPLX,"JUSTICE, SUPREME COURT, PLACE 6",,JIM CHISHOLM,GRN,8,0,4,0,12,8,4
El Paso,068-KATHY WHITE HOUSE CMPLX,"PRESIDING JUDGE, COURT OF CRIMINAL APPEALS",,SHARON KELLER,REP,34,4,28,0,66,38,28
El Paso,068-KATHY WHITE HOUSE CMPLX,"PRESIDING JUDGE, COURT OF CRIMINAL APPEALS",,KEITH HAMPTON,DEM,69,6,86,0,161,75,86
El Paso,068-KATHY WHITE HOUSE CMPLX,"PRESIDING JUDGE, COURT OF CRIMINAL APPEALS",,LANCE STOTT,LIB,7,0,3,0,10,7,3
El Paso,068-KATHY WHITE HOUSE CMPLX,"JUDGE, COURT OF CRIMINAL APPEALS, PLACE 7",,BARBARA PARKER HERVE,REP,52,4,49,0,105,56,49
El Paso,068-KATHY WHITE HOUSE CMPLX,"JUDGE, COURT OF CRIMINAL APPEALS, PLACE 7",,MARK W. BENNETT,LIB,45,5,44,0,94,50,44
El Paso,068-KATHY WHITE HOUSE CMPLX,"JUDGE, COURT OF CRIMINAL APPEALS, PLACE 8",,ELSA ALCALA,REP,48,3,54,0,105,51,54
El Paso,068-KATHY WHITE HOUSE CMPLX,"JUDGE, COURT OF CRIMINAL APPEALS, PLACE 8",,WILLIAM BRYAN STRANG,LIB,45,6,41,0,92,51,41
El Paso,068-KATHY WHITE HOUSE CMPLX,MEMBER STATE BOARD OF EDUCATION DISTRICT 1,,CARLOS CHARLIE GARZA,REP,37,3,31,0,71,40,31
El Paso,068-KATHY WHITE HOUSE CMPLX,MEMBER STATE BOARD OF EDUCATION DISTRICT 1,,MARTHA M. DOMINGUEZ,DEM,71,6,84,0,161,77,84
El Paso,068-KATHY WHITE HOUSE CMPLX,STATE SENATOR DISTRICT 29,,DAN CHAVEZ,REP,27,3,28,0,58,30,28
El Paso,068-KATHY WHITE HOUSE CMPLX,STATE SENATOR DISTRICT 29,,JOSE R. RODRIGUEZ,DEM,84,6,91,0,181,90,91
El Paso,068-KATHY WHITE HOUSE CMPLX,STATE REPRESENTATIVE DISTRICT 77,,MARISA MARQUEZ,DEM,88,4,95,0,187,92,95
El Paso,068-KATHY WHITE HOUSE CMPLX,"CHIEF JUSTICE, COURT OF APPEALS 8TH DISTRICT",,ANN CRAWFORD MCCLURE,DEM,86,6,96,0,188,92,96
El Paso,068-KATHY WHITE HOUSE CMPLX,"JUSTICE, 8TH COURT OF APPEALS DISTRICT, PLACE 2",,CHRIS ANTCLIFF,REP,37,5,34,0,76,42,34
El Paso,068-KATHY WHITE HOUSE CMPLX,"JUSTICE, 8TH COURT OF APPEALS DISTRICT, PLACE 2",,YVONNE RODRIGUEZ,DEM,72,4,82,0,158,76,82
El Paso,068-KATHY WHITE HOUSE CMPLX,"JUSTICE, 8TH COURT OF APPEALS DISTRICT, PLACE 3",,GUADALUPE LUPE RIVER,DEM,89,5,96,0,190,94,96
El Paso,068-KATHY WHITE HOUSE CMPLX,"DISTRICT JUDGE, 34TH JUDICIAL DISTRICT",,BILL MOODY,DEM,85,5,93,0,183,90,93
El Paso,068-KATHY WHITE HOUSE CMPLX,"DISTRICT JUDGE, 41ST JUDICIAL DISTRICT",,ANNA PEREZ,DEM,86,5,92,0,183,91,92
El Paso,068-KATHY WHITE HOUSE CMPLX,"DISTRICT JUDGE, 243RD JUDICIAL DISTRICT",,BILLY DON HICKS,REP,38,5,33,0,76,43,33
El Paso,068-KATHY WHITE HOUSE CMPLX,"DISTRICT JUDGE, 243RD JUDICIAL DISTRICT",,LUIS AGUILAR,DEM,69,4,83,0,156,73,83
El Paso,068-KATHY WHITE HOUSE CMPLX,"DISTRICT JUDGE, 346TH JUDICIAL DISTRICT",,ANGIE J. BARILL,DEM,84,5,95,0,184,89,95
El Paso,068-KATHY WHITE HOUSE CMPLX,"DISTRICT JUDGE, 383RD JUDICIAL DISTRICT",,MIKE HERRERA,DEM,83,5,94,0,182,88,94
El Paso,068-KATHY WHITE HOUSE CMPLX,"DISTRICT JUDGE, 384TH JUDICIAL DISTRICT",,PATRICK M. GARCIA,DEM,82,5,93,0,180,87,93
El Paso,068-KATHY WHITE HOUSE CMPLX,"DISTRICT JUDGE, 388TH JUDICIAL DISTRICT",,LAURA STRATHMANN,DEM,84,5,93,0,182,89,93
El Paso,068-KATHY WHITE HOUSE CMPLX,"DISTRICT JUDGE, 409TH JUDICIAL DISTRICT",,SAM MEDRANO JR,DEM,83,5,92,0,180,88,92
El Paso,068-KATHY WHITE HOUSE CMPLX,"DISTRICT JUDGE, 448TH JUDICIAL DISTRICT",,SERGIO H. ENRIQUEZ,DEM,83,5,91,0,179,88,91
El Paso,068-KATHY WHITE HOUSE CMPLX,"CRIMINAL DISTRICT JUDGE, COURT NO. 1",,DIANE NAVARRETE,DEM,81,5,92,0,178,86,92
El Paso,068-KATHY WHITE HOUSE CMPLX,"FAMILY DISTRICT JUDGE, 65TH JUDICIAL DISTRICT",,YAHARA L. GUTIERREZ,DEM,81,5,91,0,177,86,91
El Paso,068-KATHY WHITE HOUSE CMPLX,"DISTRICT ATTORNEY, 34TH JUDICIAL DISTRICT",,JAIME ESPARZA,DEM,82,5,96,0,183,87,96
El Paso,068-KATHY WHITE HOUSE CMPLX,"JUDGE, COUNTY CRIMINAL COURT NO. 3",,CARLOS CARRASCO,DEM,83,5,91,0,179,88,91
El Paso,068-KATHY WHITE HOUSE CMPLX,"JUDGE, COUNTY CRIMINAL COURT NO. 4",,JESUS HERRERA,DEM,82,5,91,0,178,87,91
El Paso,068-KATHY WHITE HOUSE CMPLX,COUNTY ATTORNEY,,JO ANNE BERNAL,DEM,82,5,92,0,179,87,92
El Paso,068-KATHY WHITE HOUSE CMPLX,SHERIFF,,RICHARD D. WILES,DEM,85,5,101,0,191,90,101
El Paso,068-KATHY WHITE HOUSE CMPLX,COUNTY TAX ASSESSOR COLLECTOR,,VICTOR A. FLORES,DEM,85,6,98,0,189,91,98
El Paso,068-KATHY WHITE HOUSE CMPLX,"CONSTABLE, PRECINCT NO. 1",,ROBERT WHITE,DEM,81,5,95,0,181,86,95
El Paso,069-GRAND VIEW PRK SR CTR,"CITY OF EL PASO, PROPOSITION",,FOR (A FAVOR),NP,522,26,569,1,1118,548,570
El Paso,069-GRAND VIEW PRK SR CTR,"CITY OF EL PASO, PROPOSITION",,AGAINST (EN CONTRA),NP,196,15,186,1,398,211,187
El Paso,069-GRAND VIEW PRK SR CTR,"CITY OF EL PASO, PROPOSITION",,FOR (A FAVOR),NP,489,25,528,1,1043,514,529
El Paso,069-GRAND VIEW PRK SR CTR,"CITY OF EL PASO, PROPOSITION",,AGAINST (EN CONTRA),NP,202,16,204,1,423,218,205
El Paso,069-GRAND VIEW PRK SR CTR,"CITY OF EL PASO, PROPOSITION",,FOR (A FAVOR),NP,395,25,415,1,836,420,416
El Paso,069-GRAND VIEW PRK SR CTR,"CITY OF EL PASO, PROPOSITION",,AGAINST (EN CONTRA),NP,312,15,320,1,648,327,321
El Paso,069-GRAND VIEW PRK SR CTR,STRAIGHT PARTY,,REPUBLICAN,REP,87,10,85,0,182,97,85
El Paso,069-GRAND VIEW PRK SR CTR,STRAIGHT PARTY,,DEMOCRAT,DEM,378,22,416,4,820,400,420
El Paso,069-GRAND VIEW PRK SR CTR,STRAIGHT PARTY,,LIBERTARIAN,LIB,5,0,5,0,10,5,5
El Paso,069-GRAND VIEW PRK SR CTR,STRAIGHT PARTY,,GREEN,GRN,2,0,3,0,5,2,3
El Paso,069-GRAND VIEW PRK SR CTR,US PRESIDENT,,MITT ROMNEY,REP,185,14,175,2,376,199,177
El Paso,069-GRAND VIEW PRK SR CTR,US PRESIDENT,,BARACK OBAMA,DEM,529,29,582,4,1144,558,586
El Paso,069-GRAND VIEW PRK SR CTR,US PRESIDENT,,GARY JOHNSON,LIB,12,0,8,0,20,12,8
El Paso,069-GRAND VIEW PRK SR CTR,US PRESIDENT,,JILL STEIN,GRN,3,0,8,0,11,3,8
El Paso,069-GRAND VIEW PRK SR CTR,US PRESIDENT,,WRITE-IN,NP,0,0,1,0,1,0,1
El Paso,069-GRAND VIEW PRK SR CTR,US SENATOR,,TED CRUZ,REP,194,14,211,2,421,208,213
El Paso,069-GRAND VIEW PRK SR CTR,US SENATOR,,PAUL SADLER,DEM,492,27,521,4,1044,519,525
El Paso,069-GRAND VIEW PRK SR CTR,US SENATOR,,JOHN JAY MYERS,LIB,18,1,19,0,38,19,19
El Paso,069-GRAND VIEW PRK SR CTR,US SENATOR,,DAVID B. COLLINS,GRN,6,1,8,0,15,7,8
El Paso,069-GRAND VIEW PRK SR CTR,US REP DISTRICT 16,,BARBARA CARRASCO,REP,172,15,204,2,393,187,206
El Paso,069-GRAND VIEW PRK SR CTR,US REP DISTRICT 16,,BETO OROURKE,DEM,535,28,541,4,1108,563,545
El Paso,069-GRAND VIEW PRK SR CTR,US REP DISTRICT 16,,JUNART SODOY,LIB,12,0,22,0,34,12,22
El Paso,069-GRAND VIEW PRK SR CTR,RAILROAD COMMISSIONER,,CHRISTI CRADDICK,REP,172,14,168,1,355,186,169
El Paso,069-GRAND VIEW PRK SR CTR,RAILROAD COMMISSIONER,,DALE HENRY,DEM,485,24,524,5,1038,509,529
El Paso,069-GRAND VIEW PRK SR CTR,RAILROAD COMMISSIONER,,VIVEKANANDA (VIK) WA,LIB,22,1,20,0,43,23,20
El Paso,069-GRAND VIEW PRK SR CTR,RAILROAD COMMISSIONER,,CHRIS KENNEDY,GRN,21,4,38,0,63,25,38
El Paso,069-GRAND VIEW PRK SR CTR,RAILROAD COMMISSIONER,,BARRY SMITHERMAN,REP,195,16,222,0,433,211,222
El Paso,069-GRAND VIEW PRK SR CTR,RAILROAD COMMISSIONER,,JAIME O. PEREZ,LIB,264,12,304,1,581,276,305
El Paso,069-GRAND VIEW PRK SR CTR,RAILROAD COMMISSIONER,,JOSH WENDEL,GRN,62,6,68,0,136,68,68
El Paso,069-GRAND VIEW PRK SR CTR,"JUSTICE, SUPREME COURT, PLACE 2",,DON WILLETT,REP,264,17,301,2,584,281,303
El Paso,069-GRAND VIEW PRK SR CTR,"JUSTICE, SUPREME COURT, PLACE 2",,RS ROBERT KOELSCH,LIB,245,18,280,0,543,263,280
El Paso,069-GRAND VIEW PRK SR CTR,"JUSTICE, SUPREME COURT, PLACE 4",,JOHN DEVINE,REP,246,17,275,0,538,263,275
El Paso,069-GRAND VIEW PRK SR CTR,"JUSTICE, SUPREME COURT, PLACE 4",,TOM OXFORD,LIB,179,11,217,0,407,190,217
El Paso,069-GRAND VIEW PRK SR CTR,"JUSTICE, SUPREME COURT, PLACE 4",,CHARLES E. WATERBURY,GRN,75,6,87,0,168,81,87
El Paso,069-GRAND VIEW PRK SR CTR,"JUSTICE, SUPREME COURT, PLACE 6",,NATHAN HECHT,REP,148,13,144,0,305,161,144
El Paso,069-GRAND VIEW PRK SR CTR,"JUSTICE, SUPREME COURT, PLACE 6",,MICHELE PETTY,DEM,521,25,565,4,1115,546,569
El Paso,069-GRAND VIEW PRK SR CTR,"JUSTICE, SUPREME COURT, PLACE 6",,MARK ASH,LIB,16,1,26,0,43,17,26
El Paso,069-GRAND VIEW PRK SR CTR,"JUSTICE, SUPREME COURT, PLACE 6",,JIM CHISHOLM,GRN,12,4,14,0,30,16,14
El Paso,069-GRAND VIEW PRK SR CTR,"PRESIDING JUDGE, COURT OF CRIMINAL APPEALS",,SHARON KELLER,REP,171,15,173,0,359,186,173
El Paso,069-GRAND VIEW PRK SR CTR,"PRESIDING JUDGE, COURT OF CRIMINAL APPEALS",,KEITH HAMPTON,DEM,499,27,547,4,1077,526,551
El Paso,069-GRAND VIEW PRK SR CTR,"PRESIDING JUDGE, COURT OF CRIMINAL APPEALS",,LANCE STOTT,LIB,28,0,31,0,59,28,31
El Paso,069-GRAND VIEW PRK SR CTR,"JUDGE, COURT OF CRIMINAL APPEALS, PLACE 7",,BARBARA PARKER HERVE,REP,275,19,302,1,597,294,303
El Paso,069-GRAND VIEW PRK SR CTR,"JUDGE, COURT OF CRIMINAL APPEALS, PLACE 7",,MARK W. BENNETT,LIB,230,15,274,0,519,245,274
El Paso,069-GRAND VIEW PRK SR CTR,"JUDGE, COURT OF CRIMINAL APPEALS, PLACE 8",,ELSA ALCALA,REP,313,20,338,1,672,333,339
El Paso,069-GRAND VIEW PRK SR CTR,"JUDGE, COURT OF CRIMINAL APPEALS, PLACE 8",,WILLIAM BRYAN STRANG,LIB,192,14,232,0,438,206,232
El Paso,069-GRAND VIEW PRK SR CTR,MEMBER STATE BOARD OF EDUCATION DISTRICT 1,,CARLOS CHARLIE GARZA,REP,185,16,177,0,378,201,177
El Paso,069-GRAND VIEW PRK SR CTR,MEMBER STATE BOARD OF EDUCATION DISTRICT 1,,MARTHA M. DOMINGUEZ,DEM,520,27,578,4,1129,547,582
El Paso,069-GRAND VIEW PRK SR CTR,STATE SENATOR DISTRICT 29,,DAN CHAVEZ,REP,153,14,157,0,324,167,157
El Paso,069-GRAND VIEW PRK SR CTR,STATE SENATOR DISTRICT 29,,JOSE R. RODRIGUEZ,DEM,556,29,595,4,1184,585,599
El Paso,069-GRAND VIEW PRK SR CTR,STATE REPRESENTATIVE DISTRICT 77,,MARISA MARQUEZ,DEM,575,33,634,4,1246,608,638
El Paso,069-GRAND VIEW PRK SR CTR,"CHIEF JUSTICE, COURT OF APPEALS 8TH DISTRICT",,ANN CRAWFORD MCCLURE,DEM,561,34,617,4,1216,595,621
El Paso,069-GRAND VIEW PRK SR CTR,"JUSTICE, 8TH COURT OF APPEALS DISTRICT, PLACE 2",,CHRIS ANTCLIFF,REP,162,17,179,0,358,179,179
El Paso,069-GRAND VIEW PRK SR CTR,"JUSTICE, 8TH COURT OF APPEALS DISTRICT, PLACE 2",,YVONNE RODRIGUEZ,DEM,536,25,568,4,1133,561,572
El Paso,069-GRAND VIEW PRK SR CTR,"JUSTICE, 8TH COURT OF APPEALS DISTRICT, PLACE 3",,GUADALUPE LUPE RIVER,DEM,581,34,621,4,1240,615,625
El Paso,069-GRAND VIEW PRK SR CTR,"DISTRICT JUDGE, 34TH JUDICIAL DISTRICT",,BILL MOODY,DEM,573,34,615,4,1226,607,619
El Paso,069-GRAND VIEW PRK SR CTR,"DISTRICT JUDGE, 41ST JUDICIAL DISTRICT",,ANNA PEREZ,DEM,567,34,622,4,1227,601,626
El Paso,069-GRAND VIEW PRK SR CTR,"DISTRICT JUDGE, 243RD JUDICIAL DISTRICT",,BILLY DON HICKS,REP,192,15,181,0,388,207,181
El Paso,069-GRAND VIEW PRK SR CTR,"DISTRICT JUDGE, 243RD JUDICIAL DISTRICT",,LUIS AGUILAR,DEM,514,28,564,4,1110,542,568
El Paso,069-GRAND VIEW PRK SR CTR,"DISTRICT JUDGE, 346TH JUDICIAL DISTRICT",,ANGIE J. BARILL,DEM,573,33,608,4,1218,606,612
El Paso,069-GRAND VIEW PRK SR CTR,"DISTRICT JUDGE, 383RD JUDICIAL DISTRICT",,MIKE HERRERA,DEM,567,33,609,4,1213,600,613
El Paso,069-GRAND VIEW PRK SR CTR,"DISTRICT JUDGE, 384TH JUDICIAL DISTRICT",,PATRICK M. GARCIA,DEM,567,33,611,4,1215,600,615
El Paso,069-GRAND VIEW PRK SR CTR,"DISTRICT JUDGE, 388TH JUDICIAL DISTRICT",,LAURA STRATHMANN,DEM,567,33,613,4,1217,600,617
El Paso,069-GRAND VIEW PRK SR CTR,"DISTRICT JUDGE, 409TH JUDICIAL DISTRICT",,SAM MEDRANO JR,DEM,567,33,620,4,1224,600,624
El Paso,069-GRAND VIEW PRK SR CTR,"DISTRICT JUDGE, 448TH JUDICIAL DISTRICT",,SERGIO H. ENRIQUEZ,DEM,561,33,611,4,1209,594,615
El Paso,069-GRAND VIEW PRK SR CTR,"CRIMINAL DISTRICT JUDGE, COURT NO. 1",,DIANE NAVARRETE,DEM,566,34,617,4,1221,600,621
El Paso,069-GRAND VIEW PRK SR CTR,"FAMILY DISTRICT JUDGE, 65TH JUDICIAL DISTRICT",,YAHARA L. GUTIERREZ,DEM,564,33,613,4,1214,597,617
El Paso,069-GRAND VIEW PRK SR CTR,"DISTRICT ATTORNEY, 34TH JUDICIAL DISTRICT",,JAIME ESPARZA,DEM,580,33,618,4,1235,613,622
El Paso,069-GRAND VIEW PRK SR CTR,"JUDGE, COUNTY CRIMINAL COURT NO. 3",,CARLOS CARRASCO,DEM,569,33,622,4,1228,602,626
El Paso,069-GRAND VIEW PRK SR CTR,"JUDGE, COUNTY CRIMINAL COURT NO. 4",,JESUS HERRERA,DEM,569,33,614,4,1220,602,618
El Paso,069-GRAND VIEW PRK SR CTR,COUNTY ATTORNEY,,JO ANNE BERNAL,DEM,576,33,618,4,1231,609,622
El Paso,069-GRAND VIEW PRK SR CTR,SHERIFF,,RICHARD D. WILES,DEM,591,33,637,4,1265,624,641
El Paso,069-GRAND VIEW PRK SR CTR,COUNTY TAX ASSESSOR COLLECTOR,,VICTOR A. FLORES,DEM,576,34,625,4,1239,610,629
El Paso,069-GRAND VIEW PRK SR CTR,"CONSTABLE, PRECINCT NO. 3",,HECTOR BERNAL,DEM,565,33,612,4,1214,598,616
El Paso,070-PAUL C MORENO ELEMENTARY,"CITY OF EL PASO, PROPOSITION",,FOR (A FAVOR),NP,435,8,401,3,847,443,404
El Paso,070-PAUL C MORENO ELEMENTARY,"CITY OF EL PASO, PROPOSITION",,AGAINST (EN CONTRA),NP,150,19,118,0,287,169,118
El Paso,070-PAUL C MORENO ELEMENTARY,"CITY OF EL PASO, PROPOSITION",,FOR (A FAVOR),NP,399,10,389,3,801,409,392
El Paso,070-PAUL C MORENO ELEMENTARY,"CITY OF EL PASO, PROPOSITION",,AGAINST (EN CONTRA),NP,160,17,120,0,297,177,120
El Paso,070-PAUL C MORENO ELEMENTARY,"CITY OF EL PASO, PROPOSITION",,FOR (A FAVOR),NP,314,9,305,3,631,323,308
El Paso,070-PAUL C MORENO ELEMENTARY,"CITY OF EL PASO, PROPOSITION",,AGAINST (EN CONTRA),NP,252,17,204,0,473,269,204
El Paso,070-PAUL C MORENO ELEMENTARY,STRAIGHT PARTY,,REPUBLICAN,REP,63,4,55,1,123,67,56
El Paso,070-PAUL C MORENO ELEMENTARY,STRAIGHT PARTY,,DEMOCRAT,DEM,291,16,259,1,567,307,260
El Paso,070-PAUL C MORENO ELEMENTARY,STRAIGHT PARTY,,LIBERTARIAN,LIB,4,0,9,0,13,4,9
El Paso,070-PAUL C MORENO ELEMENTARY,STRAIGHT PARTY,,GREEN,GRN,2,0,1,0,3,2,1
El Paso,070-PAUL C MORENO ELEMENTARY,US PRESIDENT,,MITT ROMNEY,REP,121,8,110,2,241,129,112
El Paso,070-PAUL C MORENO ELEMENTARY,US PRESIDENT,,BARACK OBAMA,DEM,458,23,400,1,882,481,401
El Paso,070-PAUL C MORENO ELEMENTARY,US PRESIDENT,,GARY JOHNSON,LIB,10,1,10,0,21,11,10
El Paso,070-PAUL C MORENO ELEMENTARY,US PRESIDENT,,JILL STEIN,GRN,3,0,2,0,5,3,2
El Paso,070-PAUL C MORENO ELEMENTARY,US PRESIDENT,,WRITE-IN,NP,0,0,2,0,2,0,2
El Paso,070-PAUL C MORENO ELEMENTARY,US SENATOR,,TED CRUZ,REP,142,6,134,2,284,148,136
El Paso,070-PAUL C MORENO ELEMENTARY,US SENATOR,,PAUL SADLER,DEM,412,21,352,1,786,433,353
El Paso,070-PAUL C MORENO ELEMENTARY,US SENATOR,,JOHN JAY MYERS,LIB,16,2,15,0,33,18,15
El Paso,070-PAUL C MORENO ELEMENTARY,US SENATOR,,DAVID B. COLLINS,GRN,8,0,9,0,17,8,9
El Paso,070-PAUL C MORENO ELEMENTARY,US REP DISTRICT 16,,BARBARA CARRASCO,REP,132,6,109,1,248,138,110
El Paso,070-PAUL C MORENO ELEMENTARY,US REP DISTRICT 16,,BETO OROURKE,DEM,452,24,397,2,875,476,399
El Paso,070-PAUL C MORENO ELEMENTARY,US REP DISTRICT 16,,JUNART SODOY,LIB,8,1,12,0,21,9,12
El Paso,070-PAUL C MORENO ELEMENTARY,RAILROAD COMMISSIONER,,CHRISTI CRADDICK,REP,105,6,99,2,212,111,101
El Paso,070-PAUL C MORENO ELEMENTARY,RAILROAD COMMISSIONER,,DALE HENRY,DEM,404,21,357,1,783,425,358
El Paso,070-PAUL C MORENO ELEMENTARY,RAILROAD COMMISSIONER,,VIVEKANANDA (VIK) WA,LIB,25,1,19,0,45,26,19
El Paso,070-PAUL C MORENO ELEMENTARY,RAILROAD COMMISSIONER,,CHRIS KENNEDY,GRN,31,0,25,0,56,31,25
El Paso,070-PAUL C MORENO ELEMENTARY,RAILROAD COMMISSIONER,,BARRY SMITHERMAN,REP,136,7,124,2,269,143,126
El Paso,070-PAUL C MORENO ELEMENTARY,RAILROAD COMMISSIONER,,JAIME O. PEREZ,LIB,218,3,206,0,427,221,206
El Paso,070-PAUL C MORENO ELEMENTARY,RAILROAD COMMISSIONER,,JOSH WENDEL,GRN,82,0,49,0,131,82,49
El Paso,070-PAUL C MORENO ELEMENTARY,"JUSTICE, SUPREME COURT, PLACE 2",,DON WILLETT,REP,194,9,163,2,368,203,165
El Paso,070-PAUL C MORENO ELEMENTARY,"JUSTICE, SUPREME COURT, PLACE 2",,RS ROBERT KOELSCH,LIB,222,2,193,0,417,224,193
El Paso,070-PAUL C MORENO ELEMENTARY,"JUSTICE, SUPREME COURT, PLACE 4",,JOHN DEVINE,REP,175,8,154,2,339,183,156
El Paso,070-PAUL C MORENO ELEMENTARY,"JUSTICE, SUPREME COURT, PLACE 4",,TOM OXFORD,LIB,164,4,161,0,329,168,161
El Paso,070-PAUL C MORENO ELEMENTARY,"JUSTICE, SUPREME COURT, PLACE 4",,CHARLES E. WATERBURY,GRN,90,0,46,0,136,90,46
El Paso,070-PAUL C MORENO ELEMENTARY,"JUSTICE, SUPREME COURT, PLACE 6",,NATHAN HECHT,REP,100,6,95,2,203,106,97
El Paso,070-PAUL C MORENO ELEMENTARY,"JUSTICE, SUPREME COURT, PLACE 6",,MICHELE PETTY,DEM,421,18,366,1,806,439,367
El Paso,070-PAUL C MORENO ELEMENTARY,"JUSTICE, SUPREME COURT, PLACE 6",,MARK ASH,LIB,23,1,24,0,48,24,24
El Paso,070-PAUL C MORENO ELEMENTARY,"JUSTICE, SUPREME COURT, PLACE 6",,JIM CHISHOLM,GRN,21,0,9,0,30,21,9
El Paso,070-PAUL C MORENO ELEMENTARY,"PRESIDING JUDGE, COURT OF CRIMINAL APPEALS",,SHARON KELLER,REP,113,5,104,2,224,118,106
El Paso,070-PAUL C MORENO ELEMENTARY,"PRESIDING JUDGE, COURT OF CRIMINAL APPEALS",,KEITH HAMPTON,DEM,421,18,365,1,805,439,366
El Paso,070-PAUL C MORENO ELEMENTARY,"PRESIDING JUDGE, COURT OF CRIMINAL APPEALS",,LANCE STOTT,LIB,27,0,25,0,52,27,25
El Paso,070-PAUL C MORENO ELEMENTARY,"JUDGE, COURT OF CRIMINAL APPEALS, PLACE 7",,BARBARA PARKER HERVE,REP,185,7,173,2,367,192,175
El Paso,070-PAUL C MORENO ELEMENTARY,"JUDGE, COURT OF CRIMINAL APPEALS, PLACE 7",,MARK W. BENNETT,LIB,236,5,183,0,424,241,183
El Paso,070-PAUL C MORENO ELEMENTARY,"JUDGE, COURT OF CRIMINAL APPEALS, PLACE 8",,ELSA ALCALA,REP,210,8,192,2,412,218,194
El Paso,070-PAUL C MORENO ELEMENTARY,"JUDGE, COURT OF CRIMINAL APPEALS, PLACE 8",,WILLIAM BRYAN STRANG,LIB,200,2,165,0,367,202,165
El Paso,070-PAUL C MORENO ELEMENTARY,MEMBER STATE BOARD OF EDUCATION DISTRICT 1,,CARLOS CHARLIE GARZA,REP,120,6,112,2,240,126,114
El Paso,070-PAUL C MORENO ELEMENTARY,MEMBER STATE BOARD OF EDUCATION DISTRICT 1,,MARTHA M. DOMINGUEZ,DEM,439,22,388,1,850,461,389
El Paso,070-PAUL C MORENO ELEMENTARY,STATE SENATOR DISTRICT 29,,DAN CHAVEZ,REP,117,6,86,2,211,123,88
El Paso,070-PAUL C MORENO ELEMENTARY,STATE SENATOR DISTRICT 29,,JOSE R. RODRIGUEZ,DEM,462,23,424,1,910,485,425
El Paso,070-PAUL C MORENO ELEMENTARY,STATE REPRESENTATIVE DISTRICT 77,,MARISA MARQUEZ,DEM,465,19,410,2,896,484,412
El Paso,070-PAUL C MORENO ELEMENTARY,"CHIEF JUSTICE, COURT OF APPEALS 8TH DISTRICT",,ANN CRAWFORD MCCLURE,DEM,468,19,411,2,900,487,413
El Paso,070-PAUL C MORENO ELEMENTARY,"JUSTICE, 8TH COURT OF APPEALS DISTRICT, PLACE 2",,CHRIS ANTCLIFF,REP,149,6,104,2,261,155,106
El Paso,070-PAUL C MORENO ELEMENTARY,"JUSTICE, 8TH COURT OF APPEALS DISTRICT, PLACE 2",,YVONNE RODRIGUEZ,DEM,420,22,403,1,846,442,404
El Paso,070-PAUL C MORENO ELEMENTARY,"JUSTICE, 8TH COURT OF APPEALS DISTRICT, PLACE 3",,GUADALUPE LUPE RIVER,DEM,464,20,418,2,904,484,420
El Paso,070-PAUL C MORENO ELEMENTARY,"DISTRICT JUDGE, 34TH JUDICIAL DISTRICT",,BILL MOODY,DEM,475,20,425,2,922,495,427
El Paso,070-PAUL C MORENO ELEMENTARY,"DISTRICT JUDGE, 41ST JUDICIAL DISTRICT",,ANNA PEREZ,DEM,464,19,412,2,897,483,414
El Paso,070-PAUL C MORENO ELEMENTARY,"DISTRICT JUDGE, 243RD JUDICIAL DISTRICT",,BILLY DON HICKS,REP,155,8,142,2,307,163,144
El Paso,070-PAUL C MORENO ELEMENTARY,"DISTRICT JUDGE, 243RD JUDICIAL DISTRICT",,LUIS AGUILAR,DEM,408,17,351,1,777,425,352
El Paso,070-PAUL C MORENO ELEMENTARY,"DISTRICT JUDGE, 346TH JUDICIAL DISTRICT",,ANGIE J. BARILL,DEM,460,19,412,2,893,479,414
El Paso,070-PAUL C MORENO ELEMENTARY,"DISTRICT JUDGE, 383RD JUDICIAL DISTRICT",,MIKE HERRERA,DEM,459,19,408,2,888,478,410
El Paso,070-PAUL C MORENO ELEMENTARY,"DISTRICT JUDGE, 384TH JUDICIAL DISTRICT",,PATRICK M. GARCIA,DEM,459,19,409,2,889,478,411
El Paso,070-PAUL C MORENO ELEMENTARY,"DISTRICT JUDGE, 388TH JUDICIAL DISTRICT",,LAURA STRATHMANN,DEM,462,19,415,2,898,481,417
El Paso,070-PAUL C MORENO ELEMENTARY,"DISTRICT JUDGE, 409TH JUDICIAL DISTRICT",,SAM MEDRANO JR,DEM,459,19,414,2,894,478,416
El Paso,070-PAUL C MORENO ELEMENTARY,"DISTRICT JUDGE, 448TH JUDICIAL DISTRICT",,SERGIO H. ENRIQUEZ,DEM,456,21,408,2,887,477,410
El Paso,070-PAUL C MORENO ELEMENTARY,"CRIMINAL DISTRICT JUDGE, COURT NO. 1",,DIANE NAVARRETE,DEM,464,19,407,2,892,483,409
El Paso,070-PAUL C MORENO ELEMENTARY,"FAMILY DISTRICT JUDGE, 65TH JUDICIAL DISTRICT",,YAHARA L. GUTIERREZ,DEM,463,19,420,2,904,482,422
El Paso,070-PAUL C MORENO ELEMENTARY,"DISTRICT ATTORNEY, 34TH JUDICIAL DISTRICT",,JAIME ESPARZA,DEM,468,19,419,2,908,487,421
El Paso,070-PAUL C MORENO ELEMENTARY,"JUDGE, COUNTY CRIMINAL COURT NO. 3",,CARLOS CARRASCO,DEM,462,20,412,2,896,482,414
El Paso,070-PAUL C MORENO ELEMENTARY,"JUDGE, COUNTY CRIMINAL COURT NO. 4",,JESUS HERRERA,DEM,464,21,412,2,899,485,414
El Paso,070-PAUL C MORENO ELEMENTARY,COUNTY ATTORNEY,,JO ANNE BERNAL,DEM,468,19,421,2,910,487,423
El Paso,070-PAUL C MORENO ELEMENTARY,SHERIFF,,RICHARD D. WILES,DEM,483,23,426,2,934,506,428
El Paso,070-PAUL C MORENO ELEMENTARY,COUNTY TAX ASSESSOR COLLECTOR,,VICTOR A. FLORES,DEM,480,23,428,2,933,503,430
El Paso,070-PAUL C MORENO ELEMENTARY,"CONSTABLE, PRECINCT NO. 3",,HECTOR BERNAL,DEM,460,22,424,2,908,482,426
El Paso,071-MEMORIAL PRK SR CTR,"CITY OF EL PASO, PROPOSITION",,FOR (A FAVOR),NP,316,13,364,0,693,329,364
El Paso,071-MEMORIAL PRK SR CTR,"CITY OF EL PASO, PROPOSITION",,AGAINST (EN CONTRA),NP,107,7,102,0,216,114,102
El Paso,071-MEMORIAL PRK SR CTR,"CITY OF EL PASO, PROPOSITION",,FOR (A FAVOR),NP,295,12,349,0,656,307,349
El Paso,071-MEMORIAL PRK SR CTR,"CITY OF EL PASO, PROPOSITION",,AGAINST (EN CONTRA),NP,113,8,108,0,229,121,108
El Paso,071-MEMORIAL PRK SR CTR,"CITY OF EL PASO, PROPOSITION",,FOR (A FAVOR),NP,242,10,293,0,545,252,293
El Paso,071-MEMORIAL PRK SR CTR,"CITY OF EL PASO, PROPOSITION",,AGAINST (EN CONTRA),NP,177,9,167,0,353,186,167
El Paso,071-MEMORIAL PRK SR CTR,STRAIGHT PARTY,,REPUBLICAN,REP,47,8,52,0,107,55,52
El Paso,071-MEMORIAL PRK SR CTR,STRAIGHT PARTY,,DEMOCRAT,DEM,180,4,230,0,414,184,230
El Paso,071-MEMORIAL PRK SR CTR,STRAIGHT PARTY,,LIBERTARIAN,LIB,4,0,3,0,7,4,3
El Paso,071-MEMORIAL PRK SR CTR,STRAIGHT PARTY,,GREEN,GRN,0,0,1,0,1,0,1
El Paso,071-MEMORIAL PRK SR CTR,US PRESIDENT,,MITT ROMNEY,REP,112,11,120,0,243,123,120
El Paso,071-MEMORIAL PRK SR CTR,US PRESIDENT,,BARACK OBAMA,DEM,308,10,351,0,669,318,351
El Paso,071-MEMORIAL PRK SR CTR,US PRESIDENT,,GARY JOHNSON,LIB,5,0,6,0,11,5,6
El Paso,071-MEMORIAL PRK SR CTR,US PRESIDENT,,JILL STEIN,GRN,0,0,3,0,3,0,3
El Paso,071-MEMORIAL PRK SR CTR,US PRESIDENT,,WRITE-IN,NP,0,0,1,0,1,0,1
El Paso,071-MEMORIAL PRK SR CTR,US SENATOR,,TED CRUZ,REP,119,11,133,0,263,130,133
El Paso,071-MEMORIAL PRK SR CTR,US SENATOR,,PAUL SADLER,DEM,290,9,321,0,620,299,321
El Paso,071-MEMORIAL PRK SR CTR,US SENATOR,,JOHN JAY MYERS,LIB,8,1,13,0,22,9,13
El Paso,071-MEMORIAL PRK SR CTR,US SENATOR,,DAVID B. COLLINS,GRN,4,0,7,0,11,4,7
El Paso,071-MEMORIAL PRK SR CTR,US REP DISTRICT 16,,BARBARA CARRASCO,REP,103,10,123,0,236,113,123
El Paso,071-MEMORIAL PRK SR CTR,US REP DISTRICT 16,,BETO OROURKE,DEM,306,11,343,0,660,317,343
El Paso,071-MEMORIAL PRK SR CTR,US REP DISTRICT 16,,JUNART SODOY,LIB,5,0,9,0,14,5,9
El Paso,071-MEMORIAL PRK SR CTR,RAILROAD COMMISSIONER,,CHRISTI CRADDICK,REP,101,11,105,0,217,112,105
El Paso,071-MEMORIAL PRK SR CTR,RAILROAD COMMISSIONER,,DALE HENRY,DEM,264,7,299,0,570,271,299
El Paso,071-MEMORIAL PRK SR CTR,RAILROAD COMMISSIONER,,VIVEKANANDA (VIK) WA,LIB,15,1,13,0,29,16,13
El Paso,071-MEMORIAL PRK SR CTR,RAILROAD COMMISSIONER,,CHRIS KENNEDY,GRN,21,0,29,0,50,21,29
El Paso,071-MEMORIAL PRK SR CTR,RAILROAD COMMISSIONER,,BARRY SMITHERMAN,REP,114,10,129,0,253,124,129
El Paso,071-MEMORIAL PRK SR CTR,RAILROAD COMMISSIONER,,JAIME O. PEREZ,LIB,147,4,180,0,331,151,180
El Paso,071-MEMORIAL PRK SR CTR,RAILROAD COMMISSIONER,,JOSH WENDEL,GRN,62,1,45,0,108,63,45
El Paso,071-MEMORIAL PRK SR CTR,"JUSTICE, SUPREME COURT, PLACE 2",,DON WILLETT,REP,158,11,180,0,349,169,180
El Paso,071-MEMORIAL PRK SR CTR,"JUSTICE, SUPREME COURT, PLACE 2",,RS ROBERT KOELSCH,LIB,151,5,159,0,315,156,159
El Paso,071-MEMORIAL PRK SR CTR,"JUSTICE, SUPREME COURT, PLACE 4",,JOHN DEVINE,REP,132,11,164,0,307,143,164
El Paso,071-MEMORIAL PRK SR CTR,"JUSTICE, SUPREME COURT, PLACE 4",,TOM OXFORD,LIB,111,4,113,0,228,115,113
El Paso,071-MEMORIAL PRK SR CTR,"JUSTICE, SUPREME COURT, PLACE 4",,CHARLES E. WATERBURY,GRN,70,0,61,0,131,70,61
El Paso,071-MEMORIAL PRK SR CTR,"JUSTICE, SUPREME COURT, PLACE 6",,NATHAN HECHT,REP,99,9,96,0,204,108,96
El Paso,071-MEMORIAL PRK SR CTR,"JUSTICE, SUPREME COURT, PLACE 6",,MICHELE PETTY,DEM,283,8,328,0,619,291,328
El Paso,071-MEMORIAL PRK SR CTR,"JUSTICE, SUPREME COURT, PLACE 6",,MARK ASH,LIB,15,1,11,0,27,16,11
El Paso,071-MEMORIAL PRK SR CTR,"JUSTICE, SUPREME COURT, PLACE 6",,JIM CHISHOLM,GRN,14,0,16,0,30,14,16
El Paso,071-MEMORIAL PRK SR CTR,"PRESIDING JUDGE, COURT OF CRIMINAL APPEALS",,SHARON KELLER,REP,112,8,114,0,234,120,114
El Paso,071-MEMORIAL PRK SR CTR,"PRESIDING JUDGE, COURT OF CRIMINAL APPEALS",,KEITH HAMPTON,DEM,274,8,320,0,602,282,320
El Paso,071-MEMORIAL PRK SR CTR,"PRESIDING JUDGE, COURT OF CRIMINAL APPEALS",,LANCE STOTT,LIB,21,1,17,0,39,22,17
El Paso,071-MEMORIAL PRK SR CTR,"JUDGE, COURT OF CRIMINAL APPEALS, PLACE 7",,BARBARA PARKER HERVE,REP,153,10,171,0,334,163,171
El Paso,071-MEMORIAL PRK SR CTR,"JUDGE, COURT OF CRIMINAL APPEALS, PLACE 7",,MARK W. BENNETT,LIB,150,5,164,0,319,155,164
El Paso,071-MEMORIAL PRK SR CTR,"JUDGE, COURT OF CRIMINAL APPEALS, PLACE 8",,ELSA ALCALA,REP,165,10,202,0,377,175,202
El Paso,071-MEMORIAL PRK SR CTR,"JUDGE, COURT OF CRIMINAL APPEALS, PLACE 8",,WILLIAM BRYAN STRANG,LIB,140,5,138,0,283,145,138
El Paso,071-MEMORIAL PRK SR CTR,MEMBER STATE BOARD OF EDUCATION DISTRICT 1,,CARLOS CHARLIE GARZA,REP,103,10,117,0,230,113,117
El Paso,071-MEMORIAL PRK SR CTR,MEMBER STATE BOARD OF EDUCATION DISTRICT 1,,MARTHA M. DOMINGUEZ,DEM,300,8,338,0,646,308,338
El Paso,071-MEMORIAL PRK SR CTR,STATE SENATOR DISTRICT 29,,DAN CHAVEZ,REP,104,11,108,0,223,115,108
El Paso,071-MEMORIAL PRK SR CTR,STATE SENATOR DISTRICT 29,,JOSE R. RODRIGUEZ,DEM,309,8,357,0,674,317,357
El Paso,071-MEMORIAL PRK SR CTR,STATE REPRESENTATIVE DISTRICT 77,,MARISA MARQUEZ,DEM,328,10,381,0,719,338,381
El Paso,071-MEMORIAL PRK SR CTR,"CHIEF JUSTICE, COURT OF APPEALS 8TH DISTRICT",,ANN CRAWFORD MCCLURE,DEM,325,9,366,0,700,334,366
El Paso,071-MEMORIAL PRK SR CTR,"JUSTICE, 8TH COURT OF APPEALS DISTRICT, PLACE 2",,CHRIS ANTCLIFF,REP,134,12,122,0,268,146,122
El Paso,071-MEMORIAL PRK SR CTR,"JUSTICE, 8TH COURT OF APPEALS DISTRICT, PLACE 2",,YVONNE RODRIGUEZ,DEM,277,8,336,0,621,285,336
El Paso,071-MEMORIAL PRK SR CTR,"JUSTICE, 8TH COURT OF APPEALS DISTRICT, PLACE 3",,GUADALUPE LUPE RIVER,DEM,325,9,377,0,711,334,377
El Paso,071-MEMORIAL PRK SR CTR,"DISTRICT JUDGE, 34TH JUDICIAL DISTRICT",,BILL MOODY,DEM,320,9,371,0,700,329,371
El Paso,071-MEMORIAL PRK SR CTR,"DISTRICT JUDGE, 41ST JUDICIAL DISTRICT",,ANNA PEREZ,DEM,315,9,365,0,689,324,365
El Paso,071-MEMORIAL PRK SR CTR,"DISTRICT JUDGE, 243RD JUDICIAL DISTRICT",,BILLY DON HICKS,REP,137,10,126,0,273,147,126
El Paso,071-MEMORIAL PRK SR CTR,"DISTRICT JUDGE, 243RD JUDICIAL DISTRICT",,LUIS AGUILAR,DEM,269,8,329,0,606,277,329
El Paso,071-MEMORIAL PRK SR CTR,"DISTRICT JUDGE, 346TH JUDICIAL DISTRICT",,ANGIE J. BARILL,DEM,316,9,364,0,689,325,364
El Paso,071-MEMORIAL PRK SR CTR,"DISTRICT JUDGE, 383RD JUDICIAL DISTRICT",,MIKE HERRERA,DEM,315,9,363,0,687,324,363
El Paso,071-MEMORIAL PRK SR CTR,"DISTRICT JUDGE, 384TH JUDICIAL DISTRICT",,PATRICK M. GARCIA,DEM,323,9,363,0,695,332,363
El Paso,071-MEMORIAL PRK SR CTR,"DISTRICT JUDGE, 388TH JUDICIAL DISTRICT",,LAURA STRATHMANN,DEM,320,9,360,0,689,329,360
El Paso,071-MEMORIAL PRK SR CTR,"DISTRICT JUDGE, 409TH JUDICIAL DISTRICT",,SAM MEDRANO JR,DEM,315,9,364,0,688,324,364
El Paso,071-MEMORIAL PRK SR CTR,"DISTRICT JUDGE, 448TH JUDICIAL DISTRICT",,SERGIO H. ENRIQUEZ,DEM,316,9,362,0,687,325,362
El Paso,071-MEMORIAL PRK SR CTR,"CRIMINAL DISTRICT JUDGE, COURT NO. 1",,DIANE NAVARRETE,DEM,316,9,358,0,683,325,358
El Paso,071-MEMORIAL PRK SR CTR,"FAMILY DISTRICT JUDGE, 65TH JUDICIAL DISTRICT",,YAHARA L. GUTIERREZ,DEM,316,9,362,0,687,325,362
El Paso,071-MEMORIAL PRK SR CTR,"DISTRICT ATTORNEY, 34TH JUDICIAL DISTRICT",,JAIME ESPARZA,DEM,312,9,362,0,683,321,362
El Paso,071-MEMORIAL PRK SR CTR,"JUDGE, COUNTY CRIMINAL COURT NO. 3",,CARLOS CARRASCO,DEM,313,9,359,0,681,322,359
El Paso,071-MEMORIAL PRK SR CTR,"JUDGE, COUNTY CRIMINAL COURT NO. 4",,JESUS HERRERA,DEM,311,9,360,0,680,320,360
El Paso,071-MEMORIAL PRK SR CTR,COUNTY ATTORNEY,,JO ANNE BERNAL,DEM,315,9,370,0,694,324,370
El Paso,071-MEMORIAL PRK SR CTR,SHERIFF,,RICHARD D. WILES,DEM,328,9,371,0,708,337,371
El Paso,071-MEMORIAL PRK SR CTR,COUNTY TAX ASSESSOR COLLECTOR,,VICTOR A. FLORES,DEM,328,9,369,0,706,337,369
El Paso,071-MEMORIAL PRK SR CTR,"CONSTABLE, PRECINCT NO. 3",,HECTOR BERNAL,DEM,311,8,361,0,680,319,361
El Paso,072-AUSTIN HIGH,"CITY OF EL PASO, PROPOSITION",,FOR (A FAVOR),NP,142,8,252,0,402,150,252
El Paso,072-AUSTIN HIGH,"CITY OF EL PASO, PROPOSITION",,AGAINST (EN CONTRA),NP,64,8,64,0,136,72,64
El Paso,072-AUSTIN HIGH,"CITY OF EL PASO, PROPOSITION",,FOR (A FAVOR),NP,126,9,226,0,361,135,226
El Paso,072-AUSTIN HIGH,"CITY OF EL PASO, PROPOSITION",,AGAINST (EN CONTRA),NP,74,7,68,0,149,81,68
El Paso,072-AUSTIN HIGH,"CITY OF EL PASO, PROPOSITION",,FOR (A FAVOR),NP,99,7,192,0,298,106,192
El Paso,072-AUSTIN HIGH,"CITY OF EL PASO, PROPOSITION",,AGAINST (EN CONTRA),NP,103,9,111,0,223,112,111
El Paso,072-AUSTIN HIGH,STRAIGHT PARTY,,REPUBLICAN,REP,24,2,27,0,53,26,27
El Paso,072-AUSTIN HIGH,STRAIGHT PARTY,,DEMOCRAT,DEM,113,7,200,0,320,120,200
El Paso,072-AUSTIN HIGH,STRAIGHT PARTY,,LIBERTARIAN,LIB,1,0,1,0,2,1,1
El Paso,072-AUSTIN HIGH,STRAIGHT PARTY,,GREEN,GRN,1,1,1,0,3,2,1
El Paso,072-AUSTIN HIGH,US PRESIDENT,,MITT ROMNEY,REP,46,6,58,0,110,52,58
El Paso,072-AUSTIN HIGH,US PRESIDENT,,BARACK OBAMA,DEM,170,10,269,0,449,180,269
El Paso,072-AUSTIN HIGH,US PRESIDENT,,GARY JOHNSON,LIB,1,0,2,0,3,1,2
El Paso,072-AUSTIN HIGH,US PRESIDENT,,JILL STEIN,GRN,0,0,3,0,3,0,3
El Paso,072-AUSTIN HIGH,US PRESIDENT,,WRITE-IN,NP,0,0,2,0,2,0,2
El Paso,072-AUSTIN HIGH,US SENATOR,,TED CRUZ,REP,54,5,73,0,132,59,73
El Paso,072-AUSTIN HIGH,US SENATOR,,PAUL SADLER,DEM,152,10,238,0,400,162,238
El Paso,072-AUSTIN HIGH,US SENATOR,,JOHN JAY MYERS,LIB,3,0,8,0,11,3,8
El Paso,072-AUSTIN HIGH,US SENATOR,,DAVID B. COLLINS,GRN,2,1,6,0,9,3,6
El Paso,072-AUSTIN HIGH,US REP DISTRICT 16,,BARBARA CARRASCO,REP,52,4,62,0,118,56,62
El Paso,072-AUSTIN HIGH,US REP DISTRICT 16,,BETO OROURKE,DEM,162,12,253,0,427,174,253
El Paso,072-AUSTIN HIGH,US REP DISTRICT 16,,JUNART SODOY,LIB,3,0,12,0,15,3,12
El Paso,072-AUSTIN HIGH,RAILROAD COMMISSIONER,,CHRISTI CRADDICK,REP,44,6,49,0,99,50,49
El Paso,072-AUSTIN HIGH,RAILROAD COMMISSIONER,,DALE HENRY,DEM,149,10,249,0,408,159,249
El Paso,072-AUSTIN HIGH,RAILROAD COMMISSIONER,,VIVEKANANDA (VIK) WA,LIB,7,0,6,0,13,7,6
El Paso,072-AUSTIN HIGH,RAILROAD COMMISSIONER,,CHRIS KENNEDY,GRN,5,0,13,0,18,5,13
El Paso,072-AUSTIN HIGH,RAILROAD COMMISSIONER,,BARRY SMITHERMAN,REP,58,6,70,0,134,64,70
El Paso,072-AUSTIN HIGH,RAILROAD COMMISSIONER,,JAIME O. PEREZ,LIB,72,3,124,0,199,75,124
El Paso,072-AUSTIN HIGH,RAILROAD COMMISSIONER,,JOSH WENDEL,GRN,17,0,24,0,41,17,24
El Paso,072-AUSTIN HIGH,"JUSTICE, SUPREME COURT, PLACE 2",,DON WILLETT,REP,72,6,102,0,180,78,102
El Paso,072-AUSTIN HIGH,"JUSTICE, SUPREME COURT, PLACE 2",,RS ROBERT KOELSCH,LIB,71,3,107,0,181,74,107
El Paso,072-AUSTIN HIGH,"JUSTICE, SUPREME COURT, PLACE 4",,JOHN DEVINE,REP,62,6,84,0,152,68,84
El Paso,072-AUSTIN HIGH,"JUSTICE, SUPREME COURT, PLACE 4",,TOM OXFORD,LIB,51,3,87,0,141,54,87
El Paso,072-AUSTIN HIGH,"JUSTICE, SUPREME COURT, PLACE 4",,CHARLES E. WATERBURY,GRN,27,0,42,0,69,27,42
El Paso,072-AUSTIN HIGH,"JUSTICE, SUPREME COURT, PLACE 6",,NATHAN HECHT,REP,34,6,48,0,88,40,48
El Paso,072-AUSTIN HIGH,"JUSTICE, SUPREME COURT, PLACE 6",,MICHELE PETTY,DEM,155,10,255,0,420,165,255
El Paso,072-AUSTIN HIGH,"JUSTICE, SUPREME COURT, PLACE 6",,MARK ASH,LIB,5,0,8,0,13,5,8
El Paso,072-AUSTIN HIGH,"JUSTICE, SUPREME COURT, PLACE 6",,JIM CHISHOLM,GRN,8,0,9,0,17,8,9
El Paso,072-AUSTIN HIGH,"PRESIDING JUDGE, COURT OF CRIMINAL APPEALS",,SHARON KELLER,REP,42,6,47,0,95,48,47
El Paso,072-AUSTIN HIGH,"PRESIDING JUDGE, COURT OF CRIMINAL APPEALS",,KEITH HAMPTON,DEM,154,10,263,0,427,164,263
El Paso,072-AUSTIN HIGH,"PRESIDING JUDGE, COURT OF CRIMINAL APPEALS",,LANCE STOTT,LIB,8,0,8,0,16,8,8
El Paso,072-AUSTIN HIGH,"JUDGE, COURT OF CRIMINAL APPEALS, PLACE 7",,BARBARA PARKER HERVE,REP,80,6,105,0,191,86,105
El Paso,072-AUSTIN HIGH,"JUDGE, COURT OF CRIMINAL APPEALS, PLACE 7",,MARK W. BENNETT,LIB,66,4,98,0,168,70,98
El Paso,072-AUSTIN HIGH,"JUDGE, COURT OF CRIMINAL APPEALS, PLACE 8",,ELSA ALCALA,REP,87,6,108,0,201,93,108
El Paso,072-AUSTIN HIGH,"JUDGE, COURT OF CRIMINAL APPEALS, PLACE 8",,WILLIAM BRYAN STRANG,LIB,58,4,91,0,153,62,91
El Paso,072-AUSTIN HIGH,MEMBER STATE BOARD OF EDUCATION DISTRICT 1,,CARLOS CHARLIE GARZA,REP,46,6,54,0,106,52,54
El Paso,072-AUSTIN HIGH,MEMBER STATE BOARD OF EDUCATION DISTRICT 1,,MARTHA M. DOMINGUEZ,DEM,159,9,265,0,433,168,265
El Paso,072-AUSTIN HIGH,STATE SENATOR DISTRICT 29,,DAN CHAVEZ,REP,41,4,52,0,97,45,52
El Paso,072-AUSTIN HIGH,STATE SENATOR DISTRICT 29,,JOSE R. RODRIGUEZ,DEM,167,12,272,0,451,179,272
El Paso,072-AUSTIN HIGH,STATE REPRESENTATIVE DISTRICT 77,,MARISA MARQUEZ,DEM,167,13,285,0,465,180,285
El Paso,072-AUSTIN HIGH,"CHIEF JUSTICE, COURT OF APPEALS 8TH DISTRICT",,ANN CRAWFORD MCCLURE,DEM,166,13,279,0,458,179,279
El Paso,072-AUSTIN HIGH,"JUSTICE, 8TH COURT OF APPEALS DISTRICT, PLACE 2",,CHRIS ANTCLIFF,REP,57,5,57,0,119,62,57
El Paso,072-AUSTIN HIGH,"JUSTICE, 8TH COURT OF APPEALS DISTRICT, PLACE 2",,YVONNE RODRIGUEZ,DEM,148,11,263,0,422,159,263
El Paso,072-AUSTIN HIGH,"JUSTICE, 8TH COURT OF APPEALS DISTRICT, PLACE 3",,GUADALUPE LUPE RIVER,DEM,172,14,280,0,466,186,280
El Paso,072-AUSTIN HIGH,"DISTRICT JUDGE, 34TH JUDICIAL DISTRICT",,BILL MOODY,DEM,172,12,274,0,458,184,274
El Paso,072-AUSTIN HIGH,"DISTRICT JUDGE, 41ST JUDICIAL DISTRICT",,ANNA PEREZ,DEM,169,14,276,0,459,183,276
El Paso,072-AUSTIN HIGH,"DISTRICT JUDGE, 243RD JUDICIAL DISTRICT",,BILLY DON HICKS,REP,50,6,55,0,111,56,55
El Paso,072-AUSTIN HIGH,"DISTRICT JUDGE, 243RD JUDICIAL DISTRICT",,LUIS AGUILAR,DEM,159,10,264,0,433,169,264
El Paso,072-AUSTIN HIGH,"DISTRICT JUDGE, 346TH JUDICIAL DISTRICT",,ANGIE J. BARILL,DEM,167,13,275,0,455,180,275
El Paso,072-AUSTIN HIGH,"DISTRICT JUDGE, 383RD JUDICIAL DISTRICT",,MIKE HERRERA,DEM,169,13,281,0,463,182,281
El Paso,072-AUSTIN HIGH,"DISTRICT JUDGE, 384TH JUDICIAL DISTRICT",,PATRICK M. GARCIA,DEM,167,14,278,0,459,181,278
El Paso,072-AUSTIN HIGH,"DISTRICT JUDGE, 388TH JUDICIAL DISTRICT",,LAURA STRATHMANN,DEM,167,13,280,0,460,180,280
El Paso,072-AUSTIN HIGH,"DISTRICT JUDGE, 409TH JUDICIAL DISTRICT",,SAM MEDRANO JR,DEM,167,12,278,0,457,179,278
El Paso,072-AUSTIN HIGH,"DISTRICT JUDGE, 448TH JUDICIAL DISTRICT",,SERGIO H. ENRIQUEZ,DEM,165,12,277,0,454,177,277
El Paso,072-AUSTIN HIGH,"CRIMINAL DISTRICT JUDGE, COURT NO. 1",,DIANE NAVARRETE,DEM,166,13,273,0,452,179,273
El Paso,072-AUSTIN HIGH,"FAMILY DISTRICT JUDGE, 65TH JUDICIAL DISTRICT",,YAHARA L. GUTIERREZ,DEM,167,13,277,0,457,180,277
El Paso,072-AUSTIN HIGH,"DISTRICT ATTORNEY, 34TH JUDICIAL DISTRICT",,JAIME ESPARZA,DEM,167,13,277,0,457,180,277
El Paso,072-AUSTIN HIGH,"JUDGE, COUNTY CRIMINAL COURT NO. 3",,CARLOS CARRASCO,DEM,170,13,282,0,465,183,282
El Paso,072-AUSTIN HIGH,"JUDGE, COUNTY CRIMINAL COURT NO. 4",,JESUS HERRERA,DEM,168,13,269,0,450,181,269
El Paso,072-AUSTIN HIGH,COUNTY ATTORNEY,,JO ANNE BERNAL,DEM,168,13,279,0,460,181,279
El Paso,072-AUSTIN HIGH,SHERIFF,,RICHARD D. WILES,DEM,175,14,287,0,476,189,287
El Paso,072-AUSTIN HIGH,COUNTY TAX ASSESSOR COLLECTOR,,VICTOR A. FLORES,DEM,170,14,278,0,462,184,278
El Paso,072-AUSTIN HIGH,"CONSTABLE, PRECINCT NO. 3",,HECTOR BERNAL,DEM,168,12,277,0,457,180,277
El Paso,073-COLDWELL ELEMENTARY,"CITY OF EL PASO, PROPOSITION",,FOR (A FAVOR),NP,154,8,207,0,369,162,207
El Paso,073-COLDWELL ELEMENTARY,"CITY OF EL PASO, PROPOSITION",,AGAINST (EN CONTRA),NP,56,5,80,0,141,61,80
El Paso,073-COLDWELL ELEMENTARY,"CITY OF EL PASO, PROPOSITION",,FOR (A FAVOR),NP,143,7,191,0,341,150,191
El Paso,073-COLDWELL ELEMENTARY,"CITY OF EL PASO, PROPOSITION",,AGAINST (EN CONTRA),NP,65,6,87,0,158,71,87
El Paso,073-COLDWELL ELEMENTARY,"CITY OF EL PASO, PROPOSITION",,FOR (A FAVOR),NP,109,4,161,0,274,113,161
El Paso,073-COLDWELL ELEMENTARY,"CITY OF EL PASO, PROPOSITION",,AGAINST (EN CONTRA),NP,95,7,118,0,220,102,118
El Paso,073-COLDWELL ELEMENTARY,STRAIGHT PARTY,,REPUBLICAN,REP,32,2,20,0,54,34,20
El Paso,073-COLDWELL ELEMENTARY,STRAIGHT PARTY,,DEMOCRAT,DEM,106,3,165,0,274,109,165
El Paso,073-COLDWELL ELEMENTARY,STRAIGHT PARTY,,LIBERTARIAN,LIB,1,0,2,0,3,1,2
El Paso,073-COLDWELL ELEMENTARY,STRAIGHT PARTY,,GREEN,GRN,4,0,1,0,5,4,1
El Paso,073-COLDWELL ELEMENTARY,US PRESIDENT,,MITT ROMNEY,REP,50,6,54,0,110,56,54
El Paso,073-COLDWELL ELEMENTARY,US PRESIDENT,,BARACK OBAMA,DEM,158,7,233,0,398,165,233
El Paso,073-COLDWELL ELEMENTARY,US PRESIDENT,,GARY JOHNSON,LIB,4,0,1,0,5,4,1
El Paso,073-COLDWELL ELEMENTARY,US PRESIDENT,,JILL STEIN,GRN,2,0,1,0,3,2,1
El Paso,073-COLDWELL ELEMENTARY,US PRESIDENT,,WRITE-IN,NP,0,0,0,0,0,0,0
El Paso,073-COLDWELL ELEMENTARY,US SENATOR,,TED CRUZ,REP,59,7,61,0,127,66,61
El Paso,073-COLDWELL ELEMENTARY,US SENATOR,,PAUL SADLER,DEM,145,5,209,0,359,150,209
El Paso,073-COLDWELL ELEMENTARY,US SENATOR,,JOHN JAY MYERS,LIB,4,0,8,0,12,4,8
El Paso,073-COLDWELL ELEMENTARY,US SENATOR,,DAVID B. COLLINS,GRN,5,1,6,0,12,6,6
El Paso,073-COLDWELL ELEMENTARY,US REP DISTRICT 16,,BARBARA CARRASCO,REP,52,4,58,0,114,56,58
El Paso,073-COLDWELL ELEMENTARY,US REP DISTRICT 16,,BETO OROURKE,DEM,152,8,223,0,383,160,223
El Paso,073-COLDWELL ELEMENTARY,US REP DISTRICT 16,,JUNART SODOY,LIB,8,0,5,0,13,8,5
El Paso,073-COLDWELL ELEMENTARY,RAILROAD COMMISSIONER,,CHRISTI CRADDICK,REP,50,6,49,0,105,56,49
El Paso,073-COLDWELL ELEMENTARY,RAILROAD COMMISSIONER,,DALE HENRY,DEM,140,4,211,0,355,144,211
El Paso,073-COLDWELL ELEMENTARY,RAILROAD COMMISSIONER,,VIVEKANANDA (VIK) WA,LIB,5,1,6,0,12,6,6
El Paso,073-COLDWELL ELEMENTARY,RAILROAD COMMISSIONER,,CHRIS KENNEDY,GRN,10,1,12,0,23,11,12
El Paso,073-COLDWELL ELEMENTARY,RAILROAD COMMISSIONER,,BARRY SMITHERMAN,REP,60,6,65,0,131,66,65
El Paso,073-COLDWELL ELEMENTARY,RAILROAD COMMISSIONER,,JAIME O. PEREZ,LIB,87,2,125,0,214,89,125
El Paso,073-COLDWELL ELEMENTARY,RAILROAD COMMISSIONER,,JOSH WENDEL,GRN,19,2,24,0,45,21,24
El Paso,073-COLDWELL ELEMENTARY,"JUSTICE, SUPREME COURT, PLACE 2",,DON WILLETT,REP,72,6,101,0,179,78,101
El Paso,073-COLDWELL ELEMENTARY,"JUSTICE, SUPREME COURT, PLACE 2",,RS ROBERT KOELSCH,LIB,89,4,107,0,200,93,107
El Paso,073-COLDWELL ELEMENTARY,"JUSTICE, SUPREME COURT, PLACE 4",,JOHN DEVINE,REP,65,7,85,0,157,72,85
El Paso,073-COLDWELL ELEMENTARY,"JUSTICE, SUPREME COURT, PLACE 4",,TOM OXFORD,LIB,69,2,92,0,163,71,92
El Paso,073-COLDWELL ELEMENTARY,"JUSTICE, SUPREME COURT, PLACE 4",,CHARLES E. WATERBURY,GRN,25,1,25,0,51,26,25
El Paso,073-COLDWELL ELEMENTARY,"JUSTICE, SUPREME COURT, PLACE 6",,NATHAN HECHT,REP,49,6,43,0,98,55,43
El Paso,073-COLDWELL ELEMENTARY,"JUSTICE, SUPREME COURT, PLACE 6",,MICHELE PETTY,DEM,145,6,219,0,370,151,219
El Paso,073-COLDWELL ELEMENTARY,"JUSTICE, SUPREME COURT, PLACE 6",,MARK ASH,LIB,4,1,9,0,14,5,9
El Paso,073-COLDWELL ELEMENTARY,"JUSTICE, SUPREME COURT, PLACE 6",,JIM CHISHOLM,GRN,10,0,5,0,15,10,5
El Paso,073-COLDWELL ELEMENTARY,"PRESIDING JUDGE, COURT OF CRIMINAL APPEALS",,SHARON KELLER,REP,51,8,53,0,112,59,53
El Paso,073-COLDWELL ELEMENTARY,"PRESIDING JUDGE, COURT OF CRIMINAL APPEALS",,KEITH HAMPTON,DEM,146,5,215,0,366,151,215
El Paso,073-COLDWELL ELEMENTARY,"PRESIDING JUDGE, COURT OF CRIMINAL APPEALS",,LANCE STOTT,LIB,9,0,9,0,18,9,9
El Paso,073-COLDWELL ELEMENTARY,"JUDGE, COURT OF CRIMINAL APPEALS, PLACE 7",,BARBARA PARKER HERVE,REP,79,8,99,0,186,87,99
El Paso,073-COLDWELL ELEMENTARY,"JUDGE, COURT OF CRIMINAL APPEALS, PLACE 7",,MARK W. BENNETT,LIB,77,2,105,0,184,79,105
El Paso,073-COLDWELL ELEMENTARY,"JUDGE, COURT OF CRIMINAL APPEALS, PLACE 8",,ELSA ALCALA,REP,80,9,120,0,209,89,120
El Paso,073-COLDWELL ELEMENTARY,"JUDGE, COURT OF CRIMINAL APPEALS, PLACE 8",,WILLIAM BRYAN STRANG,LIB,77,1,82,0,160,78,82
El Paso,073-COLDWELL ELEMENTARY,MEMBER STATE BOARD OF EDUCATION DISTRICT 1,,CARLOS CHARLIE GARZA,REP,50,5,54,0,109,55,54
El Paso,073-COLDWELL ELEMENTARY,MEMBER STATE BOARD OF EDUCATION DISTRICT 1,,MARTHA M. DOMINGUEZ,DEM,154,7,223,0,384,161,223
El Paso,073-COLDWELL ELEMENTARY,STATE SENATOR DISTRICT 29,,DAN CHAVEZ,REP,51,6,49,0,106,57,49
El Paso,073-COLDWELL ELEMENTARY,STATE SENATOR DISTRICT 29,,JOSE R. RODRIGUEZ,DEM,158,7,233,0,398,165,233
El Paso,073-COLDWELL ELEMENTARY,STATE REPRESENTATIVE DISTRICT 77,,MARISA MARQUEZ,DEM,161,7,242,0,410,168,242
El Paso,073-COLDWELL ELEMENTARY,"CHIEF JUSTICE, COURT OF APPEALS 8TH DISTRICT",,ANN CRAWFORD MCCLURE,DEM,163,8,246,0,417,171,246
El Paso,073-COLDWELL ELEMENTARY,"JUSTICE, 8TH COURT OF APPEALS DISTRICT, PLACE 2",,CHRIS ANTCLIFF,REP,55,5,54,0,114,60,54
El Paso,073-COLDWELL ELEMENTARY,"JUSTICE, 8TH COURT OF APPEALS DISTRICT, PLACE 2",,YVONNE RODRIGUEZ,DEM,153,8,222,0,383,161,222
El Paso,073-COLDWELL ELEMENTARY,"JUSTICE, 8TH COURT OF APPEALS DISTRICT, PLACE 3",,GUADALUPE LUPE RIVER,DEM,162,7,243,0,412,169,243
El Paso,073-COLDWELL ELEMENTARY,"DISTRICT JUDGE, 34TH JUDICIAL DISTRICT",,BILL MOODY,DEM,162,8,239,0,409,170,239
El Paso,073-COLDWELL ELEMENTARY,"DISTRICT JUDGE, 41ST JUDICIAL DISTRICT",,ANNA PEREZ,DEM,162,7,244,0,413,169,244
El Paso,073-COLDWELL ELEMENTARY,"DISTRICT JUDGE, 243RD JUDICIAL DISTRICT",,BILLY DON HICKS,REP,57,7,56,0,120,64,56
El Paso,073-COLDWELL ELEMENTARY,"DISTRICT JUDGE, 243RD JUDICIAL DISTRICT",,LUIS AGUILAR,DEM,152,6,222,0,380,158,222
El Paso,073-COLDWELL ELEMENTARY,"DISTRICT JUDGE, 346TH JUDICIAL DISTRICT",,ANGIE J. BARILL,DEM,161,7,247,0,415,168,247
El Paso,073-COLDWELL ELEMENTARY,"DISTRICT JUDGE, 383RD JUDICIAL DISTRICT",,MIKE HERRERA,DEM,162,7,247,0,416,169,247
El Paso,073-COLDWELL ELEMENTARY,"DISTRICT JUDGE, 384TH JUDICIAL DISTRICT",,PATRICK M. GARCIA,DEM,162,7,246,0,415,169,246
El Paso,073-COLDWELL ELEMENTARY,"DISTRICT JUDGE, 388TH JUDICIAL DISTRICT",,LAURA STRATHMANN,DEM,160,7,245,0,412,167,245
El Paso,073-COLDWELL ELEMENTARY,"DISTRICT JUDGE, 409TH JUDICIAL DISTRICT",,SAM MEDRANO JR,DEM,163,8,243,0,414,171,243
El Paso,073-COLDWELL ELEMENTARY,"DISTRICT JUDGE, 448TH JUDICIAL DISTRICT",,SERGIO H. ENRIQUEZ,DEM,160,7,246,0,413,167,246
El Paso,073-COLDWELL ELEMENTARY,"CRIMINAL DISTRICT JUDGE, COURT NO. 1",,DIANE NAVARRETE,DEM,159,8,243,0,410,167,243
El Paso,073-COLDWELL ELEMENTARY,"FAMILY DISTRICT JUDGE, 65TH JUDICIAL DISTRICT",,YAHARA L. GUTIERREZ,DEM,159,7,242,0,408,166,242
El Paso,073-COLDWELL ELEMENTARY,"DISTRICT ATTORNEY, 34TH JUDICIAL DISTRICT",,JAIME ESPARZA,DEM,161,10,243,0,414,171,243
El Paso,073-COLDWELL ELEMENTARY,"JUDGE, COUNTY CRIMINAL COURT NO. 3",,CARLOS CARRASCO,DEM,160,8,243,0,411,168,243
El Paso,073-COLDWELL ELEMENTARY,"JUDGE, COUNTY CRIMINAL COURT NO. 4",,JESUS HERRERA,DEM,162,7,243,0,412,169,243
El Paso,073-COLDWELL ELEMENTARY,COUNTY ATTORNEY,,JO ANNE BERNAL,DEM,162,9,244,0,415,171,244
El Paso,073-COLDWELL ELEMENTARY,SHERIFF,,RICHARD D. WILES,DEM,165,10,246,0,421,175,246
El Paso,073-COLDWELL ELEMENTARY,COUNTY TAX ASSESSOR COLLECTOR,,VICTOR A. FLORES,DEM,165,11,249,0,425,176,249
El Paso,073-COLDWELL ELEMENTARY,"CONSTABLE, PRECINCT NO. 3",,HECTOR BERNAL,DEM,162,8,242,0,412,170,242
El Paso,074-FIRE STATION 7,"CITY OF EL PASO, PROPOSITION",,FOR (A FAVOR),NP,258,6,348,0,612,264,348
El Paso,074-FIRE STATION 7,"CITY OF EL PASO, PROPOSITION",,AGAINST (EN CONTRA),NP,72,3,88,0,163,75,88
El Paso,074-FIRE STATION 7,"CITY OF EL PASO, PROPOSITION",,FOR (A FAVOR),NP,241,6,326,0,573,247,326
El Paso,074-FIRE STATION 7,"CITY OF EL PASO, PROPOSITION",,AGAINST (EN CONTRA),NP,77,3,84,0,164,80,84
El Paso,074-FIRE STATION 7,"CITY OF EL PASO, PROPOSITION",,FOR (A FAVOR),NP,186,5,245,0,436,191,245
El Paso,074-FIRE STATION 7,"CITY OF EL PASO, PROPOSITION",,AGAINST (EN CONTRA),NP,132,4,178,0,314,136,178
El Paso,074-FIRE STATION 7,STRAIGHT PARTY,,REPUBLICAN,REP,35,0,55,0,90,35,55
El Paso,074-FIRE STATION 7,STRAIGHT PARTY,,DEMOCRAT,DEM,203,10,281,0,494,213,281
El Paso,074-FIRE STATION 7,STRAIGHT PARTY,,LIBERTARIAN,LIB,2,0,5,0,7,2,5
El Paso,074-FIRE STATION 7,STRAIGHT PARTY,,GREEN,GRN,1,0,2,0,3,1,2
El Paso,074-FIRE STATION 7,US PRESIDENT,,MITT ROMNEY,REP,65,0,82,0,147,65,82
El Paso,074-FIRE STATION 7,US PRESIDENT,,BARACK OBAMA,DEM,275,11,383,0,669,286,383
El Paso,074-FIRE STATION 7,US PRESIDENT,,GARY JOHNSON,LIB,1,0,5,0,6,1,5
El Paso,074-FIRE STATION 7,US PRESIDENT,,JILL STEIN,GRN,2,0,2,0,4,2,2
El Paso,074-FIRE STATION 7,US PRESIDENT,,WRITE-IN,NP,0,0,2,0,2,0,2
El Paso,074-FIRE STATION 7,US SENATOR,,TED CRUZ,REP,78,0,100,0,178,78,100
El Paso,074-FIRE STATION 7,US SENATOR,,PAUL SADLER,DEM,258,11,331,0,600,269,331
El Paso,074-FIRE STATION 7,US SENATOR,,JOHN JAY MYERS,LIB,2,0,18,0,20,2,18
El Paso,074-FIRE STATION 7,US SENATOR,,DAVID B. COLLINS,GRN,2,0,5,0,7,2,5
El Paso,074-FIRE STATION 7,US REP DISTRICT 16,,BARBARA CARRASCO,REP,64,1,99,0,164,65,99
El Paso,074-FIRE STATION 7,US REP DISTRICT 16,,BETO OROURKE,DEM,271,10,351,0,632,281,351
El Paso,074-FIRE STATION 7,US REP DISTRICT 16,,JUNART SODOY,LIB,6,0,15,0,21,6,15
El Paso,074-FIRE STATION 7,RAILROAD COMMISSIONER,,CHRISTI CRADDICK,REP,59,0,75,0,134,59,75
El Paso,074-FIRE STATION 7,RAILROAD COMMISSIONER,,DALE HENRY,DEM,264,11,339,0,614,275,339
El Paso,074-FIRE STATION 7,RAILROAD COMMISSIONER,,VIVEKANANDA (VIK) WA,LIB,2,0,10,0,12,2,10
El Paso,074-FIRE STATION 7,RAILROAD COMMISSIONER,,CHRIS KENNEDY,GRN,9,0,25,0,34,9,25
El Paso,074-FIRE STATION 7,RAILROAD COMMISSIONER,,BARRY SMITHERMAN,REP,78,0,88,0,166,78,88
El Paso,074-FIRE STATION 7,RAILROAD COMMISSIONER,,JAIME O. PEREZ,LIB,119,2,194,0,315,121,194
El Paso,074-FIRE STATION 7,RAILROAD COMMISSIONER,,JOSH WENDEL,GRN,37,0,40,0,77,37,40
El Paso,074-FIRE STATION 7,"JUSTICE, SUPREME COURT, PLACE 2",,DON WILLETT,REP,104,1,144,0,249,105,144
El Paso,074-FIRE STATION 7,"JUSTICE, SUPREME COURT, PLACE 2",,RS ROBERT KOELSCH,LIB,115,0,168,0,283,115,168
El Paso,074-FIRE STATION 7,"JUSTICE, SUPREME COURT, PLACE 4",,JOHN DEVINE,REP,98,0,126,0,224,98,126
El Paso,074-FIRE STATION 7,"JUSTICE, SUPREME COURT, PLACE 4",,TOM OXFORD,LIB,86,1,132,0,219,87,132
El Paso,074-FIRE STATION 7,"JUSTICE, SUPREME COURT, PLACE 4",,CHARLES E. WATERBURY,GRN,39,0,55,0,94,39,55
El Paso,074-FIRE STATION 7,"JUSTICE, SUPREME COURT, PLACE 6",,NATHAN HECHT,REP,49,0,74,0,123,49,74
El Paso,074-FIRE STATION 7,"JUSTICE, SUPREME COURT, PLACE 6",,MICHELE PETTY,DEM,272,11,349,0,632,283,349
El Paso,074-FIRE STATION 7,"JUSTICE, SUPREME COURT, PLACE 6",,MARK ASH,LIB,7,0,16,0,23,7,16
El Paso,074-FIRE STATION 7,"JUSTICE, SUPREME COURT, PLACE 6",,JIM CHISHOLM,GRN,2,0,12,0,14,2,12
El Paso,074-FIRE STATION 7,"PRESIDING JUDGE, COURT OF CRIMINAL APPEALS",,SHARON KELLER,REP,57,0,84,0,141,57,84
El Paso,074-FIRE STATION 7,"PRESIDING JUDGE, COURT OF CRIMINAL APPEALS",,KEITH HAMPTON,DEM,270,11,337,0,618,281,337
El Paso,074-FIRE STATION 7,"PRESIDING JUDGE, COURT OF CRIMINAL APPEALS",,LANCE STOTT,LIB,6,0,29,0,35,6,29
El Paso,074-FIRE STATION 7,"JUDGE, COURT OF CRIMINAL APPEALS, PLACE 7",,BARBARA PARKER HERVE,REP,124,1,162,0,287,125,162
El Paso,074-FIRE STATION 7,"JUDGE, COURT OF CRIMINAL APPEALS, PLACE 7",,MARK W. BENNETT,LIB,100,1,154,0,255,101,154
El Paso,074-FIRE STATION 7,"JUDGE, COURT OF CRIMINAL APPEALS, PLACE 8",,ELSA ALCALA,REP,125,1,182,0,308,126,182
El Paso,074-FIRE STATION 7,"JUDGE, COURT OF CRIMINAL APPEALS, PLACE 8",,WILLIAM BRYAN STRANG,LIB,94,1,134,0,229,95,134
El Paso,074-FIRE STATION 7,MEMBER STATE BOARD OF EDUCATION DISTRICT 1,,CARLOS CHARLIE GARZA,REP,68,1,81,0,150,69,81
El Paso,074-FIRE STATION 7,MEMBER STATE BOARD OF EDUCATION DISTRICT 1,,MARTHA M. DOMINGUEZ,DEM,264,10,365,0,639,274,365
El Paso,074-FIRE STATION 7,STATE SENATOR DISTRICT 29,,DAN CHAVEZ,REP,55,0,80,0,135,55,80
El Paso,074-FIRE STATION 7,STATE SENATOR DISTRICT 29,,JOSE R. RODRIGUEZ,DEM,281,11,375,0,667,292,375
El Paso,074-FIRE STATION 7,STATE REPRESENTATIVE DISTRICT 77,,MARISA MARQUEZ,DEM,294,11,398,0,703,305,398
El Paso,074-FIRE STATION 7,"CHIEF JUSTICE, COURT OF APPEALS 8TH DISTRICT",,ANN CRAWFORD MCCLURE,DEM,284,11,380,0,675,295,380
El Paso,074-FIRE STATION 7,"JUSTICE, 8TH COURT OF APPEALS DISTRICT, PLACE 2",,CHRIS ANTCLIFF,REP,65,0,84,0,149,65,84
El Paso,074-FIRE STATION 7,"JUSTICE, 8TH COURT OF APPEALS DISTRICT, PLACE 2",,YVONNE RODRIGUEZ,DEM,268,11,366,0,645,279,366
El Paso,074-FIRE STATION 7,"JUSTICE, 8TH COURT OF APPEALS DISTRICT, PLACE 3",,GUADALUPE LUPE RIVER,DEM,285,11,387,0,683,296,387
El Paso,074-FIRE STATION 7,"DISTRICT JUDGE, 34TH JUDICIAL DISTRICT",,BILL MOODY,DEM,292,11,385,0,688,303,385
El Paso,074-FIRE STATION 7,"DISTRICT JUDGE, 41ST JUDICIAL DISTRICT",,ANNA PEREZ,DEM,285,11,386,0,682,296,386
El Paso,074-FIRE STATION 7,"DISTRICT JUDGE, 243RD JUDICIAL DISTRICT",,BILLY DON HICKS,REP,67,0,87,0,154,67,87
El Paso,074-FIRE STATION 7,"DISTRICT JUDGE, 243RD JUDICIAL DISTRICT",,LUIS AGUILAR,DEM,266,11,367,0,644,277,367
El Paso,074-FIRE STATION 7,"DISTRICT JUDGE, 346TH JUDICIAL DISTRICT",,ANGIE J. BARILL,DEM,281,11,389,0,681,292,389
El Paso,074-FIRE STATION 7,"DISTRICT JUDGE, 383RD JUDICIAL DISTRICT",,MIKE HERRERA,DEM,285,11,391,0,687,296,391
El Paso,074-FIRE STATION 7,"DISTRICT JUDGE, 384TH JUDICIAL DISTRICT",,PATRICK M. GARCIA,DEM,283,11,382,0,676,294,382
El Paso,074-FIRE STATION 7,"DISTRICT JUDGE, 388TH JUDICIAL DISTRICT",,LAURA STRATHMANN,DEM,283,11,390,0,684,294,390
El Paso,074-FIRE STATION 7,"DISTRICT JUDGE, 409TH JUDICIAL DISTRICT",,SAM MEDRANO JR,DEM,289,11,389,0,689,300,389
El Paso,074-FIRE STATION 7,"DISTRICT JUDGE, 448TH JUDICIAL DISTRICT",,SERGIO H. ENRIQUEZ,DEM,287,11,387,0,685,298,387
El Paso,074-FIRE STATION 7,"CRIMINAL DISTRICT JUDGE, COURT NO. 1",,DIANE NAVARRETE,DEM,284,11,390,0,685,295,390
El Paso,074-FIRE STATION 7,"FAMILY DISTRICT JUDGE, 65TH JUDICIAL DISTRICT",,YAHARA L. GUTIERREZ,DEM,288,11,386,0,685,299,386
El Paso,074-FIRE STATION 7,"DISTRICT ATTORNEY, 34TH JUDICIAL DISTRICT",,JAIME ESPARZA,DEM,289,11,399,0,699,300,399
El Paso,074-FIRE STATION 7,"JUDGE, COUNTY CRIMINAL COURT NO. 3",,CARLOS CARRASCO,DEM,284,11,394,0,689,295,394
El Paso,074-FIRE STATION 7,"JUDGE, COUNTY CRIMINAL COURT NO. 4",,JESUS HERRERA,DEM,285,11,392,0,688,296,392
El Paso,074-FIRE STATION 7,COUNTY ATTORNEY,,JO ANNE BERNAL,DEM,286,11,388,0,685,297,388
El Paso,074-FIRE STATION 7,SHERIFF,,RICHARD D. WILES,DEM,296,11,400,0,707,307,400
El Paso,074-FIRE STATION 7,COUNTY TAX ASSESSOR COLLECTOR,,VICTOR A. FLORES,DEM,289,11,399,0,699,300,399
El Paso,074-FIRE STATION 7,"CONSTABLE, PRECINCT NO. 3",,HECTOR BERNAL,DEM,282,11,392,0,685,293,392
El Paso,075-CROSS OF GRACE,"CITY OF EL PASO, PROPOSITION",,FOR (A FAVOR),NP,260,11,287,0,558,271,287
El Paso,075-CROSS OF GRACE,"CITY OF EL PASO, PROPOSITION",,AGAINST (EN CONTRA),NP,107,1,84,1,193,108,85
El Paso,075-CROSS OF GRACE,"CITY OF EL PASO, PROPOSITION",,FOR (A FAVOR),NP,243,9,268,1,521,252,269
El Paso,075-CROSS OF GRACE,"CITY OF EL PASO, PROPOSITION",,AGAINST (EN CONTRA),NP,115,1,94,0,210,116,94
El Paso,075-CROSS OF GRACE,"CITY OF EL PASO, PROPOSITION",,FOR (A FAVOR),NP,200,10,246,1,457,210,247
El Paso,075-CROSS OF GRACE,"CITY OF EL PASO, PROPOSITION",,AGAINST (EN CONTRA),NP,163,2,121,0,286,165,121
El Paso,075-CROSS OF GRACE,STRAIGHT PARTY,,REPUBLICAN,REP,60,2,62,0,124,62,62
El Paso,075-CROSS OF GRACE,STRAIGHT PARTY,,DEMOCRAT,DEM,138,2,151,2,293,140,153
El Paso,075-CROSS OF GRACE,STRAIGHT PARTY,,LIBERTARIAN,LIB,2,0,2,0,4,2,2
El Paso,075-CROSS OF GRACE,STRAIGHT PARTY,,GREEN,GRN,1,0,1,0,2,1,1
El Paso,075-CROSS OF GRACE,US PRESIDENT,,MITT ROMNEY,REP,117,6,128,0,251,123,128
El Paso,075-CROSS OF GRACE,US PRESIDENT,,BARACK OBAMA,DEM,248,5,246,2,501,253,248
El Paso,075-CROSS OF GRACE,US PRESIDENT,,GARY JOHNSON,LIB,9,0,3,0,12,9,3
El Paso,075-CROSS OF GRACE,US PRESIDENT,,JILL STEIN,GRN,2,0,1,0,3,2,1
El Paso,075-CROSS OF GRACE,US PRESIDENT,,WRITE-IN,NP,1,0,0,0,1,1,0
El Paso,075-CROSS OF GRACE,US SENATOR,,TED CRUZ,REP,127,6,142,0,275,133,142
El Paso,075-CROSS OF GRACE,US SENATOR,,PAUL SADLER,DEM,230,5,210,2,447,235,212
El Paso,075-CROSS OF GRACE,US SENATOR,,JOHN JAY MYERS,LIB,4,1,11,0,16,5,11
El Paso,075-CROSS OF GRACE,US SENATOR,,DAVID B. COLLINS,GRN,0,0,5,0,5,0,5
El Paso,075-CROSS OF GRACE,US REP DISTRICT 16,,BARBARA CARRASCO,REP,115,4,117,0,236,119,117
El Paso,075-CROSS OF GRACE,US REP DISTRICT 16,,BETO OROURKE,DEM,251,8,252,2,513,259,254
El Paso,075-CROSS OF GRACE,US REP DISTRICT 16,,JUNART SODOY,LIB,6,0,5,0,11,6,5
El Paso,075-CROSS OF GRACE,RAILROAD COMMISSIONER,,CHRISTI CRADDICK,REP,111,5,118,0,234,116,118
El Paso,075-CROSS OF GRACE,RAILROAD COMMISSIONER,,DALE HENRY,DEM,219,4,212,2,437,223,214
El Paso,075-CROSS OF GRACE,RAILROAD COMMISSIONER,,VIVEKANANDA (VIK) WA,LIB,12,0,4,0,16,12,4
El Paso,075-CROSS OF GRACE,RAILROAD COMMISSIONER,,CHRIS KENNEDY,GRN,13,2,21,0,36,15,21
El Paso,075-CROSS OF GRACE,RAILROAD COMMISSIONER,,BARRY SMITHERMAN,REP,130,6,129,0,265,136,129
El Paso,075-CROSS OF GRACE,RAILROAD COMMISSIONER,,JAIME O. PEREZ,LIB,119,1,132,1,253,120,133
El Paso,075-CROSS OF GRACE,RAILROAD COMMISSIONER,,JOSH WENDEL,GRN,41,2,43,0,86,43,43
El Paso,075-CROSS OF GRACE,"JUSTICE, SUPREME COURT, PLACE 2",,DON WILLETT,REP,155,5,165,0,325,160,165
El Paso,075-CROSS OF GRACE,"JUSTICE, SUPREME COURT, PLACE 2",,RS ROBERT KOELSCH,LIB,120,3,135,1,259,123,136
El Paso,075-CROSS OF GRACE,"JUSTICE, SUPREME COURT, PLACE 4",,JOHN DEVINE,REP,147,5,141,0,293,152,141
El Paso,075-CROSS OF GRACE,"JUSTICE, SUPREME COURT, PLACE 4",,TOM OXFORD,LIB,88,3,109,1,201,91,110
El Paso,075-CROSS OF GRACE,"JUSTICE, SUPREME COURT, PLACE 4",,CHARLES E. WATERBURY,GRN,43,1,48,0,92,44,48
El Paso,075-CROSS OF GRACE,"JUSTICE, SUPREME COURT, PLACE 6",,NATHAN HECHT,REP,102,5,103,0,210,107,103
El Paso,075-CROSS OF GRACE,"JUSTICE, SUPREME COURT, PLACE 6",,MICHELE PETTY,DEM,233,4,220,2,459,237,222
El Paso,075-CROSS OF GRACE,"JUSTICE, SUPREME COURT, PLACE 6",,MARK ASH,LIB,11,1,12,0,24,12,12
El Paso,075-CROSS OF GRACE,"JUSTICE, SUPREME COURT, PLACE 6",,JIM CHISHOLM,GRN,11,1,17,0,29,12,17
El Paso,075-CROSS OF GRACE,"PRESIDING JUDGE, COURT OF CRIMINAL APPEALS",,SHARON KELLER,REP,117,5,119,1,242,122,120
El Paso,075-CROSS OF GRACE,"PRESIDING JUDGE, COURT OF CRIMINAL APPEALS",,KEITH HAMPTON,DEM,227,5,223,1,456,232,224
El Paso,075-CROSS OF GRACE,"PRESIDING JUDGE, COURT OF CRIMINAL APPEALS",,LANCE STOTT,LIB,12,1,12,0,25,13,12
El Paso,075-CROSS OF GRACE,"JUDGE, COURT OF CRIMINAL APPEALS, PLACE 7",,BARBARA PARKER HERVE,REP,163,7,165,0,335,170,165
El Paso,075-CROSS OF GRACE,"JUDGE, COURT OF CRIMINAL APPEALS, PLACE 7",,MARK W. BENNETT,LIB,113,2,133,1,249,115,134
El Paso,075-CROSS OF GRACE,"JUDGE, COURT OF CRIMINAL APPEALS, PLACE 8",,ELSA ALCALA,REP,175,4,182,0,361,179,182
El Paso,075-CROSS OF GRACE,"JUDGE, COURT OF CRIMINAL APPEALS, PLACE 8",,WILLIAM BRYAN STRANG,LIB,108,3,110,1,222,111,111
El Paso,075-CROSS OF GRACE,MEMBER STATE BOARD OF EDUCATION DISTRICT 1,,CARLOS CHARLIE GARZA,REP,115,5,122,0,242,120,122
El Paso,075-CROSS OF GRACE,MEMBER STATE BOARD OF EDUCATION DISTRICT 1,,MARTHA M. DOMINGUEZ,DEM,242,6,236,2,486,248,238
El Paso,075-CROSS OF GRACE,STATE SENATOR DISTRICT 29,,DAN CHAVEZ,REP,101,5,113,0,219,106,113
El Paso,075-CROSS OF GRACE,STATE SENATOR DISTRICT 29,,JOSE R. RODRIGUEZ,DEM,265,6,253,2,526,271,255
El Paso,075-CROSS OF GRACE,STATE REPRESENTATIVE DISTRICT 76,,NAOMI R. GONZALEZ,DEM,271,7,278,2,558,278,280
El Paso,075-CROSS OF GRACE,"CHIEF JUSTICE, COURT OF APPEALS 8TH DISTRICT",,ANN CRAWFORD MCCLURE,DEM,272,9,269,2,552,281,271
El Paso,075-CROSS OF GRACE,"JUSTICE, 8TH COURT OF APPEALS DISTRICT, PLACE 2",,CHRIS ANTCLIFF,REP,138,4,123,0,265,142,123
El Paso,075-CROSS OF GRACE,"JUSTICE, 8TH COURT OF APPEALS DISTRICT, PLACE 2",,YVONNE RODRIGUEZ,DEM,227,7,233,2,469,234,235
El Paso,075-CROSS OF GRACE,"JUSTICE, 8TH COURT OF APPEALS DISTRICT, PLACE 3",,GUADALUPE LUPE RIVER,DEM,273,8,276,2,559,281,278
El Paso,075-CROSS OF GRACE,"DISTRICT JUDGE, 34TH JUDICIAL DISTRICT",,BILL MOODY,DEM,262,9,280,2,553,271,282
El Paso,075-CROSS OF GRACE,"DISTRICT JUDGE, 41ST JUDICIAL DISTRICT",,ANNA PEREZ,DEM,264,8,276,2,550,272,278
El Paso,075-CROSS OF GRACE,"DISTRICT JUDGE, 243RD JUDICIAL DISTRICT",,BILLY DON HICKS,REP,131,5,129,0,265,136,129
El Paso,075-CROSS OF GRACE,"DISTRICT JUDGE, 243RD JUDICIAL DISTRICT",,LUIS AGUILAR,DEM,227,6,227,2,462,233,229
El Paso,075-CROSS OF GRACE,"DISTRICT JUDGE, 346TH JUDICIAL DISTRICT",,ANGIE J. BARILL,DEM,269,8,271,2,550,277,273
El Paso,075-CROSS OF GRACE,"DISTRICT JUDGE, 383RD JUDICIAL DISTRICT",,MIKE HERRERA,DEM,261,8,267,2,538,269,269
El Paso,075-CROSS OF GRACE,"DISTRICT JUDGE, 384TH JUDICIAL DISTRICT",,PATRICK M. GARCIA,DEM,263,9,269,2,543,272,271
El Paso,075-CROSS OF GRACE,"DISTRICT JUDGE, 388TH JUDICIAL DISTRICT",,LAURA STRATHMANN,DEM,258,9,272,2,541,267,274
El Paso,075-CROSS OF GRACE,"DISTRICT JUDGE, 409TH JUDICIAL DISTRICT",,SAM MEDRANO JR,DEM,254,10,274,2,540,264,276
El Paso,075-CROSS OF GRACE,"DISTRICT JUDGE, 448TH JUDICIAL DISTRICT",,SERGIO H. ENRIQUEZ,DEM,259,9,271,2,541,268,273
El Paso,075-CROSS OF GRACE,"CRIMINAL DISTRICT JUDGE, COURT NO. 1",,DIANE NAVARRETE,DEM,261,9,270,2,542,270,272
El Paso,075-CROSS OF GRACE,"FAMILY DISTRICT JUDGE, 65TH JUDICIAL DISTRICT",,YAHARA L. GUTIERREZ,DEM,259,8,271,2,540,267,273
El Paso,075-CROSS OF GRACE,"DISTRICT ATTORNEY, 34TH JUDICIAL DISTRICT",,JAIME ESPARZA,DEM,267,8,270,2,547,275,272
El Paso,075-CROSS OF GRACE,"JUDGE, COUNTY CRIMINAL COURT NO. 3",,CARLOS CARRASCO,DEM,259,8,269,2,538,267,271
El Paso,075-CROSS OF GRACE,"JUDGE, COUNTY CRIMINAL COURT NO. 4",,JESUS HERRERA,DEM,260,8,272,2,542,268,274
El Paso,075-CROSS OF GRACE,COUNTY ATTORNEY,,JO ANNE BERNAL,DEM,265,9,273,2,549,274,275
El Paso,075-CROSS OF GRACE,SHERIFF,,RICHARD D. WILES,DEM,280,9,282,2,573,289,284
El Paso,075-CROSS OF GRACE,COUNTY TAX ASSESSOR COLLECTOR,,VICTOR A. FLORES,DEM,271,9,274,2,556,280,276
El Paso,075-CROSS OF GRACE,"CONSTABLE, PRECINCT NO. 3",,HECTOR BERNAL,DEM,264,9,279,2,554,273,281
El Paso,076-FIRE STATION 13,"CITY OF EL PASO, PROPOSITION",,FOR (A FAVOR),NP,221,15,234,0,470,236,234
El Paso,076-FIRE STATION 13,"CITY OF EL PASO, PROPOSITION",,AGAINST (EN CONTRA),NP,75,2,64,1,142,77,65
El Paso,076-FIRE STATION 13,"CITY OF EL PASO, PROPOSITION",,FOR (A FAVOR),NP,215,12,222,0,449,227,222
El Paso,076-FIRE STATION 13,"CITY OF EL PASO, PROPOSITION",,AGAINST (EN CONTRA),NP,78,2,70,1,151,80,71
El Paso,076-FIRE STATION 13,"CITY OF EL PASO, PROPOSITION",,FOR (A FAVOR),NP,162,8,187,0,357,170,187
El Paso,076-FIRE STATION 13,"CITY OF EL PASO, PROPOSITION",,AGAINST (EN CONTRA),NP,122,9,111,1,243,131,112
El Paso,076-FIRE STATION 13,STRAIGHT PARTY,,REPUBLICAN,REP,39,0,43,1,83,39,44
El Paso,076-FIRE STATION 13,STRAIGHT PARTY,,DEMOCRAT,DEM,153,15,168,0,336,168,168
El Paso,076-FIRE STATION 13,STRAIGHT PARTY,,LIBERTARIAN,LIB,2,0,1,0,3,2,1
El Paso,076-FIRE STATION 13,STRAIGHT PARTY,,GREEN,GRN,0,0,0,0,0,0,0
El Paso,076-FIRE STATION 13,US PRESIDENT,,MITT ROMNEY,REP,73,2,66,1,142,75,67
El Paso,076-FIRE STATION 13,US PRESIDENT,,BARACK OBAMA,DEM,225,20,230,0,475,245,230
El Paso,076-FIRE STATION 13,US PRESIDENT,,GARY JOHNSON,LIB,2,0,4,0,6,2,4
El Paso,076-FIRE STATION 13,US PRESIDENT,,JILL STEIN,GRN,0,0,2,0,2,0,2
El Paso,076-FIRE STATION 13,US PRESIDENT,,WRITE-IN,NP,0,0,1,0,1,0,1
El Paso,076-FIRE STATION 13,US SENATOR,,TED CRUZ,REP,89,2,71,1,163,91,72
El Paso,076-FIRE STATION 13,US SENATOR,,PAUL SADLER,DEM,203,20,205,0,428,223,205
El Paso,076-FIRE STATION 13,US SENATOR,,JOHN JAY MYERS,LIB,4,0,8,0,12,4,8
El Paso,076-FIRE STATION 13,US SENATOR,,DAVID B. COLLINS,GRN,0,0,5,0,5,0,5
El Paso,076-FIRE STATION 13,US REP DISTRICT 16,,BARBARA CARRASCO,REP,87,3,69,1,160,90,70
El Paso,076-FIRE STATION 13,US REP DISTRICT 16,,BETO OROURKE,DEM,204,18,221,0,443,222,221
El Paso,076-FIRE STATION 13,US REP DISTRICT 16,,JUNART SODOY,LIB,6,0,7,0,13,6,7
El Paso,076-FIRE STATION 13,RAILROAD COMMISSIONER,,CHRISTI CRADDICK,REP,64,0,61,1,126,64,62
El Paso,076-FIRE STATION 13,RAILROAD COMMISSIONER,,DALE HENRY,DEM,207,19,201,0,427,226,201
El Paso,076-FIRE STATION 13,RAILROAD COMMISSIONER,,VIVEKANANDA (VIK) WA,LIB,3,0,4,0,7,3,4
El Paso,076-FIRE STATION 13,RAILROAD COMMISSIONER,,CHRIS KENNEDY,GRN,10,0,13,0,23,10,13
El Paso,076-FIRE STATION 13,RAILROAD COMMISSIONER,,BARRY SMITHERMAN,REP,79,1,86,1,167,80,87
El Paso,076-FIRE STATION 13,RAILROAD COMMISSIONER,,JAIME O. PEREZ,LIB,115,3,119,0,237,118,119
El Paso,076-FIRE STATION 13,RAILROAD COMMISSIONER,,JOSH WENDEL,GRN,20,1,23,0,44,21,23
El Paso,076-FIRE STATION 13,"JUSTICE, SUPREME COURT, PLACE 2",,DON WILLETT,REP,111,0,121,1,233,111,122
El Paso,076-FIRE STATION 13,"JUSTICE, SUPREME COURT, PLACE 2",,RS ROBERT KOELSCH,LIB,90,5,89,0,184,95,89
El Paso,076-FIRE STATION 13,"JUSTICE, SUPREME COURT, PLACE 4",,JOHN DEVINE,REP,103,0,105,1,209,103,106
El Paso,076-FIRE STATION 13,"JUSTICE, SUPREME COURT, PLACE 4",,TOM OXFORD,LIB,63,3,74,0,140,66,74
El Paso,076-FIRE STATION 13,"JUSTICE, SUPREME COURT, PLACE 4",,CHARLES E. WATERBURY,GRN,33,1,31,0,65,34,31
El Paso,076-FIRE STATION 13,"JUSTICE, SUPREME COURT, PLACE 6",,NATHAN HECHT,REP,65,0,58,1,124,65,59
El Paso,076-FIRE STATION 13,"JUSTICE, SUPREME COURT, PLACE 6",,MICHELE PETTY,DEM,211,18,208,0,437,229,208
El Paso,076-FIRE STATION 13,"JUSTICE, SUPREME COURT, PLACE 6",,MARK ASH,LIB,5,0,7,0,12,5,7
El Paso,076-FIRE STATION 13,"JUSTICE, SUPREME COURT, PLACE 6",,JIM CHISHOLM,GRN,4,0,8,0,12,4,8
El Paso,076-FIRE STATION 13,"PRESIDING JUDGE, COURT OF CRIMINAL APPEALS",,SHARON KELLER,REP,68,0,73,1,142,68,74
El Paso,076-FIRE STATION 13,"PRESIDING JUDGE, COURT OF CRIMINAL APPEALS",,KEITH HAMPTON,DEM,213,18,202,0,433,231,202
El Paso,076-FIRE STATION 13,"PRESIDING JUDGE, COURT OF CRIMINAL APPEALS",,LANCE STOTT,LIB,5,0,5,0,10,5,5
El Paso,076-FIRE STATION 13,"JUDGE, COURT OF CRIMINAL APPEALS, PLACE 7",,BARBARA PARKER HERVE,REP,110,1,115,1,227,111,116
El Paso,076-FIRE STATION 13,"JUDGE, COURT OF CRIMINAL APPEALS, PLACE 7",,MARK W. BENNETT,LIB,91,3,90,0,184,94,90
El Paso,076-FIRE STATION 13,"JUDGE, COURT OF CRIMINAL APPEALS, PLACE 8",,ELSA ALCALA,REP,122,1,132,1,256,123,133
El Paso,076-FIRE STATION 13,"JUDGE, COURT OF CRIMINAL APPEALS, PLACE 8",,WILLIAM BRYAN STRANG,LIB,75,3,77,0,155,78,77
El Paso,076-FIRE STATION 13,MEMBER STATE BOARD OF EDUCATION DISTRICT 1,,CARLOS CHARLIE GARZA,REP,67,0,75,1,143,67,76
El Paso,076-FIRE STATION 13,MEMBER STATE BOARD OF EDUCATION DISTRICT 1,,MARTHA M. DOMINGUEZ,DEM,222,17,209,0,448,239,209
El Paso,076-FIRE STATION 13,STATE SENATOR DISTRICT 29,,DAN CHAVEZ,REP,65,0,64,1,130,65,65
El Paso,076-FIRE STATION 13,STATE SENATOR DISTRICT 29,,JOSE R. RODRIGUEZ,DEM,228,18,223,0,469,246,223
El Paso,076-FIRE STATION 13,STATE REPRESENTATIVE DISTRICT 76,,NAOMI R. GONZALEZ,DEM,235,18,233,0,486,253,233
El Paso,076-FIRE STATION 13,"CHIEF JUSTICE, COURT OF APPEALS 8TH DISTRICT",,ANN CRAWFORD MCCLURE,DEM,235,18,231,0,484,253,231
El Paso,076-FIRE STATION 13,"JUSTICE, 8TH COURT OF APPEALS DISTRICT, PLACE 2",,CHRIS ANTCLIFF,REP,75,0,69,1,145,75,70
El Paso,076-FIRE STATION 13,"JUSTICE, 8TH COURT OF APPEALS DISTRICT, PLACE 2",,YVONNE RODRIGUEZ,DEM,215,18,211,0,444,233,211
El Paso,076-FIRE STATION 13,"JUSTICE, 8TH COURT OF APPEALS DISTRICT, PLACE 3",,GUADALUPE LUPE RIVER,DEM,234,18,235,0,487,252,235
El Paso,076-FIRE STATION 13,"DISTRICT JUDGE, 34TH JUDICIAL DISTRICT",,BILL MOODY,DEM,243,18,241,0,502,261,241
El Paso,076-FIRE STATION 13,"DISTRICT JUDGE, 41ST JUDICIAL DISTRICT",,ANNA PEREZ,DEM,235,17,237,0,489,252,237
El Paso,076-FIRE STATION 13,"DISTRICT JUDGE, 243RD JUDICIAL DISTRICT",,BILLY DON HICKS,REP,85,2,73,1,161,87,74
El Paso,076-FIRE STATION 13,"DISTRICT JUDGE, 243RD JUDICIAL DISTRICT",,LUIS AGUILAR,DEM,204,16,209,0,429,220,209
El Paso,076-FIRE STATION 13,"DISTRICT JUDGE, 346TH JUDICIAL DISTRICT",,ANGIE J. BARILL,DEM,229,17,229,0,475,246,229
El Paso,076-FIRE STATION 13,"DISTRICT JUDGE, 383RD JUDICIAL DISTRICT",,MIKE HERRERA,DEM,230,17,232,0,479,247,232
El Paso,076-FIRE STATION 13,"DISTRICT JUDGE, 384TH JUDICIAL DISTRICT",,PATRICK M. GARCIA,DEM,229,17,233,0,479,246,233
El Paso,076-FIRE STATION 13,"DISTRICT JUDGE, 388TH JUDICIAL DISTRICT",,LAURA STRATHMANN,DEM,229,17,230,0,476,246,230
El Paso,076-FIRE STATION 13,"DISTRICT JUDGE, 409TH JUDICIAL DISTRICT",,SAM MEDRANO JR,DEM,225,17,236,0,478,242,236
El Paso,076-FIRE STATION 13,"DISTRICT JUDGE, 448TH JUDICIAL DISTRICT",,SERGIO H. ENRIQUEZ,DEM,228,17,231,0,476,245,231
El Paso,076-FIRE STATION 13,"CRIMINAL DISTRICT JUDGE, COURT NO. 1",,DIANE NAVARRETE,DEM,226,17,231,0,474,243,231
El Paso,076-FIRE STATION 13,"FAMILY DISTRICT JUDGE, 65TH JUDICIAL DISTRICT",,YAHARA L. GUTIERREZ,DEM,230,17,229,0,476,247,229
El Paso,076-FIRE STATION 13,"DISTRICT ATTORNEY, 34TH JUDICIAL DISTRICT",,JAIME ESPARZA,DEM,234,17,234,0,485,251,234
El Paso,076-FIRE STATION 13,"JUDGE, COUNTY CRIMINAL COURT NO. 3",,CARLOS CARRASCO,DEM,218,17,233,0,468,235,233
El Paso,076-FIRE STATION 13,"JUDGE, COUNTY CRIMINAL COURT NO. 4",,JESUS HERRERA,DEM,222,17,234,0,473,239,234
El Paso,076-FIRE STATION 13,COUNTY ATTORNEY,,JO ANNE BERNAL,DEM,229,17,235,0,481,246,235
El Paso,076-FIRE STATION 13,SHERIFF,,RICHARD D. WILES,DEM,242,17,238,0,497,259,238
El Paso,076-FIRE STATION 13,COUNTY TAX ASSESSOR COLLECTOR,,VICTOR A. FLORES,DEM,234,17,237,0,488,251,237
El Paso,076-FIRE STATION 13,"CONSTABLE, PRECINCT NO. 3",,HECTOR BERNAL,DEM,225,18,236,0,479,243,236
El Paso,077-FIRE STATION 13,"CITY OF EL PASO, PROPOSITION",,FOR (A FAVOR),NP,331,13,271,0,615,344,271
El Paso,077-FIRE STATION 13,"CITY OF EL PASO, PROPOSITION",,AGAINST (EN CONTRA),NP,128,6,77,0,211,134,77
El Paso,077-FIRE STATION 13,"CITY OF EL PASO, PROPOSITION",,FOR (A FAVOR),NP,311,12,248,0,571,323,248
El Paso,077-FIRE STATION 13,"CITY OF EL PASO, PROPOSITION",,AGAINST (EN CONTRA),NP,136,7,90,0,233,143,90
El Paso,077-FIRE STATION 13,"CITY OF EL PASO, PROPOSITION",,FOR (A FAVOR),NP,234,7,192,0,433,241,192
El Paso,077-FIRE STATION 13,"CITY OF EL PASO, PROPOSITION",,AGAINST (EN CONTRA),NP,212,13,143,0,368,225,143
El Paso,077-FIRE STATION 13,STRAIGHT PARTY,,REPUBLICAN,REP,55,5,48,0,108,60,48
El Paso,077-FIRE STATION 13,STRAIGHT PARTY,,DEMOCRAT,DEM,242,3,175,0,420,245,175
El Paso,077-FIRE STATION 13,STRAIGHT PARTY,,LIBERTARIAN,LIB,4,1,3,0,8,5,3
El Paso,077-FIRE STATION 13,STRAIGHT PARTY,,GREEN,GRN,0,0,1,0,1,0,1
El Paso,077-FIRE STATION 13,US PRESIDENT,,MITT ROMNEY,REP,98,8,102,0,208,106,102
El Paso,077-FIRE STATION 13,US PRESIDENT,,BARACK OBAMA,DEM,360,12,245,0,617,372,245
El Paso,077-FIRE STATION 13,US PRESIDENT,,GARY JOHNSON,LIB,5,1,7,0,13,6,7
El Paso,077-FIRE STATION 13,US PRESIDENT,,JILL STEIN,GRN,2,0,2,0,4,2,2
El Paso,077-FIRE STATION 13,US PRESIDENT,,WRITE-IN,NP,0,0,0,0,0,0,0
El Paso,077-FIRE STATION 13,US SENATOR,,TED CRUZ,REP,111,9,101,0,221,120,101
El Paso,077-FIRE STATION 13,US SENATOR,,PAUL SADLER,DEM,330,11,223,0,564,341,223
El Paso,077-FIRE STATION 13,US SENATOR,,JOHN JAY MYERS,LIB,8,1,10,0,19,9,10
El Paso,077-FIRE STATION 13,US SENATOR,,DAVID B. COLLINS,GRN,4,0,5,0,9,4,5
El Paso,077-FIRE STATION 13,US REP DISTRICT 16,,BARBARA CARRASCO,REP,100,8,101,0,209,108,101
El Paso,077-FIRE STATION 13,US REP DISTRICT 16,,BETO OROURKE,DEM,345,13,233,0,591,358,233
El Paso,077-FIRE STATION 13,US REP DISTRICT 16,,JUNART SODOY,LIB,9,0,11,0,20,9,11
El Paso,077-FIRE STATION 13,RAILROAD COMMISSIONER,,CHRISTI CRADDICK,REP,95,11,91,0,197,106,91
El Paso,077-FIRE STATION 13,RAILROAD COMMISSIONER,,DALE HENRY,DEM,314,7,212,0,533,321,212
El Paso,077-FIRE STATION 13,RAILROAD COMMISSIONER,,VIVEKANANDA (VIK) WA,LIB,12,0,10,0,22,12,10
El Paso,077-FIRE STATION 13,RAILROAD COMMISSIONER,,CHRIS KENNEDY,GRN,13,2,11,0,26,15,11
El Paso,077-FIRE STATION 13,RAILROAD COMMISSIONER,,BARRY SMITHERMAN,REP,118,9,105,0,232,127,105
El Paso,077-FIRE STATION 13,RAILROAD COMMISSIONER,,JAIME O. PEREZ,LIB,174,3,128,0,305,177,128
El Paso,077-FIRE STATION 13,RAILROAD COMMISSIONER,,JOSH WENDEL,GRN,58,3,23,0,84,61,23
El Paso,077-FIRE STATION 13,"JUSTICE, SUPREME COURT, PLACE 2",,DON WILLETT,REP,159,10,140,0,309,169,140
El Paso,077-FIRE STATION 13,"JUSTICE, SUPREME COURT, PLACE 2",,RS ROBERT KOELSCH,LIB,165,4,112,0,281,169,112
El Paso,077-FIRE STATION 13,"JUSTICE, SUPREME COURT, PLACE 4",,JOHN DEVINE,REP,151,10,128,0,289,161,128
El Paso,077-FIRE STATION 13,"JUSTICE, SUPREME COURT, PLACE 4",,TOM OXFORD,LIB,129,3,94,0,226,132,94
El Paso,077-FIRE STATION 13,"JUSTICE, SUPREME COURT, PLACE 4",,CHARLES E. WATERBURY,GRN,52,1,30,0,83,53,30
El Paso,077-FIRE STATION 13,"JUSTICE, SUPREME COURT, PLACE 6",,NATHAN HECHT,REP,83,9,86,0,178,92,86
El Paso,077-FIRE STATION 13,"JUSTICE, SUPREME COURT, PLACE 6",,MICHELE PETTY,DEM,333,8,219,0,560,341,219
El Paso,077-FIRE STATION 13,"JUSTICE, SUPREME COURT, PLACE 6",,MARK ASH,LIB,17,1,12,0,30,18,12
El Paso,077-FIRE STATION 13,"JUSTICE, SUPREME COURT, PLACE 6",,JIM CHISHOLM,GRN,7,0,5,0,12,7,5
El Paso,077-FIRE STATION 13,"PRESIDING JUDGE, COURT OF CRIMINAL APPEALS",,SHARON KELLER,REP,97,8,96,0,201,105,96
El Paso,077-FIRE STATION 13,"PRESIDING JUDGE, COURT OF CRIMINAL APPEALS",,KEITH HAMPTON,DEM,327,9,211,0,547,336,211
El Paso,077-FIRE STATION 13,"PRESIDING JUDGE, COURT OF CRIMINAL APPEALS",,LANCE STOTT,LIB,15,1,17,0,33,16,17
El Paso,077-FIRE STATION 13,"JUDGE, COURT OF CRIMINAL APPEALS, PLACE 7",,BARBARA PARKER HERVE,REP,171,10,146,0,327,181,146
El Paso,077-FIRE STATION 13,"JUDGE, COURT OF CRIMINAL APPEALS, PLACE 7",,MARK W. BENNETT,LIB,151,4,99,0,254,155,99
El Paso,077-FIRE STATION 13,"JUDGE, COURT OF CRIMINAL APPEALS, PLACE 8",,ELSA ALCALA,REP,186,10,154,0,350,196,154
El Paso,077-FIRE STATION 13,"JUDGE, COURT OF CRIMINAL APPEALS, PLACE 8",,WILLIAM BRYAN STRANG,LIB,138,4,97,0,239,142,97
El Paso,077-FIRE STATION 13,MEMBER STATE BOARD OF EDUCATION DISTRICT 1,,CARLOS CHARLIE GARZA,REP,101,8,101,0,210,109,101
El Paso,077-FIRE STATION 13,MEMBER STATE BOARD OF EDUCATION DISTRICT 1,,MARTHA M. DOMINGUEZ,DEM,340,9,232,0,581,349,232
El Paso,077-FIRE STATION 13,STATE SENATOR DISTRICT 29,,DAN CHAVEZ,REP,95,9,96,0,200,104,96
El Paso,077-FIRE STATION 13,STATE SENATOR DISTRICT 29,,JOSE R. RODRIGUEZ,DEM,357,10,238,0,605,367,238
El Paso,077-FIRE STATION 13,STATE REPRESENTATIVE DISTRICT 76,,NAOMI R. GONZALEZ,DEM,367,12,264,0,643,379,264
El Paso,077-FIRE STATION 13,"CHIEF JUSTICE, COURT OF APPEALS 8TH DISTRICT",,ANN CRAWFORD MCCLURE,DEM,362,12,257,0,631,374,257
El Paso,077-FIRE STATION 13,"JUSTICE, 8TH COURT OF APPEALS DISTRICT, PLACE 2",,CHRIS ANTCLIFF,REP,94,10,92,0,196,104,92
El Paso,077-FIRE STATION 13,"JUSTICE, 8TH COURT OF APPEALS DISTRICT, PLACE 2",,YVONNE RODRIGUEZ,DEM,344,8,234,0,586,352,234
El Paso,077-FIRE STATION 13,"JUSTICE, 8TH COURT OF APPEALS DISTRICT, PLACE 3",,GUADALUPE LUPE RIVER,DEM,370,13,260,0,643,383,260
El Paso,077-FIRE STATION 13,"DISTRICT JUDGE, 34TH JUDICIAL DISTRICT",,BILL MOODY,DEM,368,13,261,0,642,381,261
El Paso,077-FIRE STATION 13,"DISTRICT JUDGE, 41ST JUDICIAL DISTRICT",,ANNA PEREZ,DEM,370,11,260,0,641,381,260
El Paso,077-FIRE STATION 13,"DISTRICT JUDGE, 243RD JUDICIAL DISTRICT",,BILLY DON HICKS,REP,109,11,97,0,217,120,97
El Paso,077-FIRE STATION 13,"DISTRICT JUDGE, 243RD JUDICIAL DISTRICT",,LUIS AGUILAR,DEM,334,8,230,0,572,342,230
El Paso,077-FIRE STATION 13,"DISTRICT JUDGE, 346TH JUDICIAL DISTRICT",,ANGIE J. BARILL,DEM,366,12,259,0,637,378,259
El Paso,077-FIRE STATION 13,"DISTRICT JUDGE, 383RD JUDICIAL DISTRICT",,MIKE HERRERA,DEM,368,12,261,0,641,380,261
El Paso,077-FIRE STATION 13,"DISTRICT JUDGE, 384TH JUDICIAL DISTRICT",,PATRICK M. GARCIA,DEM,364,12,260,0,636,376,260
El Paso,077-FIRE STATION 13,"DISTRICT JUDGE, 388TH JUDICIAL DISTRICT",,LAURA STRATHMANN,DEM,365,12,259,0,636,377,259
El Paso,077-FIRE STATION 13,"DISTRICT JUDGE, 409TH JUDICIAL DISTRICT",,SAM MEDRANO JR,DEM,370,12,261,0,643,382,261
El Paso,077-FIRE STATION 13,"DISTRICT JUDGE, 448TH JUDICIAL DISTRICT",,SERGIO H. ENRIQUEZ,DEM,366,12,255,0,633,378,255
El Paso,077-FIRE STATION 13,"CRIMINAL DISTRICT JUDGE, COURT NO. 1",,DIANE NAVARRETE,DEM,363,12,258,0,633,375,258
El Paso,077-FIRE STATION 13,"FAMILY DISTRICT JUDGE, 65TH JUDICIAL DISTRICT",,YAHARA L. GUTIERREZ,DEM,360,12,260,0,632,372,260
El Paso,077-FIRE STATION 13,"DISTRICT ATTORNEY, 34TH JUDICIAL DISTRICT",,JAIME ESPARZA,DEM,365,12,258,0,635,377,258
El Paso,077-FIRE STATION 13,"JUDGE, COUNTY CRIMINAL COURT NO. 3",,CARLOS CARRASCO,DEM,364,12,257,0,633,376,257
El Paso,077-FIRE STATION 13,"JUDGE, COUNTY CRIMINAL COURT NO. 4",,JESUS HERRERA,DEM,363,12,257,0,632,375,257
El Paso,077-FIRE STATION 13,COUNTY ATTORNEY,,JO ANNE BERNAL,DEM,362,12,256,0,630,374,256
El Paso,077-FIRE STATION 13,SHERIFF,,RICHARD D. WILES,DEM,379,13,266,0,658,392,266
El Paso,077-FIRE STATION 13,COUNTY TAX ASSESSOR COLLECTOR,,VICTOR A. FLORES,DEM,372,14,272,0,658,386,272
El Paso,077-FIRE STATION 13,"CONSTABLE, PRECINCT NO. 3",,HECTOR BERNAL,DEM,375,13,260,0,648,388,260
El Paso,078-CHELSEA PLAZA HOUSING,"CITY OF EL PASO, PROPOSITION",,FOR (A FAVOR),NP,182,7,257,0,446,189,257
El Paso,078-CHELSEA PLAZA HOUSING,"CITY OF EL PASO, PROPOSITION",,AGAINST (EN CONTRA),NP,74,0,66,1,141,74,67
El Paso,078-CHELSEA PLAZA HOUSING,"CITY OF EL PASO, PROPOSITION",,FOR (A FAVOR),NP,163,5,238,0,406,168,238
El Paso,078-CHELSEA PLAZA HOUSING,"CITY OF EL PASO, PROPOSITION",,AGAINST (EN CONTRA),NP,81,2,71,1,155,83,72
El Paso,078-CHELSEA PLAZA HOUSING,"CITY OF EL PASO, PROPOSITION",,FOR (A FAVOR),NP,132,4,191,0,327,136,191
El Paso,078-CHELSEA PLAZA HOUSING,"CITY OF EL PASO, PROPOSITION",,AGAINST (EN CONTRA),NP,116,2,130,1,249,118,131
El Paso,078-CHELSEA PLAZA HOUSING,STRAIGHT PARTY,,REPUBLICAN,REP,35,2,37,0,74,37,37
El Paso,078-CHELSEA PLAZA HOUSING,STRAIGHT PARTY,,DEMOCRAT,DEM,147,4,207,1,359,151,208
El Paso,078-CHELSEA PLAZA HOUSING,STRAIGHT PARTY,,LIBERTARIAN,LIB,1,0,3,0,4,1,3
El Paso,078-CHELSEA PLAZA HOUSING,STRAIGHT PARTY,,GREEN,GRN,0,0,1,0,1,0,1
El Paso,078-CHELSEA PLAZA HOUSING,US PRESIDENT,,MITT ROMNEY,REP,65,3,68,0,136,68,68
El Paso,078-CHELSEA PLAZA HOUSING,US PRESIDENT,,BARACK OBAMA,DEM,199,5,267,1,472,204,268
El Paso,078-CHELSEA PLAZA HOUSING,US PRESIDENT,,GARY JOHNSON,LIB,0,0,3,0,3,0,3
El Paso,078-CHELSEA PLAZA HOUSING,US PRESIDENT,,JILL STEIN,GRN,0,0,1,0,1,0,1
El Paso,078-CHELSEA PLAZA HOUSING,US PRESIDENT,,WRITE-IN,NP,0,0,1,0,1,0,1
El Paso,078-CHELSEA PLAZA HOUSING,US SENATOR,,TED CRUZ,REP,71,3,81,0,155,74,81
El Paso,078-CHELSEA PLAZA HOUSING,US SENATOR,,PAUL SADLER,DEM,172,5,228,1,406,177,229
El Paso,078-CHELSEA PLAZA HOUSING,US SENATOR,,JOHN JAY MYERS,LIB,2,0,8,0,10,2,8
El Paso,078-CHELSEA PLAZA HOUSING,US SENATOR,,DAVID B. COLLINS,GRN,3,1,3,0,7,4,3
El Paso,078-CHELSEA PLAZA HOUSING,US REP DISTRICT 16,,BARBARA CARRASCO,REP,57,2,87,0,146,59,87
El Paso,078-CHELSEA PLAZA HOUSING,US REP DISTRICT 16,,BETO OROURKE,DEM,195,6,238,1,440,201,239
El Paso,078-CHELSEA PLAZA HOUSING,US REP DISTRICT 16,,JUNART SODOY,LIB,1,1,2,0,4,2,2
El Paso,078-CHELSEA PLAZA HOUSING,RAILROAD COMMISSIONER,,CHRISTI CRADDICK,REP,49,3,58,0,110,52,58
El Paso,078-CHELSEA PLAZA HOUSING,RAILROAD COMMISSIONER,,DALE HENRY,DEM,184,3,237,1,425,187,238
El Paso,078-CHELSEA PLAZA HOUSING,RAILROAD COMMISSIONER,,VIVEKANANDA (VIK) WA,LIB,5,0,6,0,11,5,6
El Paso,078-CHELSEA PLAZA HOUSING,RAILROAD COMMISSIONER,,CHRIS KENNEDY,GRN,6,3,8,0,17,9,8
El Paso,078-CHELSEA PLAZA HOUSING,RAILROAD COMMISSIONER,,BARRY SMITHERMAN,REP,62,3,74,0,139,65,74
El Paso,078-CHELSEA PLAZA HOUSING,RAILROAD COMMISSIONER,,JAIME O. PEREZ,LIB,97,0,138,0,235,97,138
El Paso,078-CHELSEA PLAZA HOUSING,RAILROAD COMMISSIONER,,JOSH WENDEL,GRN,19,3,26,0,48,22,26
El Paso,078-CHELSEA PLAZA HOUSING,"JUSTICE, SUPREME COURT, PLACE 2",,DON WILLETT,REP,81,3,107,0,191,84,107
El Paso,078-CHELSEA PLAZA HOUSING,"JUSTICE, SUPREME COURT, PLACE 2",,RS ROBERT KOELSCH,LIB,85,3,119,0,207,88,119
El Paso,078-CHELSEA PLAZA HOUSING,"JUSTICE, SUPREME COURT, PLACE 4",,JOHN DEVINE,REP,75,3,101,0,179,78,101
El Paso,078-CHELSEA PLAZA HOUSING,"JUSTICE, SUPREME COURT, PLACE 4",,TOM OXFORD,LIB,66,0,97,0,163,66,97
El Paso,078-CHELSEA PLAZA HOUSING,"JUSTICE, SUPREME COURT, PLACE 4",,CHARLES E. WATERBURY,GRN,22,3,27,0,52,25,27
El Paso,078-CHELSEA PLAZA HOUSING,"JUSTICE, SUPREME COURT, PLACE 6",,NATHAN HECHT,REP,47,3,51,0,101,50,51
El Paso,078-CHELSEA PLAZA HOUSING,"JUSTICE, SUPREME COURT, PLACE 6",,MICHELE PETTY,DEM,187,4,247,1,439,191,248
El Paso,078-CHELSEA PLAZA HOUSING,"JUSTICE, SUPREME COURT, PLACE 6",,MARK ASH,LIB,4,0,8,0,12,4,8
El Paso,078-CHELSEA PLAZA HOUSING,"JUSTICE, SUPREME COURT, PLACE 6",,JIM CHISHOLM,GRN,4,2,10,0,16,6,10
El Paso,078-CHELSEA PLAZA HOUSING,"PRESIDING JUDGE, COURT OF CRIMINAL APPEALS",,SHARON KELLER,REP,51,3,63,0,117,54,63
El Paso,078-CHELSEA PLAZA HOUSING,"PRESIDING JUDGE, COURT OF CRIMINAL APPEALS",,KEITH HAMPTON,DEM,184,6,249,1,440,190,250
El Paso,078-CHELSEA PLAZA HOUSING,"PRESIDING JUDGE, COURT OF CRIMINAL APPEALS",,LANCE STOTT,LIB,8,0,3,0,11,8,3
El Paso,078-CHELSEA PLAZA HOUSING,"JUDGE, COURT OF CRIMINAL APPEALS, PLACE 7",,BARBARA PARKER HERVE,REP,85,3,104,0,192,88,104
El Paso,078-CHELSEA PLAZA HOUSING,"JUDGE, COURT OF CRIMINAL APPEALS, PLACE 7",,MARK W. BENNETT,LIB,80,2,118,0,200,82,118
El Paso,078-CHELSEA PLAZA HOUSING,"JUDGE, COURT OF CRIMINAL APPEALS, PLACE 8",,ELSA ALCALA,REP,98,3,120,0,221,101,120
El Paso,078-CHELSEA PLAZA HOUSING,"JUDGE, COURT OF CRIMINAL APPEALS, PLACE 8",,WILLIAM BRYAN STRANG,LIB,66,2,101,0,169,68,101
El Paso,078-CHELSEA PLAZA HOUSING,MEMBER STATE BOARD OF EDUCATION DISTRICT 1,,CARLOS CHARLIE GARZA,REP,56,2,65,0,123,58,65
El Paso,078-CHELSEA PLAZA HOUSING,MEMBER STATE BOARD OF EDUCATION DISTRICT 1,,MARTHA M. DOMINGUEZ,DEM,185,7,251,1,444,192,252
El Paso,078-CHELSEA PLAZA HOUSING,STATE SENATOR DISTRICT 29,,DAN CHAVEZ,REP,51,3,60,0,114,54,60
El Paso,078-CHELSEA PLAZA HOUSING,STATE SENATOR DISTRICT 29,,JOSE R. RODRIGUEZ,DEM,198,6,261,1,466,204,262
El Paso,078-CHELSEA PLAZA HOUSING,STATE REPRESENTATIVE DISTRICT 76,,NAOMI R. GONZALEZ,DEM,199,5,279,1,484,204,280
El Paso,078-CHELSEA PLAZA HOUSING,"CHIEF JUSTICE, COURT OF APPEALS 8TH DISTRICT",,ANN CRAWFORD MCCLURE,DEM,196,5,267,1,469,201,268
El Paso,078-CHELSEA PLAZA HOUSING,"JUSTICE, 8TH COURT OF APPEALS DISTRICT, PLACE 2",,CHRIS ANTCLIFF,REP,53,2,51,0,106,55,51
El Paso,078-CHELSEA PLAZA HOUSING,"JUSTICE, 8TH COURT OF APPEALS DISTRICT, PLACE 2",,YVONNE RODRIGUEZ,DEM,194,6,268,1,469,200,269
El Paso,078-CHELSEA PLAZA HOUSING,"JUSTICE, 8TH COURT OF APPEALS DISTRICT, PLACE 3",,GUADALUPE LUPE RIVER,DEM,205,5,282,1,493,210,283
El Paso,078-CHELSEA PLAZA HOUSING,"DISTRICT JUDGE, 34TH JUDICIAL DISTRICT",,BILL MOODY,DEM,204,5,275,1,485,209,276
El Paso,078-CHELSEA PLAZA HOUSING,"DISTRICT JUDGE, 41ST JUDICIAL DISTRICT",,ANNA PEREZ,DEM,201,5,272,1,479,206,273
El Paso,078-CHELSEA PLAZA HOUSING,"DISTRICT JUDGE, 243RD JUDICIAL DISTRICT",,BILLY DON HICKS,REP,59,3,57,0,119,62,57
El Paso,078-CHELSEA PLAZA HOUSING,"DISTRICT JUDGE, 243RD JUDICIAL DISTRICT",,LUIS AGUILAR,DEM,193,6,260,1,460,199,261
El Paso,078-CHELSEA PLAZA HOUSING,"DISTRICT JUDGE, 346TH JUDICIAL DISTRICT",,ANGIE J. BARILL,DEM,196,5,275,1,477,201,276
El Paso,078-CHELSEA PLAZA HOUSING,"DISTRICT JUDGE, 383RD JUDICIAL DISTRICT",,MIKE HERRERA,DEM,198,5,273,1,477,203,274
El Paso,078-CHELSEA PLAZA HOUSING,"DISTRICT JUDGE, 384TH JUDICIAL DISTRICT",,PATRICK M. GARCIA,DEM,191,5,273,1,470,196,274
El Paso,078-CHELSEA PLAZA HOUSING,"DISTRICT JUDGE, 388TH JUDICIAL DISTRICT",,LAURA STRATHMANN,DEM,194,5,269,1,469,199,270
El Paso,078-CHELSEA PLAZA HOUSING,"DISTRICT JUDGE, 409TH JUDICIAL DISTRICT",,SAM MEDRANO JR,DEM,201,5,269,1,476,206,270
El Paso,078-CHELSEA PLAZA HOUSING,"DISTRICT JUDGE, 448TH JUDICIAL DISTRICT",,SERGIO H. ENRIQUEZ,DEM,198,5,275,1,479,203,276
El Paso,078-CHELSEA PLAZA HOUSING,"CRIMINAL DISTRICT JUDGE, COURT NO. 1",,DIANE NAVARRETE,DEM,196,5,271,1,473,201,272
El Paso,078-CHELSEA PLAZA HOUSING,"FAMILY DISTRICT JUDGE, 65TH JUDICIAL DISTRICT",,YAHARA L. GUTIERREZ,DEM,199,5,271,1,476,204,272
El Paso,078-CHELSEA PLAZA HOUSING,"DISTRICT ATTORNEY, 34TH JUDICIAL DISTRICT",,JAIME ESPARZA,DEM,194,5,271,1,471,199,272
El Paso,078-CHELSEA PLAZA HOUSING,"JUDGE, COUNTY CRIMINAL COURT NO. 3",,CARLOS CARRASCO,DEM,196,5,274,1,476,201,275
El Paso,078-CHELSEA PLAZA HOUSING,"JUDGE, COUNTY CRIMINAL COURT NO. 4",,JESUS HERRERA,DEM,195,5,272,1,473,200,273
El Paso,078-CHELSEA PLAZA HOUSING,COUNTY ATTORNEY,,JO ANNE BERNAL,DEM,187,5,272,1,465,192,273
El Paso,078-CHELSEA PLAZA HOUSING,SHERIFF,,RICHARD D. WILES,DEM,199,4,276,1,480,203,277
El Paso,078-CHELSEA PLAZA HOUSING,COUNTY TAX ASSESSOR COLLECTOR,,VICTOR A. FLORES,DEM,202,6,272,1,481,208,273
El Paso,078-CHELSEA PLAZA HOUSING,"CONSTABLE, PRECINCT NO. 3",,HECTOR BERNAL,DEM,200,5,268,1,474,205,269
El Paso,079-FIRE STATION 5,"CITY OF EL PASO, PROPOSITION",,FOR (A FAVOR),NP,62,1,136,0,199,63,136
El Paso,079-FIRE STATION 5,"CITY OF EL PASO, PROPOSITION",,AGAINST (EN CONTRA),NP,17,0,24,0,41,17,24
El Paso,079-FIRE STATION 5,"CITY OF EL PASO, PROPOSITION",,FOR (A FAVOR),NP,56,1,125,0,182,57,125
El Paso,079-FIRE STATION 5,"CITY OF EL PASO, PROPOSITION",,AGAINST (EN CONTRA),NP,18,0,30,0,48,18,30
El Paso,079-FIRE STATION 5,"CITY OF EL PASO, PROPOSITION",,FOR (A FAVOR),NP,43,1,90,0,134,44,90
El Paso,079-FIRE STATION 5,"CITY OF EL PASO, PROPOSITION",,AGAINST (EN CONTRA),NP,31,0,65,0,96,31,65
El Paso,079-FIRE STATION 5,STRAIGHT PARTY,,REPUBLICAN,REP,7,0,9,0,16,7,9
El Paso,079-FIRE STATION 5,STRAIGHT PARTY,,DEMOCRAT,DEM,48,0,122,0,170,48,122
El Paso,079-FIRE STATION 5,STRAIGHT PARTY,,LIBERTARIAN,LIB,1,0,3,0,4,1,3
El Paso,079-FIRE STATION 5,STRAIGHT PARTY,,GREEN,GRN,0,0,0,0,0,0,0
El Paso,079-FIRE STATION 5,US PRESIDENT,,MITT ROMNEY,REP,17,0,12,0,29,17,12
El Paso,079-FIRE STATION 5,US PRESIDENT,,BARACK OBAMA,DEM,60,1,157,0,218,61,157
El Paso,079-FIRE STATION 5,US PRESIDENT,,GARY JOHNSON,LIB,2,0,3,0,5,2,3
El Paso,079-FIRE STATION 5,US PRESIDENT,,JILL STEIN,GRN,0,0,1,0,1,0,1
El Paso,079-FIRE STATION 5,US PRESIDENT,,WRITE-IN,NP,1,0,0,0,1,1,0
El Paso,079-FIRE STATION 5,US SENATOR,,TED CRUZ,REP,15,0,23,0,38,15,23
El Paso,079-FIRE STATION 5,US SENATOR,,PAUL SADLER,DEM,60,1,143,0,204,61,143
El Paso,079-FIRE STATION 5,US SENATOR,,JOHN JAY MYERS,LIB,3,0,1,0,4,3,1
El Paso,079-FIRE STATION 5,US SENATOR,,DAVID B. COLLINS,GRN,2,0,1,0,3,2,1
El Paso,079-FIRE STATION 5,US REP DISTRICT 16,,BARBARA CARRASCO,REP,19,0,17,0,36,19,17
El Paso,079-FIRE STATION 5,US REP DISTRICT 16,,BETO OROURKE,DEM,59,1,148,0,208,60,148
El Paso,079-FIRE STATION 5,US REP DISTRICT 16,,JUNART SODOY,LIB,2,0,6,0,8,2,6
El Paso,079-FIRE STATION 5,RAILROAD COMMISSIONER,,CHRISTI CRADDICK,REP,11,0,17,0,28,11,17
El Paso,079-FIRE STATION 5,RAILROAD COMMISSIONER,,DALE HENRY,DEM,62,0,141,0,203,62,141
El Paso,079-FIRE STATION 5,RAILROAD COMMISSIONER,,VIVEKANANDA (VIK) WA,LIB,3,1,3,0,7,4,3
El Paso,079-FIRE STATION 5,RAILROAD COMMISSIONER,,CHRIS KENNEDY,GRN,2,0,7,0,9,2,7
El Paso,079-FIRE STATION 5,RAILROAD COMMISSIONER,,BARRY SMITHERMAN,REP,14,0,25,0,39,14,25
El Paso,079-FIRE STATION 5,RAILROAD COMMISSIONER,,JAIME O. PEREZ,LIB,38,0,74,0,112,38,74
El Paso,079-FIRE STATION 5,RAILROAD COMMISSIONER,,JOSH WENDEL,GRN,3,1,11,0,15,4,11
El Paso,079-FIRE STATION 5,"JUSTICE, SUPREME COURT, PLACE 2",,DON WILLETT,REP,24,0,38,0,62,24,38
El Paso,079-FIRE STATION 5,"JUSTICE, SUPREME COURT, PLACE 2",,RS ROBERT KOELSCH,LIB,25,1,73,0,99,26,73
El Paso,079-FIRE STATION 5,"JUSTICE, SUPREME COURT, PLACE 4",,JOHN DEVINE,REP,22,0,33,0,55,22,33
El Paso,079-FIRE STATION 5,"JUSTICE, SUPREME COURT, PLACE 4",,TOM OXFORD,LIB,23,1,51,0,75,24,51
El Paso,079-FIRE STATION 5,"JUSTICE, SUPREME COURT, PLACE 4",,CHARLES E. WATERBURY,GRN,4,0,25,0,29,4,25
El Paso,079-FIRE STATION 5,"JUSTICE, SUPREME COURT, PLACE 6",,NATHAN HECHT,REP,12,0,14,0,26,12,14
El Paso,079-FIRE STATION 5,"JUSTICE, SUPREME COURT, PLACE 6",,MICHELE PETTY,DEM,63,0,145,0,208,63,145
El Paso,079-FIRE STATION 5,"JUSTICE, SUPREME COURT, PLACE 6",,MARK ASH,LIB,0,1,4,0,5,1,4
El Paso,079-FIRE STATION 5,"JUSTICE, SUPREME COURT, PLACE 6",,JIM CHISHOLM,GRN,1,0,7,0,8,1,7
El Paso,079-FIRE STATION 5,"PRESIDING JUDGE, COURT OF CRIMINAL APPEALS",,SHARON KELLER,REP,16,0,19,0,35,16,19
El Paso,079-FIRE STATION 5,"PRESIDING JUDGE, COURT OF CRIMINAL APPEALS",,KEITH HAMPTON,DEM,58,0,144,0,202,58,144
El Paso,079-FIRE STATION 5,"PRESIDING JUDGE, COURT OF CRIMINAL APPEALS",,LANCE STOTT,LIB,3,1,6,0,10,4,6
El Paso,079-FIRE STATION 5,"JUDGE, COURT OF CRIMINAL APPEALS, PLACE 7",,BARBARA PARKER HERVE,REP,23,0,44,0,67,23,44
El Paso,079-FIRE STATION 5,"JUDGE, COURT OF CRIMINAL APPEALS, PLACE 7",,MARK W. BENNETT,LIB,27,1,63,0,91,28,63
El Paso,079-FIRE STATION 5,"JUDGE, COURT OF CRIMINAL APPEALS, PLACE 8",,ELSA ALCALA,REP,30,0,52,0,82,30,52
El Paso,079-FIRE STATION 5,"JUDGE, COURT OF CRIMINAL APPEALS, PLACE 8",,WILLIAM BRYAN STRANG,LIB,24,1,51,0,76,25,51
El Paso,079-FIRE STATION 5,MEMBER STATE BOARD OF EDUCATION DISTRICT 1,,CARLOS CHARLIE GARZA,REP,15,0,22,0,37,15,22
El Paso,079-FIRE STATION 5,MEMBER STATE BOARD OF EDUCATION DISTRICT 1,,MARTHA M. DOMINGUEZ,DEM,62,1,145,0,208,63,145
El Paso,079-FIRE STATION 5,STATE SENATOR DISTRICT 29,,DAN CHAVEZ,REP,15,0,18,0,33,15,18
El Paso,079-FIRE STATION 5,STATE SENATOR DISTRICT 29,,JOSE R. RODRIGUEZ,DEM,63,1,151,0,215,64,151
El Paso,079-FIRE STATION 5,STATE REPRESENTATIVE DISTRICT 76,,NAOMI R. GONZALEZ,DEM,68,1,155,0,224,69,155
El Paso,079-FIRE STATION 5,"CHIEF JUSTICE, COURT OF APPEALS 8TH DISTRICT",,ANN CRAWFORD MCCLURE,DEM,69,1,154,0,224,70,154
El Paso,079-FIRE STATION 5,"JUSTICE, 8TH COURT OF APPEALS DISTRICT, PLACE 2",,CHRIS ANTCLIFF,REP,15,0,18,0,33,15,18
El Paso,079-FIRE STATION 5,"JUSTICE, 8TH COURT OF APPEALS DISTRICT, PLACE 2",,YVONNE RODRIGUEZ,DEM,63,1,148,0,212,64,148
El Paso,079-FIRE STATION 5,"JUSTICE, 8TH COURT OF APPEALS DISTRICT, PLACE 3",,GUADALUPE LUPE RIVER,DEM,67,1,157,0,225,68,157
El Paso,079-FIRE STATION 5,"DISTRICT JUDGE, 34TH JUDICIAL DISTRICT",,BILL MOODY,DEM,68,1,151,0,220,69,151
El Paso,079-FIRE STATION 5,"DISTRICT JUDGE, 41ST JUDICIAL DISTRICT",,ANNA PEREZ,DEM,66,1,153,0,220,67,153
El Paso,079-FIRE STATION 5,"DISTRICT JUDGE, 243RD JUDICIAL DISTRICT",,BILLY DON HICKS,REP,15,0,17,0,32,15,17
El Paso,079-FIRE STATION 5,"DISTRICT JUDGE, 243RD JUDICIAL DISTRICT",,LUIS AGUILAR,DEM,63,1,149,0,213,64,149
El Paso,079-FIRE STATION 5,"DISTRICT JUDGE, 346TH JUDICIAL DISTRICT",,ANGIE J. BARILL,DEM,70,1,159,0,230,71,159
El Paso,079-FIRE STATION 5,"DISTRICT JUDGE, 383RD JUDICIAL DISTRICT",,MIKE HERRERA,DEM,66,1,158,0,225,67,158
El Paso,079-FIRE STATION 5,"DISTRICT JUDGE, 384TH JUDICIAL DISTRICT",,PATRICK M. GARCIA,DEM,67,1,155,0,223,68,155
El Paso,079-FIRE STATION 5,"DISTRICT JUDGE, 388TH JUDICIAL DISTRICT",,LAURA STRATHMANN,DEM,67,1,157,0,225,68,157
El Paso,079-FIRE STATION 5,"DISTRICT JUDGE, 409TH JUDICIAL DISTRICT",,SAM MEDRANO JR,DEM,67,1,157,0,225,68,157
El Paso,079-FIRE STATION 5,"DISTRICT JUDGE, 448TH JUDICIAL DISTRICT",,SERGIO H. ENRIQUEZ,DEM,68,1,155,0,224,69,155
El Paso,079-FIRE STATION 5,"CRIMINAL DISTRICT JUDGE, COURT NO. 1",,DIANE NAVARRETE,DEM,67,1,154,0,222,68,154
El Paso,079-FIRE STATION 5,"FAMILY DISTRICT JUDGE, 65TH JUDICIAL DISTRICT",,YAHARA L. GUTIERREZ,DEM,66,1,154,0,221,67,154
El Paso,079-FIRE STATION 5,"DISTRICT ATTORNEY, 34TH JUDICIAL DISTRICT",,JAIME ESPARZA,DEM,68,1,157,0,226,69,157
El Paso,079-FIRE STATION 5,"JUDGE, COUNTY CRIMINAL COURT NO. 3",,CARLOS CARRASCO,DEM,70,1,155,0,226,71,155
El Paso,079-FIRE STATION 5,"JUDGE, COUNTY CRIMINAL COURT NO. 4",,JESUS HERRERA,DEM,67,1,157,0,225,68,157
El Paso,079-FIRE STATION 5,COUNTY ATTORNEY,,JO ANNE BERNAL,DEM,66,1,154,0,221,67,154
El Paso,079-FIRE STATION 5,SHERIFF,,RICHARD D. WILES,DEM,69,1,154,0,224,70,154
El Paso,079-FIRE STATION 5,COUNTY TAX ASSESSOR COLLECTOR,,VICTOR A. FLORES,DEM,68,1,160,0,229,69,160
El Paso,079-FIRE STATION 5,"CONSTABLE, PRECINCT NO. 3",,HECTOR BERNAL,DEM,68,1,158,0,227,69,158
El Paso,080-BURLESON ELEMENTARY,"CITY OF EL PASO, PROPOSITION",,FOR (A FAVOR),NP,123,2,274,0,399,125,274
El Paso,080-BURLESON ELEMENTARY,"CITY OF EL PASO, PROPOSITION",,AGAINST (EN CONTRA),NP,41,3,65,0,109,44,65
El Paso,080-BURLESON ELEMENTARY,"CITY OF EL PASO, PROPOSITION",,FOR (A FAVOR),NP,115,3,254,0,372,118,254
El Paso,080-BURLESON ELEMENTARY,"CITY OF EL PASO, PROPOSITION",,AGAINST (EN CONTRA),NP,41,2,66,0,109,43,66
El Paso,080-BURLESON ELEMENTARY,"CITY OF EL PASO, PROPOSITION",,FOR (A FAVOR),NP,79,2,199,0,280,81,199
El Paso,080-BURLESON ELEMENTARY,"CITY OF EL PASO, PROPOSITION",,AGAINST (EN CONTRA),NP,84,3,133,0,220,87,133
El Paso,080-BURLESON ELEMENTARY,STRAIGHT PARTY,,REPUBLICAN,REP,7,0,18,0,25,7,18
El Paso,080-BURLESON ELEMENTARY,STRAIGHT PARTY,,DEMOCRAT,DEM,123,6,258,0,387,129,258
El Paso,080-BURLESON ELEMENTARY,STRAIGHT PARTY,,LIBERTARIAN,LIB,1,0,1,0,2,1,1
El Paso,080-BURLESON ELEMENTARY,STRAIGHT PARTY,,GREEN,GRN,0,0,1,0,1,0,1
El Paso,080-BURLESON ELEMENTARY,US PRESIDENT,,MITT ROMNEY,REP,15,0,43,0,58,15,43
El Paso,080-BURLESON ELEMENTARY,US PRESIDENT,,BARACK OBAMA,DEM,156,6,329,0,491,162,329
El Paso,080-BURLESON ELEMENTARY,US PRESIDENT,,GARY JOHNSON,LIB,1,0,1,0,2,1,1
El Paso,080-BURLESON ELEMENTARY,US PRESIDENT,,JILL STEIN,GRN,0,0,1,0,1,0,1
El Paso,080-BURLESON ELEMENTARY,US PRESIDENT,,WRITE-IN,NP,0,0,0,0,0,0,0
El Paso,080-BURLESON ELEMENTARY,US SENATOR,,TED CRUZ,REP,22,0,52,0,74,22,52
El Paso,080-BURLESON ELEMENTARY,US SENATOR,,PAUL SADLER,DEM,146,6,303,0,455,152,303
El Paso,080-BURLESON ELEMENTARY,US SENATOR,,JOHN JAY MYERS,LIB,0,0,8,0,8,0,8
El Paso,080-BURLESON ELEMENTARY,US SENATOR,,DAVID B. COLLINS,GRN,2,0,2,0,4,2,2
El Paso,080-BURLESON ELEMENTARY,US REP DISTRICT 16,,BARBARA CARRASCO,REP,17,1,51,0,69,18,51
El Paso,080-BURLESON ELEMENTARY,US REP DISTRICT 16,,BETO OROURKE,DEM,148,6,310,0,464,154,310
El Paso,080-BURLESON ELEMENTARY,US REP DISTRICT 16,,JUNART SODOY,LIB,4,0,7,0,11,4,7
El Paso,080-BURLESON ELEMENTARY,RAILROAD COMMISSIONER,,CHRISTI CRADDICK,REP,14,0,33,0,47,14,33
El Paso,080-BURLESON ELEMENTARY,RAILROAD COMMISSIONER,,DALE HENRY,DEM,144,6,304,0,454,150,304
El Paso,080-BURLESON ELEMENTARY,RAILROAD COMMISSIONER,,VIVEKANANDA (VIK) WA,LIB,4,0,8,0,12,4,8
El Paso,080-BURLESON ELEMENTARY,RAILROAD COMMISSIONER,,CHRIS KENNEDY,GRN,5,0,11,0,16,5,11
El Paso,080-BURLESON ELEMENTARY,RAILROAD COMMISSIONER,,BARRY SMITHERMAN,REP,27,0,60,0,87,27,60
El Paso,080-BURLESON ELEMENTARY,RAILROAD COMMISSIONER,,JAIME O. PEREZ,LIB,75,1,154,0,230,76,154
El Paso,080-BURLESON ELEMENTARY,RAILROAD COMMISSIONER,,JOSH WENDEL,GRN,6,0,23,0,29,6,23
El Paso,080-BURLESON ELEMENTARY,"JUSTICE, SUPREME COURT, PLACE 2",,DON WILLETT,REP,44,0,95,0,139,44,95
El Paso,080-BURLESON ELEMENTARY,"JUSTICE, SUPREME COURT, PLACE 2",,RS ROBERT KOELSCH,LIB,56,1,136,0,193,57,136
El Paso,080-BURLESON ELEMENTARY,"JUSTICE, SUPREME COURT, PLACE 4",,JOHN DEVINE,REP,34,1,85,0,120,35,85
El Paso,080-BURLESON ELEMENTARY,"JUSTICE, SUPREME COURT, PLACE 4",,TOM OXFORD,LIB,47,0,101,0,148,47,101
El Paso,080-BURLESON ELEMENTARY,"JUSTICE, SUPREME COURT, PLACE 4",,CHARLES E. WATERBURY,GRN,12,0,40,0,52,12,40
El Paso,080-BURLESON ELEMENTARY,"JUSTICE, SUPREME COURT, PLACE 6",,NATHAN HECHT,REP,13,0,33,0,46,13,33
El Paso,080-BURLESON ELEMENTARY,"JUSTICE, SUPREME COURT, PLACE 6",,MICHELE PETTY,DEM,148,6,303,0,457,154,303
El Paso,080-BURLESON ELEMENTARY,"JUSTICE, SUPREME COURT, PLACE 6",,MARK ASH,LIB,5,0,11,0,16,5,11
El Paso,080-BURLESON ELEMENTARY,"JUSTICE, SUPREME COURT, PLACE 6",,JIM CHISHOLM,GRN,2,0,7,0,9,2,7
El Paso,080-BURLESON ELEMENTARY,"PRESIDING JUDGE, COURT OF CRIMINAL APPEALS",,SHARON KELLER,REP,19,0,34,0,53,19,34
El Paso,080-BURLESON ELEMENTARY,"PRESIDING JUDGE, COURT OF CRIMINAL APPEALS",,KEITH HAMPTON,DEM,151,7,314,0,472,158,314
El Paso,080-BURLESON ELEMENTARY,"PRESIDING JUDGE, COURT OF CRIMINAL APPEALS",,LANCE STOTT,LIB,1,0,10,0,11,1,10
El Paso,080-BURLESON ELEMENTARY,"JUDGE, COURT OF CRIMINAL APPEALS, PLACE 7",,BARBARA PARKER HERVE,REP,43,1,96,0,140,44,96
El Paso,080-BURLESON ELEMENTARY,"JUDGE, COURT OF CRIMINAL APPEALS, PLACE 7",,MARK W. BENNETT,LIB,56,0,135,0,191,56,135
El Paso,080-BURLESON ELEMENTARY,"JUDGE, COURT OF CRIMINAL APPEALS, PLACE 8",,ELSA ALCALA,REP,47,1,105,0,153,48,105
El Paso,080-BURLESON ELEMENTARY,"JUDGE, COURT OF CRIMINAL APPEALS, PLACE 8",,WILLIAM BRYAN STRANG,LIB,49,0,118,0,167,49,118
El Paso,080-BURLESON ELEMENTARY,MEMBER STATE BOARD OF EDUCATION DISTRICT 1,,CARLOS CHARLIE GARZA,REP,19,0,41,0,60,19,41
El Paso,080-BURLESON ELEMENTARY,MEMBER STATE BOARD OF EDUCATION DISTRICT 1,,MARTHA M. DOMINGUEZ,DEM,147,7,319,0,473,154,319
El Paso,080-BURLESON ELEMENTARY,STATE SENATOR DISTRICT 29,,DAN CHAVEZ,REP,11,0,38,0,49,11,38
El Paso,080-BURLESON ELEMENTARY,STATE SENATOR DISTRICT 29,,JOSE R. RODRIGUEZ,DEM,156,7,325,0,488,163,325
El Paso,080-BURLESON ELEMENTARY,STATE REPRESENTATIVE DISTRICT 76,,NAOMI R. GONZALEZ,DEM,161,6,337,0,504,167,337
El Paso,080-BURLESON ELEMENTARY,"CHIEF JUSTICE, COURT OF APPEALS 8TH DISTRICT",,ANN CRAWFORD MCCLURE,DEM,159,6,334,0,499,165,334
El Paso,080-BURLESON ELEMENTARY,"JUSTICE, 8TH COURT OF APPEALS DISTRICT, PLACE 2",,CHRIS ANTCLIFF,REP,15,0,37,0,52,15,37
El Paso,080-BURLESON ELEMENTARY,"JUSTICE, 8TH COURT OF APPEALS DISTRICT, PLACE 2",,YVONNE RODRIGUEZ,DEM,149,7,322,0,478,156,322
El Paso,080-BURLESON ELEMENTARY,"JUSTICE, 8TH COURT OF APPEALS DISTRICT, PLACE 3",,GUADALUPE LUPE RIVER,DEM,158,7,334,0,499,165,334
El Paso,080-BURLESON ELEMENTARY,"DISTRICT JUDGE, 34TH JUDICIAL DISTRICT",,BILL MOODY,DEM,159,7,331,0,497,166,331
El Paso,080-BURLESON ELEMENTARY,"DISTRICT JUDGE, 41ST JUDICIAL DISTRICT",,ANNA PEREZ,DEM,156,7,332,0,495,163,332
El Paso,080-BURLESON ELEMENTARY,"DISTRICT JUDGE, 243RD JUDICIAL DISTRICT",,BILLY DON HICKS,REP,15,0,45,0,60,15,45
El Paso,080-BURLESON ELEMENTARY,"DISTRICT JUDGE, 243RD JUDICIAL DISTRICT",,LUIS AGUILAR,DEM,153,7,314,0,474,160,314
El Paso,080-BURLESON ELEMENTARY,"DISTRICT JUDGE, 346TH JUDICIAL DISTRICT",,ANGIE J. BARILL,DEM,158,7,331,0,496,165,331
El Paso,080-BURLESON ELEMENTARY,"DISTRICT JUDGE, 383RD JUDICIAL DISTRICT",,MIKE HERRERA,DEM,158,7,331,0,496,165,331
El Paso,080-BURLESON ELEMENTARY,"DISTRICT JUDGE, 384TH JUDICIAL DISTRICT",,PATRICK M. GARCIA,DEM,156,7,330,0,493,163,330
El Paso,080-BURLESON ELEMENTARY,"DISTRICT JUDGE, 388TH JUDICIAL DISTRICT",,LAURA STRATHMANN,DEM,158,7,336,0,501,165,336
El Paso,080-BURLESON ELEMENTARY,"DISTRICT JUDGE, 409TH JUDICIAL DISTRICT",,SAM MEDRANO JR,DEM,159,7,331,0,497,166,331
El Paso,080-BURLESON ELEMENTARY,"DISTRICT JUDGE, 448TH JUDICIAL DISTRICT",,SERGIO H. ENRIQUEZ,DEM,157,7,333,0,497,164,333
El Paso,080-BURLESON ELEMENTARY,"CRIMINAL DISTRICT JUDGE, COURT NO. 1",,DIANE NAVARRETE,DEM,157,7,335,0,499,164,335
El Paso,080-BURLESON ELEMENTARY,"FAMILY DISTRICT JUDGE, 65TH JUDICIAL DISTRICT",,YAHARA L. GUTIERREZ,DEM,156,7,332,0,495,163,332
El Paso,080-BURLESON ELEMENTARY,"DISTRICT ATTORNEY, 34TH JUDICIAL DISTRICT",,JAIME ESPARZA,DEM,161,7,335,0,503,168,335
El Paso,080-BURLESON ELEMENTARY,"JUDGE, COUNTY CRIMINAL COURT NO. 3",,CARLOS CARRASCO,DEM,159,7,332,0,498,166,332
El Paso,080-BURLESON ELEMENTARY,"JUDGE, COUNTY CRIMINAL COURT NO. 4",,JESUS HERRERA,DEM,158,7,329,0,494,165,329
El Paso,080-BURLESON ELEMENTARY,COUNTY ATTORNEY,,JO ANNE BERNAL,DEM,156,7,332,0,495,163,332
El Paso,080-BURLESON ELEMENTARY,SHERIFF,,RICHARD D. WILES,DEM,162,7,334,0,503,169,334
El Paso,080-BURLESON ELEMENTARY,COUNTY TAX ASSESSOR COLLECTOR,,VICTOR A. FLORES,DEM,162,7,331,0,500,169,331
El Paso,080-BURLESON ELEMENTARY,"CONSTABLE, PRECINCT NO. 3",,HECTOR BERNAL,DEM,156,7,331,0,494,163,331
El Paso,081-SAN JUAN REC CTR,"CITY OF EL PASO, PROPOSITION",,FOR (A FAVOR),NP,49,1,57,0,107,50,57
El Paso,081-SAN JUAN REC CTR,"CITY OF EL PASO, PROPOSITION",,AGAINST (EN CONTRA),NP,22,0,14,0,36,22,14
El Paso,081-SAN JUAN REC CTR,"CITY OF EL PASO, PROPOSITION",,FOR (A FAVOR),NP,41,1,52,0,94,42,52
El Paso,081-SAN JUAN REC CTR,"CITY OF EL PASO, PROPOSITION",,AGAINST (EN CONTRA),NP,30,0,17,0,47,30,17
El Paso,081-SAN JUAN REC CTR,"CITY OF EL PASO, PROPOSITION",,FOR (A FAVOR),NP,32,1,41,0,74,33,41
El Paso,081-SAN JUAN REC CTR,"CITY OF EL PASO, PROPOSITION",,AGAINST (EN CONTRA),NP,40,0,28,0,68,40,28
El Paso,081-SAN JUAN REC CTR,STRAIGHT PARTY,,REPUBLICAN,REP,8,0,7,0,15,8,7
El Paso,081-SAN JUAN REC CTR,STRAIGHT PARTY,,DEMOCRAT,DEM,41,1,56,0,98,42,56
El Paso,081-SAN JUAN REC CTR,STRAIGHT PARTY,,LIBERTARIAN,LIB,0,0,3,0,3,0,3
El Paso,081-SAN JUAN REC CTR,STRAIGHT PARTY,,GREEN,GRN,0,0,1,0,1,0,1
El Paso,081-SAN JUAN REC CTR,US PRESIDENT,,MITT ROMNEY,REP,14,0,11,0,25,14,11
El Paso,081-SAN JUAN REC CTR,US PRESIDENT,,BARACK OBAMA,DEM,59,1,67,0,127,60,67
El Paso,081-SAN JUAN REC CTR,US PRESIDENT,,GARY JOHNSON,LIB,0,0,4,0,4,0,4
El Paso,081-SAN JUAN REC CTR,US PRESIDENT,,JILL STEIN,GRN,0,0,0,0,0,0,0
El Paso,081-SAN JUAN REC CTR,US PRESIDENT,,WRITE-IN,NP,3,0,0,0,3,3,0
El Paso,081-SAN JUAN REC CTR,US SENATOR,,TED CRUZ,REP,20,0,17,0,37,20,17
El Paso,081-SAN JUAN REC CTR,US SENATOR,,PAUL SADLER,DEM,55,1,61,0,117,56,61
El Paso,081-SAN JUAN REC CTR,US SENATOR,,JOHN JAY MYERS,LIB,0,0,3,0,3,0,3
El Paso,081-SAN JUAN REC CTR,US SENATOR,,DAVID B. COLLINS,GRN,0,0,1,0,1,0,1
El Paso,081-SAN JUAN REC CTR,US REP DISTRICT 16,,BARBARA CARRASCO,REP,17,0,20,0,37,17,20
El Paso,081-SAN JUAN REC CTR,US REP DISTRICT 16,,BETO OROURKE,DEM,58,1,60,0,119,59,60
El Paso,081-SAN JUAN REC CTR,US REP DISTRICT 16,,JUNART SODOY,LIB,0,0,2,0,2,0,2
El Paso,081-SAN JUAN REC CTR,RAILROAD COMMISSIONER,,CHRISTI CRADDICK,REP,15,0,11,0,26,15,11
El Paso,081-SAN JUAN REC CTR,RAILROAD COMMISSIONER,,DALE HENRY,DEM,52,1,56,0,109,53,56
El Paso,081-SAN JUAN REC CTR,RAILROAD COMMISSIONER,,VIVEKANANDA (VIK) WA,LIB,0,0,6,0,6,0,6
El Paso,081-SAN JUAN REC CTR,RAILROAD COMMISSIONER,,CHRIS KENNEDY,GRN,3,0,4,0,7,3,4
El Paso,081-SAN JUAN REC CTR,RAILROAD COMMISSIONER,,BARRY SMITHERMAN,REP,19,0,17,0,36,19,17
El Paso,081-SAN JUAN REC CTR,RAILROAD COMMISSIONER,,JAIME O. PEREZ,LIB,33,0,37,0,70,33,37
El Paso,081-SAN JUAN REC CTR,RAILROAD COMMISSIONER,,JOSH WENDEL,GRN,1,0,1,0,2,1,1
El Paso,081-SAN JUAN REC CTR,"JUSTICE, SUPREME COURT, PLACE 2",,DON WILLETT,REP,25,0,25,0,50,25,25
El Paso,081-SAN JUAN REC CTR,"JUSTICE, SUPREME COURT, PLACE 2",,RS ROBERT KOELSCH,LIB,26,0,25,0,51,26,25
El Paso,081-SAN JUAN REC CTR,"JUSTICE, SUPREME COURT, PLACE 4",,JOHN DEVINE,REP,23,0,17,0,40,23,17
El Paso,081-SAN JUAN REC CTR,"JUSTICE, SUPREME COURT, PLACE 4",,TOM OXFORD,LIB,21,0,26,0,47,21,26
El Paso,081-SAN JUAN REC CTR,"JUSTICE, SUPREME COURT, PLACE 4",,CHARLES E. WATERBURY,GRN,7,0,6,0,13,7,6
El Paso,081-SAN JUAN REC CTR,"JUSTICE, SUPREME COURT, PLACE 6",,NATHAN HECHT,REP,13,0,9,0,22,13,9
El Paso,081-SAN JUAN REC CTR,"JUSTICE, SUPREME COURT, PLACE 6",,MICHELE PETTY,DEM,54,1,61,0,116,55,61
El Paso,081-SAN JUAN REC CTR,"JUSTICE, SUPREME COURT, PLACE 6",,MARK ASH,LIB,2,0,5,0,7,2,5
El Paso,081-SAN JUAN REC CTR,"JUSTICE, SUPREME COURT, PLACE 6",,JIM CHISHOLM,GRN,0,0,1,0,1,0,1
El Paso,081-SAN JUAN REC CTR,"PRESIDING JUDGE, COURT OF CRIMINAL APPEALS",,SHARON KELLER,REP,15,0,15,0,30,15,15
El Paso,081-SAN JUAN REC CTR,"PRESIDING JUDGE, COURT OF CRIMINAL APPEALS",,KEITH HAMPTON,DEM,53,1,57,0,111,54,57
El Paso,081-SAN JUAN REC CTR,"PRESIDING JUDGE, COURT OF CRIMINAL APPEALS",,LANCE STOTT,LIB,1,0,5,0,6,1,5
El Paso,081-SAN JUAN REC CTR,"JUDGE, COURT OF CRIMINAL APPEALS, PLACE 7",,BARBARA PARKER HERVE,REP,24,0,23,0,47,24,23
El Paso,081-SAN JUAN REC CTR,"JUDGE, COURT OF CRIMINAL APPEALS, PLACE 7",,MARK W. BENNETT,LIB,24,0,30,0,54,24,30
El Paso,081-SAN JUAN REC CTR,"JUDGE, COURT OF CRIMINAL APPEALS, PLACE 8",,ELSA ALCALA,REP,27,0,23,0,50,27,23
El Paso,081-SAN JUAN REC CTR,"JUDGE, COURT OF CRIMINAL APPEALS, PLACE 8",,WILLIAM BRYAN STRANG,LIB,20,0,27,0,47,20,27
El Paso,081-SAN JUAN REC CTR,MEMBER STATE BOARD OF EDUCATION DISTRICT 1,,CARLOS CHARLIE GARZA,REP,15,0,16,0,31,15,16
El Paso,081-SAN JUAN REC CTR,MEMBER STATE BOARD OF EDUCATION DISTRICT 1,,MARTHA M. DOMINGUEZ,DEM,55,1,61,0,117,56,61
El Paso,081-SAN JUAN REC CTR,STATE SENATOR DISTRICT 29,,DAN CHAVEZ,REP,14,0,13,0,27,14,13
El Paso,081-SAN JUAN REC CTR,STATE SENATOR DISTRICT 29,,JOSE R. RODRIGUEZ,DEM,59,1,67,0,127,60,67
El Paso,081-SAN JUAN REC CTR,STATE REPRESENTATIVE DISTRICT 76,,NAOMI R. GONZALEZ,DEM,56,1,69,0,126,57,69
El Paso,081-SAN JUAN REC CTR,"CHIEF JUSTICE, COURT OF APPEALS 8TH DISTRICT",,ANN CRAWFORD MCCLURE,DEM,55,1,65,0,121,56,65
El Paso,081-SAN JUAN REC CTR,"JUSTICE, 8TH COURT OF APPEALS DISTRICT, PLACE 2",,CHRIS ANTCLIFF,REP,13,0,13,0,26,13,13
El Paso,081-SAN JUAN REC CTR,"JUSTICE, 8TH COURT OF APPEALS DISTRICT, PLACE 2",,YVONNE RODRIGUEZ,DEM,56,1,66,0,123,57,66
El Paso,081-SAN JUAN REC CTR,"JUSTICE, 8TH COURT OF APPEALS DISTRICT, PLACE 3",,GUADALUPE LUPE RIVER,DEM,56,1,71,0,128,57,71
El Paso,081-SAN JUAN REC CTR,"DISTRICT JUDGE, 34TH JUDICIAL DISTRICT",,BILL MOODY,DEM,55,1,69,0,125,56,69
El Paso,081-SAN JUAN REC CTR,"DISTRICT JUDGE, 41ST JUDICIAL DISTRICT",,ANNA PEREZ,DEM,57,1,67,0,125,58,67
El Paso,081-SAN JUAN REC CTR,"DISTRICT JUDGE, 243RD JUDICIAL DISTRICT",,BILLY DON HICKS,REP,13,0,13,0,26,13,13
El Paso,081-SAN JUAN REC CTR,"DISTRICT JUDGE, 243RD JUDICIAL DISTRICT",,LUIS AGUILAR,DEM,56,1,67,0,124,57,67
El Paso,081-SAN JUAN REC CTR,"DISTRICT JUDGE, 346TH JUDICIAL DISTRICT",,ANGIE J. BARILL,DEM,53,1,69,0,123,54,69
El Paso,081-SAN JUAN REC CTR,"DISTRICT JUDGE, 383RD JUDICIAL DISTRICT",,MIKE HERRERA,DEM,55,1,67,0,123,56,67
El Paso,081-SAN JUAN REC CTR,"DISTRICT JUDGE, 384TH JUDICIAL DISTRICT",,PATRICK M. GARCIA,DEM,53,1,70,0,124,54,70
El Paso,081-SAN JUAN REC CTR,"DISTRICT JUDGE, 388TH JUDICIAL DISTRICT",,LAURA STRATHMANN,DEM,53,1,68,0,122,54,68
El Paso,081-SAN JUAN REC CTR,"DISTRICT JUDGE, 409TH JUDICIAL DISTRICT",,SAM MEDRANO JR,DEM,52,1,69,0,122,53,69
El Paso,081-SAN JUAN REC CTR,"DISTRICT JUDGE, 448TH JUDICIAL DISTRICT",,SERGIO H. ENRIQUEZ,DEM,53,1,67,0,121,54,67
El Paso,081-SAN JUAN REC CTR,"CRIMINAL DISTRICT JUDGE, COURT NO. 1",,DIANE NAVARRETE,DEM,54,1,67,0,122,55,67
El Paso,081-SAN JUAN REC CTR,"FAMILY DISTRICT JUDGE, 65TH JUDICIAL DISTRICT",,YAHARA L. GUTIERREZ,DEM,54,1,66,0,121,55,66
El Paso,081-SAN JUAN REC CTR,"DISTRICT ATTORNEY, 34TH JUDICIAL DISTRICT",,JAIME ESPARZA,DEM,54,1,70,0,125,55,70
El Paso,081-SAN JUAN REC CTR,"JUDGE, COUNTY CRIMINAL COURT NO. 3",,CARLOS CARRASCO,DEM,55,1,69,0,125,56,69
El Paso,081-SAN JUAN REC CTR,"JUDGE, COUNTY CRIMINAL COURT NO. 4",,JESUS HERRERA,DEM,53,1,68,0,122,54,68
El Paso,081-SAN JUAN REC CTR,COUNTY ATTORNEY,,JO ANNE BERNAL,DEM,53,1,67,0,121,54,67
El Paso,081-SAN JUAN REC CTR,SHERIFF,,RICHARD D. WILES,DEM,58,1,70,0,129,59,70
El Paso,081-SAN JUAN REC CTR,COUNTY TAX ASSESSOR COLLECTOR,,VICTOR A. FLORES,DEM,57,1,68,0,126,58,68
El Paso,081-SAN JUAN REC CTR,"CONSTABLE, PRECINCT NO. 3",,HECTOR BERNAL,DEM,56,1,70,0,127,57,70
El Paso,082-HAWKINS ELEMENTARY,"CITY OF EL PASO, PROPOSITION",,FOR (A FAVOR),NP,309,9,276,3,597,318,279
El Paso,082-HAWKINS ELEMENTARY,"CITY OF EL PASO, PROPOSITION",,AGAINST (EN CONTRA),NP,116,5,83,0,204,121,83
El Paso,082-HAWKINS ELEMENTARY,"CITY OF EL PASO, PROPOSITION",,FOR (A FAVOR),NP,288,6,258,3,555,294,261
El Paso,082-HAWKINS ELEMENTARY,"CITY OF EL PASO, PROPOSITION",,AGAINST (EN CONTRA),NP,115,6,84,0,205,121,84
El Paso,082-HAWKINS ELEMENTARY,"CITY OF EL PASO, PROPOSITION",,FOR (A FAVOR),NP,227,4,202,2,435,231,204
El Paso,082-HAWKINS ELEMENTARY,"CITY OF EL PASO, PROPOSITION",,AGAINST (EN CONTRA),NP,178,9,149,0,336,187,149
El Paso,082-HAWKINS ELEMENTARY,STRAIGHT PARTY,,REPUBLICAN,REP,40,4,36,0,80,44,36
El Paso,082-HAWKINS ELEMENTARY,STRAIGHT PARTY,,DEMOCRAT,DEM,282,5,224,2,513,287,226
El Paso,082-HAWKINS ELEMENTARY,STRAIGHT PARTY,,LIBERTARIAN,LIB,5,0,6,0,11,5,6
El Paso,082-HAWKINS ELEMENTARY,STRAIGHT PARTY,,GREEN,GRN,2,0,1,0,3,2,1
El Paso,082-HAWKINS ELEMENTARY,US PRESIDENT,,MITT ROMNEY,REP,69,6,59,0,134,75,59
El Paso,082-HAWKINS ELEMENTARY,US PRESIDENT,,BARACK OBAMA,DEM,355,8,309,4,676,363,313
El Paso,082-HAWKINS ELEMENTARY,US PRESIDENT,,GARY JOHNSON,LIB,2,1,6,0,9,3,6
El Paso,082-HAWKINS ELEMENTARY,US PRESIDENT,,JILL STEIN,GRN,3,1,1,0,5,4,1
El Paso,082-HAWKINS ELEMENTARY,US PRESIDENT,,WRITE-IN,NP,0,0,0,0,0,0,0
El Paso,082-HAWKINS ELEMENTARY,US SENATOR,,TED CRUZ,REP,95,7,74,2,178,102,76
El Paso,082-HAWKINS ELEMENTARY,US SENATOR,,PAUL SADLER,DEM,313,7,273,2,595,320,275
El Paso,082-HAWKINS ELEMENTARY,US SENATOR,,JOHN JAY MYERS,LIB,10,1,12,0,23,11,12
El Paso,082-HAWKINS ELEMENTARY,US SENATOR,,DAVID B. COLLINS,GRN,5,1,3,0,9,6,3
El Paso,082-HAWKINS ELEMENTARY,US REP DISTRICT 16,,BARBARA CARRASCO,REP,71,8,72,2,153,79,74
El Paso,082-HAWKINS ELEMENTARY,US REP DISTRICT 16,,BETO OROURKE,DEM,342,8,284,2,636,350,286
El Paso,082-HAWKINS ELEMENTARY,US REP DISTRICT 16,,JUNART SODOY,LIB,10,0,7,0,17,10,7
El Paso,082-HAWKINS ELEMENTARY,RAILROAD COMMISSIONER,,CHRISTI CRADDICK,REP,66,4,52,0,122,70,52
El Paso,082-HAWKINS ELEMENTARY,RAILROAD COMMISSIONER,,DALE HENRY,DEM,324,9,269,2,604,333,271
El Paso,082-HAWKINS ELEMENTARY,RAILROAD COMMISSIONER,,VIVEKANANDA (VIK) WA,LIB,9,0,10,0,19,9,10
El Paso,082-HAWKINS ELEMENTARY,RAILROAD COMMISSIONER,,CHRIS KENNEDY,GRN,16,3,17,0,36,19,17
El Paso,082-HAWKINS ELEMENTARY,RAILROAD COMMISSIONER,,BARRY SMITHERMAN,REP,89,4,71,0,164,93,71
El Paso,082-HAWKINS ELEMENTARY,RAILROAD COMMISSIONER,,JAIME O. PEREZ,LIB,169,4,131,2,306,173,133
El Paso,082-HAWKINS ELEMENTARY,RAILROAD COMMISSIONER,,JOSH WENDEL,GRN,30,3,35,0,68,33,35
El Paso,082-HAWKINS ELEMENTARY,"JUSTICE, SUPREME COURT, PLACE 2",,DON WILLETT,REP,127,6,107,0,240,133,107
El Paso,082-HAWKINS ELEMENTARY,"JUSTICE, SUPREME COURT, PLACE 2",,RS ROBERT KOELSCH,LIB,143,5,117,0,265,148,117
El Paso,082-HAWKINS ELEMENTARY,"JUSTICE, SUPREME COURT, PLACE 4",,JOHN DEVINE,REP,118,6,96,0,220,124,96
El Paso,082-HAWKINS ELEMENTARY,"JUSTICE, SUPREME COURT, PLACE 4",,TOM OXFORD,LIB,96,2,99,0,197,98,99
El Paso,082-HAWKINS ELEMENTARY,"JUSTICE, SUPREME COURT, PLACE 4",,CHARLES E. WATERBURY,GRN,47,3,27,0,77,50,27
El Paso,082-HAWKINS ELEMENTARY,"JUSTICE, SUPREME COURT, PLACE 6",,NATHAN HECHT,REP,55,4,47,0,106,59,47
El Paso,082-HAWKINS ELEMENTARY,"JUSTICE, SUPREME COURT, PLACE 6",,MICHELE PETTY,DEM,343,10,275,2,630,353,277
El Paso,082-HAWKINS ELEMENTARY,"JUSTICE, SUPREME COURT, PLACE 6",,MARK ASH,LIB,11,0,16,0,27,11,16
El Paso,082-HAWKINS ELEMENTARY,"JUSTICE, SUPREME COURT, PLACE 6",,JIM CHISHOLM,GRN,9,1,10,0,20,10,10
El Paso,082-HAWKINS ELEMENTARY,"PRESIDING JUDGE, COURT OF CRIMINAL APPEALS",,SHARON KELLER,REP,66,6,56,0,128,72,56
El Paso,082-HAWKINS ELEMENTARY,"PRESIDING JUDGE, COURT OF CRIMINAL APPEALS",,KEITH HAMPTON,DEM,342,9,276,2,629,351,278
El Paso,082-HAWKINS ELEMENTARY,"PRESIDING JUDGE, COURT OF CRIMINAL APPEALS",,LANCE STOTT,LIB,9,1,13,0,23,10,13
El Paso,082-HAWKINS ELEMENTARY,"JUDGE, COURT OF CRIMINAL APPEALS, PLACE 7",,BARBARA PARKER HERVE,REP,134,5,113,0,252,139,113
El Paso,082-HAWKINS ELEMENTARY,"JUDGE, COURT OF CRIMINAL APPEALS, PLACE 7",,MARK W. BENNETT,LIB,126,6,114,0,246,132,114
El Paso,082-HAWKINS ELEMENTARY,"JUDGE, COURT OF CRIMINAL APPEALS, PLACE 8",,ELSA ALCALA,REP,153,6,119,2,280,159,121
El Paso,082-HAWKINS ELEMENTARY,"JUDGE, COURT OF CRIMINAL APPEALS, PLACE 8",,WILLIAM BRYAN STRANG,LIB,112,5,102,0,219,117,102
El Paso,082-HAWKINS ELEMENTARY,MEMBER STATE BOARD OF EDUCATION DISTRICT 1,,CARLOS CHARLIE GARZA,REP,60,6,56,0,122,66,56
El Paso,082-HAWKINS ELEMENTARY,MEMBER STATE BOARD OF EDUCATION DISTRICT 1,,MARTHA M. DOMINGUEZ,DEM,354,10,288,2,654,364,290
El Paso,082-HAWKINS ELEMENTARY,STATE SENATOR DISTRICT 29,,DAN CHAVEZ,REP,58,4,56,0,118,62,56
El Paso,082-HAWKINS ELEMENTARY,STATE SENATOR DISTRICT 29,,JOSE R. RODRIGUEZ,DEM,362,11,299,4,676,373,303
El Paso,082-HAWKINS ELEMENTARY,STATE REPRESENTATIVE DISTRICT 76,,NAOMI R. GONZALEZ,DEM,364,10,307,2,683,374,309
El Paso,082-HAWKINS ELEMENTARY,"CHIEF JUSTICE, COURT OF APPEALS 8TH DISTRICT",,ANN CRAWFORD MCCLURE,DEM,362,12,302,2,678,374,304
El Paso,082-HAWKINS ELEMENTARY,"JUSTICE, 8TH COURT OF APPEALS DISTRICT, PLACE 2",,CHRIS ANTCLIFF,REP,59,4,55,0,118,63,55
El Paso,082-HAWKINS ELEMENTARY,"JUSTICE, 8TH COURT OF APPEALS DISTRICT, PLACE 2",,YVONNE RODRIGUEZ,DEM,350,12,294,4,660,362,298
El Paso,082-HAWKINS ELEMENTARY,"JUSTICE, 8TH COURT OF APPEALS DISTRICT, PLACE 3",,GUADALUPE LUPE RIVER,DEM,371,12,299,2,684,383,301
El Paso,082-HAWKINS ELEMENTARY,"DISTRICT JUDGE, 34TH JUDICIAL DISTRICT",,BILL MOODY,DEM,363,12,297,2,674,375,299
El Paso,082-HAWKINS ELEMENTARY,"DISTRICT JUDGE, 41ST JUDICIAL DISTRICT",,ANNA PEREZ,DEM,366,11,300,2,679,377,302
El Paso,082-HAWKINS ELEMENTARY,"DISTRICT JUDGE, 243RD JUDICIAL DISTRICT",,BILLY DON HICKS,REP,67,4,54,0,125,71,54
El Paso,082-HAWKINS ELEMENTARY,"DISTRICT JUDGE, 243RD JUDICIAL DISTRICT",,LUIS AGUILAR,DEM,353,11,292,4,660,364,296
El Paso,082-HAWKINS ELEMENTARY,"DISTRICT JUDGE, 346TH JUDICIAL DISTRICT",,ANGIE J. BARILL,DEM,366,12,302,2,682,378,304
El Paso,082-HAWKINS ELEMENTARY,"DISTRICT JUDGE, 383RD JUDICIAL DISTRICT",,MIKE HERRERA,DEM,361,12,297,2,672,373,299
El Paso,082-HAWKINS ELEMENTARY,"DISTRICT JUDGE, 384TH JUDICIAL DISTRICT",,PATRICK M. GARCIA,DEM,359,12,297,2,670,371,299
El Paso,082-HAWKINS ELEMENTARY,"DISTRICT JUDGE, 388TH JUDICIAL DISTRICT",,LAURA STRATHMANN,DEM,361,9,298,2,670,370,300
El Paso,082-HAWKINS ELEMENTARY,"DISTRICT JUDGE, 409TH JUDICIAL DISTRICT",,SAM MEDRANO JR,DEM,369,12,298,2,681,381,300
El Paso,082-HAWKINS ELEMENTARY,"DISTRICT JUDGE, 448TH JUDICIAL DISTRICT",,SERGIO H. ENRIQUEZ,DEM,363,12,299,2,676,375,301
El Paso,082-HAWKINS ELEMENTARY,"CRIMINAL DISTRICT JUDGE, COURT NO. 1",,DIANE NAVARRETE,DEM,371,12,300,2,685,383,302
El Paso,082-HAWKINS ELEMENTARY,"FAMILY DISTRICT JUDGE, 65TH JUDICIAL DISTRICT",,YAHARA L. GUTIERREZ,DEM,368,12,296,2,678,380,298
El Paso,082-HAWKINS ELEMENTARY,"DISTRICT ATTORNEY, 34TH JUDICIAL DISTRICT",,JAIME ESPARZA,DEM,373,10,302,2,687,383,304
El Paso,082-HAWKINS ELEMENTARY,"JUDGE, COUNTY CRIMINAL COURT NO. 3",,CARLOS CARRASCO,DEM,367,12,300,2,681,379,302
El Paso,082-HAWKINS ELEMENTARY,"JUDGE, COUNTY CRIMINAL COURT NO. 4",,JESUS HERRERA,DEM,368,12,298,2,680,380,300
El Paso,082-HAWKINS ELEMENTARY,COUNTY ATTORNEY,,JO ANNE BERNAL,DEM,368,12,302,2,684,380,304
El Paso,082-HAWKINS ELEMENTARY,SHERIFF,,RICHARD D. WILES,DEM,378,13,313,2,706,391,315
El Paso,082-HAWKINS ELEMENTARY,COUNTY TAX ASSESSOR COLLECTOR,,VICTOR A. FLORES,DEM,373,13,312,2,700,386,314
El Paso,082-HAWKINS ELEMENTARY,"CONSTABLE, PRECINCT NO. 3",,HECTOR BERNAL,DEM,369,12,304,2,687,381,306
El Paso,083-HENDERSON MIDDLE,"CITY OF EL PASO, PROPOSITION",,FOR (A FAVOR),NP,128,6,203,7,344,134,210
El Paso,083-HENDERSON MIDDLE,"CITY OF EL PASO, PROPOSITION",,AGAINST (EN CONTRA),NP,58,2,56,3,119,60,59
El Paso,083-HENDERSON MIDDLE,"CITY OF EL PASO, PROPOSITION",,FOR (A FAVOR),NP,115,4,187,7,313,119,194
El Paso,083-HENDERSON MIDDLE,"CITY OF EL PASO, PROPOSITION",,AGAINST (EN CONTRA),NP,62,4,67,3,136,66,70
El Paso,083-HENDERSON MIDDLE,"CITY OF EL PASO, PROPOSITION",,FOR (A FAVOR),NP,105,6,145,6,262,111,151
El Paso,083-HENDERSON MIDDLE,"CITY OF EL PASO, PROPOSITION",,AGAINST (EN CONTRA),NP,77,2,113,4,196,79,117
El Paso,083-HENDERSON MIDDLE,STRAIGHT PARTY,,REPUBLICAN,REP,14,1,28,1,44,15,29
El Paso,083-HENDERSON MIDDLE,STRAIGHT PARTY,,DEMOCRAT,DEM,108,6,187,5,306,114,192
El Paso,083-HENDERSON MIDDLE,STRAIGHT PARTY,,LIBERTARIAN,LIB,0,0,2,0,2,0,2
El Paso,083-HENDERSON MIDDLE,STRAIGHT PARTY,,GREEN,GRN,0,0,0,0,0,0,0
El Paso,083-HENDERSON MIDDLE,US PRESIDENT,,MITT ROMNEY,REP,30,2,43,1,76,32,44
El Paso,083-HENDERSON MIDDLE,US PRESIDENT,,BARACK OBAMA,DEM,161,6,259,9,435,167,268
El Paso,083-HENDERSON MIDDLE,US PRESIDENT,,GARY JOHNSON,LIB,0,0,1,0,1,0,1
El Paso,083-HENDERSON MIDDLE,US PRESIDENT,,JILL STEIN,GRN,0,0,0,0,0,0,0
El Paso,083-HENDERSON MIDDLE,US PRESIDENT,,WRITE-IN,NP,0,0,0,0,0,0,0
El Paso,083-HENDERSON MIDDLE,US SENATOR,,TED CRUZ,REP,38,2,60,1,101,40,61
El Paso,083-HENDERSON MIDDLE,US SENATOR,,PAUL SADLER,DEM,143,7,219,8,377,150,227
El Paso,083-HENDERSON MIDDLE,US SENATOR,,JOHN JAY MYERS,LIB,3,0,6,0,9,3,6
El Paso,083-HENDERSON MIDDLE,US SENATOR,,DAVID B. COLLINS,GRN,1,0,4,0,5,1,4
El Paso,083-HENDERSON MIDDLE,US REP DISTRICT 16,,BARBARA CARRASCO,REP,41,1,55,1,98,42,56
El Paso,083-HENDERSON MIDDLE,US REP DISTRICT 16,,BETO OROURKE,DEM,147,8,235,10,400,155,245
El Paso,083-HENDERSON MIDDLE,US REP DISTRICT 16,,JUNART SODOY,LIB,1,0,4,0,5,1,4
El Paso,083-HENDERSON MIDDLE,RAILROAD COMMISSIONER,,CHRISTI CRADDICK,REP,27,2,40,1,70,29,41
El Paso,083-HENDERSON MIDDLE,RAILROAD COMMISSIONER,,DALE HENRY,DEM,142,7,230,8,387,149,238
El Paso,083-HENDERSON MIDDLE,RAILROAD COMMISSIONER,,VIVEKANANDA (VIK) WA,LIB,8,0,7,0,15,8,7
El Paso,083-HENDERSON MIDDLE,RAILROAD COMMISSIONER,,CHRIS KENNEDY,GRN,5,0,10,0,15,5,10
El Paso,083-HENDERSON MIDDLE,RAILROAD COMMISSIONER,,BARRY SMITHERMAN,REP,36,2,68,1,107,38,69
El Paso,083-HENDERSON MIDDLE,RAILROAD COMMISSIONER,,JAIME O. PEREZ,LIB,79,1,102,4,186,80,106
El Paso,083-HENDERSON MIDDLE,RAILROAD COMMISSIONER,,JOSH WENDEL,GRN,24,1,19,1,45,25,20
El Paso,083-HENDERSON MIDDLE,"JUSTICE, SUPREME COURT, PLACE 2",,DON WILLETT,REP,48,3,93,3,147,51,96
El Paso,083-HENDERSON MIDDLE,"JUSTICE, SUPREME COURT, PLACE 2",,RS ROBERT KOELSCH,LIB,78,1,91,2,172,79,93
El Paso,083-HENDERSON MIDDLE,"JUSTICE, SUPREME COURT, PLACE 4",,JOHN DEVINE,REP,41,2,80,2,125,43,82
El Paso,083-HENDERSON MIDDLE,"JUSTICE, SUPREME COURT, PLACE 4",,TOM OXFORD,LIB,58,1,79,2,140,59,81
El Paso,083-HENDERSON MIDDLE,"JUSTICE, SUPREME COURT, PLACE 4",,CHARLES E. WATERBURY,GRN,25,1,22,1,49,26,23
El Paso,083-HENDERSON MIDDLE,"JUSTICE, SUPREME COURT, PLACE 6",,NATHAN HECHT,REP,24,2,35,1,62,26,36
El Paso,083-HENDERSON MIDDLE,"JUSTICE, SUPREME COURT, PLACE 6",,MICHELE PETTY,DEM,147,7,239,7,400,154,246
El Paso,083-HENDERSON MIDDLE,"JUSTICE, SUPREME COURT, PLACE 6",,MARK ASH,LIB,4,0,6,0,10,4,6
El Paso,083-HENDERSON MIDDLE,"JUSTICE, SUPREME COURT, PLACE 6",,JIM CHISHOLM,GRN,4,0,4,0,8,4,4
El Paso,083-HENDERSON MIDDLE,"PRESIDING JUDGE, COURT OF CRIMINAL APPEALS",,SHARON KELLER,REP,30,2,48,1,81,32,49
El Paso,083-HENDERSON MIDDLE,"PRESIDING JUDGE, COURT OF CRIMINAL APPEALS",,KEITH HAMPTON,DEM,148,7,230,6,391,155,236
El Paso,083-HENDERSON MIDDLE,"PRESIDING JUDGE, COURT OF CRIMINAL APPEALS",,LANCE STOTT,LIB,2,0,7,1,10,2,8
El Paso,083-HENDERSON MIDDLE,"JUDGE, COURT OF CRIMINAL APPEALS, PLACE 7",,BARBARA PARKER HERVE,REP,55,2,89,3,149,57,92
El Paso,083-HENDERSON MIDDLE,"JUDGE, COURT OF CRIMINAL APPEALS, PLACE 7",,MARK W. BENNETT,LIB,70,1,93,2,166,71,95
El Paso,083-HENDERSON MIDDLE,"JUDGE, COURT OF CRIMINAL APPEALS, PLACE 8",,ELSA ALCALA,REP,58,3,105,2,168,61,107
El Paso,083-HENDERSON MIDDLE,"JUDGE, COURT OF CRIMINAL APPEALS, PLACE 8",,WILLIAM BRYAN STRANG,LIB,67,1,75,3,146,68,78
El Paso,083-HENDERSON MIDDLE,MEMBER STATE BOARD OF EDUCATION DISTRICT 1,,CARLOS CHARLIE GARZA,REP,33,2,48,1,84,35,49
El Paso,083-HENDERSON MIDDLE,MEMBER STATE BOARD OF EDUCATION DISTRICT 1,,MARTHA M. DOMINGUEZ,DEM,150,6,236,8,400,156,244
El Paso,083-HENDERSON MIDDLE,STATE SENATOR DISTRICT 29,,DAN CHAVEZ,REP,25,2,39,1,67,27,40
El Paso,083-HENDERSON MIDDLE,STATE SENATOR DISTRICT 29,,JOSE R. RODRIGUEZ,DEM,159,7,248,9,423,166,257
El Paso,083-HENDERSON MIDDLE,STATE REPRESENTATIVE DISTRICT 76,,NAOMI R. GONZALEZ,DEM,167,8,254,7,436,175,261
El Paso,083-HENDERSON MIDDLE,"CHIEF JUSTICE, COURT OF APPEALS 8TH DISTRICT",,ANN CRAWFORD MCCLURE,DEM,161,8,249,8,426,169,257
El Paso,083-HENDERSON MIDDLE,"JUSTICE, 8TH COURT OF APPEALS DISTRICT, PLACE 2",,CHRIS ANTCLIFF,REP,30,2,46,2,80,32,48
El Paso,083-HENDERSON MIDDLE,"JUSTICE, 8TH COURT OF APPEALS DISTRICT, PLACE 2",,YVONNE RODRIGUEZ,DEM,154,7,240,8,409,161,248
El Paso,083-HENDERSON MIDDLE,"JUSTICE, 8TH COURT OF APPEALS DISTRICT, PLACE 3",,GUADALUPE LUPE RIVER,DEM,167,8,249,8,432,175,257
El Paso,083-HENDERSON MIDDLE,"DISTRICT JUDGE, 34TH JUDICIAL DISTRICT",,BILL MOODY,DEM,160,8,252,8,428,168,260
El Paso,083-HENDERSON MIDDLE,"DISTRICT JUDGE, 41ST JUDICIAL DISTRICT",,ANNA PEREZ,DEM,163,8,252,8,431,171,260
El Paso,083-HENDERSON MIDDLE,"DISTRICT JUDGE, 243RD JUDICIAL DISTRICT",,BILLY DON HICKS,REP,29,1,42,4,76,30,46
El Paso,083-HENDERSON MIDDLE,"DISTRICT JUDGE, 243RD JUDICIAL DISTRICT",,LUIS AGUILAR,DEM,156,8,243,5,412,164,248
El Paso,083-HENDERSON MIDDLE,"DISTRICT JUDGE, 346TH JUDICIAL DISTRICT",,ANGIE J. BARILL,DEM,162,8,245,9,424,170,254
El Paso,083-HENDERSON MIDDLE,"DISTRICT JUDGE, 383RD JUDICIAL DISTRICT",,MIKE HERRERA,DEM,158,8,246,8,420,166,254
El Paso,083-HENDERSON MIDDLE,"DISTRICT JUDGE, 384TH JUDICIAL DISTRICT",,PATRICK M. GARCIA,DEM,158,8,245,8,419,166,253
El Paso,083-HENDERSON MIDDLE,"DISTRICT JUDGE, 388TH JUDICIAL DISTRICT",,LAURA STRATHMANN,DEM,165,8,245,8,426,173,253
El Paso,083-HENDERSON MIDDLE,"DISTRICT JUDGE, 409TH JUDICIAL DISTRICT",,SAM MEDRANO JR,DEM,161,7,250,8,426,168,258
El Paso,083-HENDERSON MIDDLE,"DISTRICT JUDGE, 448TH JUDICIAL DISTRICT",,SERGIO H. ENRIQUEZ,DEM,159,8,246,8,421,167,254
El Paso,083-HENDERSON MIDDLE,"CRIMINAL DISTRICT JUDGE, COURT NO. 1",,DIANE NAVARRETE,DEM,159,8,249,8,424,167,257
El Paso,083-HENDERSON MIDDLE,"FAMILY DISTRICT JUDGE, 65TH JUDICIAL DISTRICT",,YAHARA L. GUTIERREZ,DEM,158,8,248,8,422,166,256
El Paso,083-HENDERSON MIDDLE,"DISTRICT ATTORNEY, 34TH JUDICIAL DISTRICT",,JAIME ESPARZA,DEM,153,8,250,9,420,161,259
El Paso,083-HENDERSON MIDDLE,"JUDGE, COUNTY CRIMINAL COURT NO. 3",,CARLOS CARRASCO,DEM,162,8,245,9,424,170,254
El Paso,083-HENDERSON MIDDLE,"JUDGE, COUNTY CRIMINAL COURT NO. 4",,JESUS HERRERA,DEM,159,8,246,8,421,167,254
El Paso,083-HENDERSON MIDDLE,COUNTY ATTORNEY,,JO ANNE BERNAL,DEM,164,8,252,8,432,172,260
El Paso,083-HENDERSON MIDDLE,SHERIFF,,RICHARD D. WILES,DEM,164,8,248,8,428,172,256
El Paso,083-HENDERSON MIDDLE,COUNTY TAX ASSESSOR COLLECTOR,,VICTOR A. FLORES,DEM,162,8,249,8,427,170,257
El Paso,083-HENDERSON MIDDLE,"CONSTABLE, PRECINCT NO. 3",,HECTOR BERNAL,DEM,161,8,250,9,428,169,259
El Paso,084-CLARDY ELEMENTARY,"CITY OF EL PASO, PROPOSITION",,FOR (A FAVOR),NP,256,6,373,0,635,262,373
El Paso,084-CLARDY ELEMENTARY,"CITY OF EL PASO, PROPOSITION",,AGAINST (EN CONTRA),NP,83,1,105,0,189,84,105
El Paso,084-CLARDY ELEMENTARY,"CITY OF EL PASO, PROPOSITION",,FOR (A FAVOR),NP,239,4,340,0,583,243,340
El Paso,084-CLARDY ELEMENTARY,"CITY OF EL PASO, PROPOSITION",,AGAINST (EN CONTRA),NP,86,3,112,0,201,89,112
El Paso,084-CLARDY ELEMENTARY,"CITY OF EL PASO, PROPOSITION",,FOR (A FAVOR),NP,183,5,270,0,458,188,270
El Paso,084-CLARDY ELEMENTARY,"CITY OF EL PASO, PROPOSITION",,AGAINST (EN CONTRA),NP,139,1,203,0,343,140,203
El Paso,084-CLARDY ELEMENTARY,STRAIGHT PARTY,,REPUBLICAN,REP,25,3,44,0,72,28,44
El Paso,084-CLARDY ELEMENTARY,STRAIGHT PARTY,,DEMOCRAT,DEM,218,5,360,0,583,223,360
El Paso,084-CLARDY ELEMENTARY,STRAIGHT PARTY,,LIBERTARIAN,LIB,2,0,1,0,3,2,1
El Paso,084-CLARDY ELEMENTARY,STRAIGHT PARTY,,GREEN,GRN,1,0,3,0,4,1,3
El Paso,084-CLARDY ELEMENTARY,US PRESIDENT,,MITT ROMNEY,REP,43,3,68,0,114,46,68
El Paso,084-CLARDY ELEMENTARY,US PRESIDENT,,BARACK OBAMA,DEM,297,5,446,0,748,302,446
El Paso,084-CLARDY ELEMENTARY,US PRESIDENT,,GARY JOHNSON,LIB,1,0,3,0,4,1,3
El Paso,084-CLARDY ELEMENTARY,US PRESIDENT,,JILL STEIN,GRN,1,0,4,0,5,1,4
El Paso,084-CLARDY ELEMENTARY,US PRESIDENT,,WRITE-IN,NP,0,0,1,0,1,0,1
El Paso,084-CLARDY ELEMENTARY,US SENATOR,,TED CRUZ,REP,63,3,91,0,157,66,91
El Paso,084-CLARDY ELEMENTARY,US SENATOR,,PAUL SADLER,DEM,264,5,409,0,678,269,409
El Paso,084-CLARDY ELEMENTARY,US SENATOR,,JOHN JAY MYERS,LIB,3,0,5,0,8,3,5
El Paso,084-CLARDY ELEMENTARY,US SENATOR,,DAVID B. COLLINS,GRN,2,0,8,0,10,2,8
El Paso,084-CLARDY ELEMENTARY,US REP DISTRICT 16,,BARBARA CARRASCO,REP,59,3,93,0,155,62,93
El Paso,084-CLARDY ELEMENTARY,US REP DISTRICT 16,,BETO OROURKE,DEM,260,5,414,0,679,265,414
El Paso,084-CLARDY ELEMENTARY,US REP DISTRICT 16,,JUNART SODOY,LIB,5,0,8,0,13,5,8
El Paso,084-CLARDY ELEMENTARY,RAILROAD COMMISSIONER,,CHRISTI CRADDICK,REP,45,3,74,0,122,48,74
El Paso,084-CLARDY ELEMENTARY,RAILROAD COMMISSIONER,,DALE HENRY,DEM,262,5,407,0,674,267,407
El Paso,084-CLARDY ELEMENTARY,RAILROAD COMMISSIONER,,VIVEKANANDA (VIK) WA,LIB,8,0,3,0,11,8,3
El Paso,084-CLARDY ELEMENTARY,RAILROAD COMMISSIONER,,CHRIS KENNEDY,GRN,10,0,24,0,34,10,24
El Paso,084-CLARDY ELEMENTARY,RAILROAD COMMISSIONER,,BARRY SMITHERMAN,REP,65,3,110,0,178,68,110
El Paso,084-CLARDY ELEMENTARY,RAILROAD COMMISSIONER,,JAIME O. PEREZ,LIB,144,1,177,0,322,145,177
El Paso,084-CLARDY ELEMENTARY,RAILROAD COMMISSIONER,,JOSH WENDEL,GRN,18,0,39,0,57,18,39
El Paso,084-CLARDY ELEMENTARY,"JUSTICE, SUPREME COURT, PLACE 2",,DON WILLETT,REP,97,3,148,0,248,100,148
El Paso,084-CLARDY ELEMENTARY,"JUSTICE, SUPREME COURT, PLACE 2",,RS ROBERT KOELSCH,LIB,117,1,157,0,275,118,157
El Paso,084-CLARDY ELEMENTARY,"JUSTICE, SUPREME COURT, PLACE 4",,JOHN DEVINE,REP,90,3,134,0,227,93,134
El Paso,084-CLARDY ELEMENTARY,"JUSTICE, SUPREME COURT, PLACE 4",,TOM OXFORD,LIB,92,1,116,0,209,93,116
El Paso,084-CLARDY ELEMENTARY,"JUSTICE, SUPREME COURT, PLACE 4",,CHARLES E. WATERBURY,GRN,31,0,56,0,87,31,56
El Paso,084-CLARDY ELEMENTARY,"JUSTICE, SUPREME COURT, PLACE 6",,NATHAN HECHT,REP,40,3,59,0,102,43,59
El Paso,084-CLARDY ELEMENTARY,"JUSTICE, SUPREME COURT, PLACE 6",,MICHELE PETTY,DEM,276,5,422,0,703,281,422
El Paso,084-CLARDY ELEMENTARY,"JUSTICE, SUPREME COURT, PLACE 6",,MARK ASH,LIB,10,0,9,0,19,10,9
El Paso,084-CLARDY ELEMENTARY,"JUSTICE, SUPREME COURT, PLACE 6",,JIM CHISHOLM,GRN,5,0,13,0,18,5,13
El Paso,084-CLARDY ELEMENTARY,"PRESIDING JUDGE, COURT OF CRIMINAL APPEALS",,SHARON KELLER,REP,51,3,76,0,130,54,76
El Paso,084-CLARDY ELEMENTARY,"PRESIDING JUDGE, COURT OF CRIMINAL APPEALS",,KEITH HAMPTON,DEM,271,5,412,0,688,276,412
El Paso,084-CLARDY ELEMENTARY,"PRESIDING JUDGE, COURT OF CRIMINAL APPEALS",,LANCE STOTT,LIB,6,0,13,0,19,6,13
El Paso,084-CLARDY ELEMENTARY,"JUDGE, COURT OF CRIMINAL APPEALS, PLACE 7",,BARBARA PARKER HERVE,REP,112,3,159,0,274,115,159
El Paso,084-CLARDY ELEMENTARY,"JUDGE, COURT OF CRIMINAL APPEALS, PLACE 7",,MARK W. BENNETT,LIB,103,1,149,0,253,104,149
El Paso,084-CLARDY ELEMENTARY,"JUDGE, COURT OF CRIMINAL APPEALS, PLACE 8",,ELSA ALCALA,REP,121,3,184,0,308,124,184
El Paso,084-CLARDY ELEMENTARY,"JUDGE, COURT OF CRIMINAL APPEALS, PLACE 8",,WILLIAM BRYAN STRANG,LIB,93,1,123,0,217,94,123
El Paso,084-CLARDY ELEMENTARY,MEMBER STATE BOARD OF EDUCATION DISTRICT 1,,CARLOS CHARLIE GARZA,REP,46,3,84,0,133,49,84
El Paso,084-CLARDY ELEMENTARY,MEMBER STATE BOARD OF EDUCATION DISTRICT 1,,MARTHA M. DOMINGUEZ,DEM,284,5,419,0,708,289,419
El Paso,084-CLARDY ELEMENTARY,STATE SENATOR DISTRICT 29,,DAN CHAVEZ,REP,47,3,71,0,121,50,71
El Paso,084-CLARDY ELEMENTARY,STATE SENATOR DISTRICT 29,,JOSE R. RODRIGUEZ,DEM,286,5,434,0,725,291,434
El Paso,084-CLARDY ELEMENTARY,STATE REPRESENTATIVE DISTRICT 76,,NAOMI R. GONZALEZ,DEM,301,6,453,0,760,307,453
El Paso,084-CLARDY ELEMENTARY,"CHIEF JUSTICE, COURT OF APPEALS 8TH DISTRICT",,ANN CRAWFORD MCCLURE,DEM,291,5,437,0,733,296,437
El Paso,084-CLARDY ELEMENTARY,"JUSTICE, 8TH COURT OF APPEALS DISTRICT, PLACE 2",,CHRIS ANTCLIFF,REP,53,4,75,0,132,57,75
El Paso,084-CLARDY ELEMENTARY,"JUSTICE, 8TH COURT OF APPEALS DISTRICT, PLACE 2",,YVONNE RODRIGUEZ,DEM,276,4,426,0,706,280,426
El Paso,084-CLARDY ELEMENTARY,"JUSTICE, 8TH COURT OF APPEALS DISTRICT, PLACE 3",,GUADALUPE LUPE RIVER,DEM,293,5,452,0,750,298,452
El Paso,084-CLARDY ELEMENTARY,"DISTRICT JUDGE, 34TH JUDICIAL DISTRICT",,BILL MOODY,DEM,290,5,447,0,742,295,447
El Paso,084-CLARDY ELEMENTARY,"DISTRICT JUDGE, 41ST JUDICIAL DISTRICT",,ANNA PEREZ,DEM,293,5,449,0,747,298,449
El Paso,084-CLARDY ELEMENTARY,"DISTRICT JUDGE, 243RD JUDICIAL DISTRICT",,BILLY DON HICKS,REP,53,3,73,0,129,56,73
El Paso,084-CLARDY ELEMENTARY,"DISTRICT JUDGE, 243RD JUDICIAL DISTRICT",,LUIS AGUILAR,DEM,277,5,426,0,708,282,426
El Paso,084-CLARDY ELEMENTARY,"DISTRICT JUDGE, 346TH JUDICIAL DISTRICT",,ANGIE J. BARILL,DEM,289,5,446,0,740,294,446
El Paso,084-CLARDY ELEMENTARY,"DISTRICT JUDGE, 383RD JUDICIAL DISTRICT",,MIKE HERRERA,DEM,293,5,451,0,749,298,451
El Paso,084-CLARDY ELEMENTARY,"DISTRICT JUDGE, 384TH JUDICIAL DISTRICT",,PATRICK M. GARCIA,DEM,290,5,442,0,737,295,442
El Paso,084-CLARDY ELEMENTARY,"DISTRICT JUDGE, 388TH JUDICIAL DISTRICT",,LAURA STRATHMANN,DEM,288,5,449,0,742,293,449
El Paso,084-CLARDY ELEMENTARY,"DISTRICT JUDGE, 409TH JUDICIAL DISTRICT",,SAM MEDRANO JR,DEM,291,5,443,0,739,296,443
El Paso,084-CLARDY ELEMENTARY,"DISTRICT JUDGE, 448TH JUDICIAL DISTRICT",,SERGIO H. ENRIQUEZ,DEM,291,5,446,0,742,296,446
El Paso,084-CLARDY ELEMENTARY,"CRIMINAL DISTRICT JUDGE, COURT NO. 1",,DIANE NAVARRETE,DEM,287,5,448,0,740,292,448
El Paso,084-CLARDY ELEMENTARY,"FAMILY DISTRICT JUDGE, 65TH JUDICIAL DISTRICT",,YAHARA L. GUTIERREZ,DEM,290,5,448,0,743,295,448
El Paso,084-CLARDY ELEMENTARY,"DISTRICT ATTORNEY, 34TH JUDICIAL DISTRICT",,JAIME ESPARZA,DEM,291,5,446,0,742,296,446
El Paso,084-CLARDY ELEMENTARY,"JUDGE, COUNTY CRIMINAL COURT NO. 3",,CARLOS CARRASCO,DEM,289,5,447,0,741,294,447
El Paso,084-CLARDY ELEMENTARY,"JUDGE, COUNTY CRIMINAL COURT NO. 4",,JESUS HERRERA,DEM,289,5,450,0,744,294,450
El Paso,084-CLARDY ELEMENTARY,COUNTY ATTORNEY,,JO ANNE BERNAL,DEM,291,5,452,0,748,296,452
El Paso,084-CLARDY ELEMENTARY,SHERIFF,,RICHARD D. WILES,DEM,293,5,454,0,752,298,454
El Paso,084-CLARDY ELEMENTARY,COUNTY TAX ASSESSOR COLLECTOR,,VICTOR A. FLORES,DEM,295,5,448,0,748,300,448
El Paso,084-CLARDY ELEMENTARY,"CONSTABLE, PRECINCT NO. 3",,HECTOR BERNAL,DEM,294,5,446,0,745,299,446
El Paso,085-FIRE STATION 14,"CITY OF EL PASO, PROPOSITION",,FOR (A FAVOR),NP,219,1,291,0,511,220,291
El Paso,085-FIRE STATION 14,"CITY OF EL PASO, PROPOSITION",,AGAINST (EN CONTRA),NP,68,0,74,0,142,68,74
El Paso,085-FIRE STATION 14,"CITY OF EL PASO, PROPOSITION",,FOR (A FAVOR),NP,202,1,270,0,473,203,270
El Paso,085-FIRE STATION 14,"CITY OF EL PASO, PROPOSITION",,AGAINST (EN CONTRA),NP,70,0,82,0,152,70,82
El Paso,085-FIRE STATION 14,"CITY OF EL PASO, PROPOSITION",,FOR (A FAVOR),NP,164,1,220,0,385,165,220
El Paso,085-FIRE STATION 14,"CITY OF EL PASO, PROPOSITION",,AGAINST (EN CONTRA),NP,115,0,132,0,247,115,132
El Paso,085-FIRE STATION 14,STRAIGHT PARTY,,REPUBLICAN,REP,23,0,34,0,57,23,34
El Paso,085-FIRE STATION 14,STRAIGHT PARTY,,DEMOCRAT,DEM,179,1,253,2,435,180,255
El Paso,085-FIRE STATION 14,STRAIGHT PARTY,,LIBERTARIAN,LIB,2,0,1,0,3,2,1
El Paso,085-FIRE STATION 14,STRAIGHT PARTY,,GREEN,GRN,2,0,1,0,3,2,1
El Paso,085-FIRE STATION 14,US PRESIDENT,,MITT ROMNEY,REP,41,0,52,0,93,41,52
El Paso,085-FIRE STATION 14,US PRESIDENT,,BARACK OBAMA,DEM,242,1,336,2,581,243,338
El Paso,085-FIRE STATION 14,US PRESIDENT,,GARY JOHNSON,LIB,3,0,3,0,6,3,3
El Paso,085-FIRE STATION 14,US PRESIDENT,,JILL STEIN,GRN,6,0,2,0,8,6,2
El Paso,085-FIRE STATION 14,US PRESIDENT,,WRITE-IN,NP,0,0,0,0,0,0,0
El Paso,085-FIRE STATION 14,US SENATOR,,TED CRUZ,REP,54,0,69,0,123,54,69
El Paso,085-FIRE STATION 14,US SENATOR,,PAUL SADLER,DEM,226,1,301,2,530,227,303
El Paso,085-FIRE STATION 14,US SENATOR,,JOHN JAY MYERS,LIB,4,0,5,0,9,4,5
El Paso,085-FIRE STATION 14,US SENATOR,,DAVID B. COLLINS,GRN,4,0,1,0,5,4,1
El Paso,085-FIRE STATION 14,US REP DISTRICT 16,,BARBARA CARRASCO,REP,46,0,81,0,127,46,81
El Paso,085-FIRE STATION 14,US REP DISTRICT 16,,BETO OROURKE,DEM,232,1,286,2,521,233,288
El Paso,085-FIRE STATION 14,US REP DISTRICT 16,,JUNART SODOY,LIB,4,0,8,0,12,4,8
El Paso,085-FIRE STATION 14,RAILROAD COMMISSIONER,,CHRISTI CRADDICK,REP,42,0,58,0,100,42,58
El Paso,085-FIRE STATION 14,RAILROAD COMMISSIONER,,DALE HENRY,DEM,227,1,294,2,524,228,296
El Paso,085-FIRE STATION 14,RAILROAD COMMISSIONER,,VIVEKANANDA (VIK) WA,LIB,5,0,3,0,8,5,3
El Paso,085-FIRE STATION 14,RAILROAD COMMISSIONER,,CHRIS KENNEDY,GRN,17,0,18,0,35,17,18
El Paso,085-FIRE STATION 14,RAILROAD COMMISSIONER,,BARRY SMITHERMAN,REP,51,0,72,0,123,51,72
El Paso,085-FIRE STATION 14,RAILROAD COMMISSIONER,,JAIME O. PEREZ,LIB,124,1,164,0,289,125,164
El Paso,085-FIRE STATION 14,RAILROAD COMMISSIONER,,JOSH WENDEL,GRN,27,0,34,0,61,27,34
El Paso,085-FIRE STATION 14,"JUSTICE, SUPREME COURT, PLACE 2",,DON WILLETT,REP,85,0,115,0,200,85,115
El Paso,085-FIRE STATION 14,"JUSTICE, SUPREME COURT, PLACE 2",,RS ROBERT KOELSCH,LIB,107,1,143,0,251,108,143
El Paso,085-FIRE STATION 14,"JUSTICE, SUPREME COURT, PLACE 4",,JOHN DEVINE,REP,85,0,102,0,187,85,102
El Paso,085-FIRE STATION 14,"JUSTICE, SUPREME COURT, PLACE 4",,TOM OXFORD,LIB,66,1,114,0,181,67,114
El Paso,085-FIRE STATION 14,"JUSTICE, SUPREME COURT, PLACE 4",,CHARLES E. WATERBURY,GRN,40,0,38,0,78,40,38
El Paso,085-FIRE STATION 14,"JUSTICE, SUPREME COURT, PLACE 6",,NATHAN HECHT,REP,32,0,40,0,72,32,40
El Paso,085-FIRE STATION 14,"JUSTICE, SUPREME COURT, PLACE 6",,MICHELE PETTY,DEM,230,1,312,2,545,231,314
El Paso,085-FIRE STATION 14,"JUSTICE, SUPREME COURT, PLACE 6",,MARK ASH,LIB,11,0,8,0,19,11,8
El Paso,085-FIRE STATION 14,"JUSTICE, SUPREME COURT, PLACE 6",,JIM CHISHOLM,GRN,10,0,7,0,17,10,7
El Paso,085-FIRE STATION 14,"PRESIDING JUDGE, COURT OF CRIMINAL APPEALS",,SHARON KELLER,REP,36,0,56,0,92,36,56
El Paso,085-FIRE STATION 14,"PRESIDING JUDGE, COURT OF CRIMINAL APPEALS",,KEITH HAMPTON,DEM,230,1,303,2,536,231,305
El Paso,085-FIRE STATION 14,"PRESIDING JUDGE, COURT OF CRIMINAL APPEALS",,LANCE STOTT,LIB,12,0,7,0,19,12,7
El Paso,085-FIRE STATION 14,"JUDGE, COURT OF CRIMINAL APPEALS, PLACE 7",,BARBARA PARKER HERVE,REP,91,0,108,0,199,91,108
El Paso,085-FIRE STATION 14,"JUDGE, COURT OF CRIMINAL APPEALS, PLACE 7",,MARK W. BENNETT,LIB,100,1,145,0,246,101,145
El Paso,085-FIRE STATION 14,"JUDGE, COURT OF CRIMINAL APPEALS, PLACE 8",,ELSA ALCALA,REP,92,0,127,0,219,92,127
El Paso,085-FIRE STATION 14,"JUDGE, COURT OF CRIMINAL APPEALS, PLACE 8",,WILLIAM BRYAN STRANG,LIB,95,1,123,0,219,96,123
El Paso,085-FIRE STATION 14,MEMBER STATE BOARD OF EDUCATION DISTRICT 1,,CARLOS CHARLIE GARZA,REP,40,0,59,0,99,40,59
El Paso,085-FIRE STATION 14,MEMBER STATE BOARD OF EDUCATION DISTRICT 1,,MARTHA M. DOMINGUEZ,DEM,241,1,314,2,558,242,316
El Paso,085-FIRE STATION 14,STATE SENATOR DISTRICT 29,,DAN CHAVEZ,REP,46,0,54,0,100,46,54
El Paso,085-FIRE STATION 14,STATE SENATOR DISTRICT 29,,JOSE R. RODRIGUEZ,DEM,243,1,323,2,569,244,325
El Paso,085-FIRE STATION 14,STATE REPRESENTATIVE DISTRICT 76,,NAOMI R. GONZALEZ,DEM,251,1,337,2,591,252,339
El Paso,085-FIRE STATION 14,"CHIEF JUSTICE, COURT OF APPEALS 8TH DISTRICT",,ANN CRAWFORD MCCLURE,DEM,248,1,323,2,574,249,325
El Paso,085-FIRE STATION 14,"JUSTICE, 8TH COURT OF APPEALS DISTRICT, PLACE 2",,CHRIS ANTCLIFF,REP,42,0,56,0,98,42,56
El Paso,085-FIRE STATION 14,"JUSTICE, 8TH COURT OF APPEALS DISTRICT, PLACE 2",,YVONNE RODRIGUEZ,DEM,232,1,316,2,551,233,318
El Paso,085-FIRE STATION 14,"JUSTICE, 8TH COURT OF APPEALS DISTRICT, PLACE 3",,GUADALUPE LUPE RIVER,DEM,246,1,333,2,582,247,335
El Paso,085-FIRE STATION 14,"DISTRICT JUDGE, 34TH JUDICIAL DISTRICT",,BILL MOODY,DEM,252,1,335,2,590,253,337
El Paso,085-FIRE STATION 14,"DISTRICT JUDGE, 41ST JUDICIAL DISTRICT",,ANNA PEREZ,DEM,250,1,332,2,585,251,334
El Paso,085-FIRE STATION 14,"DISTRICT JUDGE, 243RD JUDICIAL DISTRICT",,BILLY DON HICKS,REP,53,0,58,0,111,53,58
El Paso,085-FIRE STATION 14,"DISTRICT JUDGE, 243RD JUDICIAL DISTRICT",,LUIS AGUILAR,DEM,228,1,311,2,542,229,313
El Paso,085-FIRE STATION 14,"DISTRICT JUDGE, 346TH JUDICIAL DISTRICT",,ANGIE J. BARILL,DEM,251,1,338,2,592,252,340
El Paso,085-FIRE STATION 14,"DISTRICT JUDGE, 383RD JUDICIAL DISTRICT",,MIKE HERRERA,DEM,250,1,328,2,581,251,330
El Paso,085-FIRE STATION 14,"DISTRICT JUDGE, 384TH JUDICIAL DISTRICT",,PATRICK M. GARCIA,DEM,249,1,328,2,580,250,330
El Paso,085-FIRE STATION 14,"DISTRICT JUDGE, 388TH JUDICIAL DISTRICT",,LAURA STRATHMANN,DEM,252,1,333,2,588,253,335
El Paso,085-FIRE STATION 14,"DISTRICT JUDGE, 409TH JUDICIAL DISTRICT",,SAM MEDRANO JR,DEM,250,1,332,2,585,251,334
El Paso,085-FIRE STATION 14,"DISTRICT JUDGE, 448TH JUDICIAL DISTRICT",,SERGIO H. ENRIQUEZ,DEM,250,1,330,2,583,251,332
El Paso,085-FIRE STATION 14,"CRIMINAL DISTRICT JUDGE, COURT NO. 1",,DIANE NAVARRETE,DEM,252,1,333,2,588,253,335
El Paso,085-FIRE STATION 14,"FAMILY DISTRICT JUDGE, 65TH JUDICIAL DISTRICT",,YAHARA L. GUTIERREZ,DEM,250,1,330,2,583,251,332
El Paso,085-FIRE STATION 14,"DISTRICT ATTORNEY, 34TH JUDICIAL DISTRICT",,JAIME ESPARZA,DEM,253,1,327,2,583,254,329
El Paso,085-FIRE STATION 14,"JUDGE, COUNTY CRIMINAL COURT NO. 3",,CARLOS CARRASCO,DEM,252,1,326,2,581,253,328
El Paso,085-FIRE STATION 14,"JUDGE, COUNTY CRIMINAL COURT NO. 4",,JESUS HERRERA,DEM,249,1,322,2,574,250,324
El Paso,085-FIRE STATION 14,COUNTY ATTORNEY,,JO ANNE BERNAL,DEM,252,1,326,2,581,253,328
El Paso,085-FIRE STATION 14,SHERIFF,,RICHARD D. WILES,DEM,258,1,334,2,595,259,336
El Paso,085-FIRE STATION 14,COUNTY TAX ASSESSOR COLLECTOR,,VICTOR A. FLORES,DEM,255,1,334,2,592,256,336
El Paso,085-FIRE STATION 14,"CONSTABLE, PRECINCT NO. 3",,HECTOR BERNAL,DEM,248,1,324,2,575,249,326
El Paso,086-BURNET ELEMENTARY,STRAIGHT PARTY,,REPUBLICAN,REP,28,13,7,0,48,41,7
El Paso,086-BURNET ELEMENTARY,STRAIGHT PARTY,,DEMOCRAT,DEM,37,13,18,0,68,50,18
El Paso,086-BURNET ELEMENTARY,STRAIGHT PARTY,,LIBERTARIAN,LIB,0,0,3,0,3,0,3
El Paso,086-BURNET ELEMENTARY,STRAIGHT PARTY,,GREEN,GRN,0,0,0,0,0,0,0
El Paso,086-BURNET ELEMENTARY,US PRESIDENT,,MITT ROMNEY,REP,47,18,12,0,77,65,12
El Paso,086-BURNET ELEMENTARY,US PRESIDENT,,BARACK OBAMA,DEM,47,24,23,0,94,71,23
El Paso,086-BURNET ELEMENTARY,US PRESIDENT,,GARY JOHNSON,LIB,0,0,1,0,1,0,1
El Paso,086-BURNET ELEMENTARY,US PRESIDENT,,JILL STEIN,GRN,0,0,0,0,0,0,0
El Paso,086-BURNET ELEMENTARY,US PRESIDENT,,WRITE-IN,NP,0,0,0,0,0,0,0
El Paso,086-BURNET ELEMENTARY,US SENATOR,,TED CRUZ,REP,46,18,13,0,77,64,13
El Paso,086-BURNET ELEMENTARY,US SENATOR,,PAUL SADLER,DEM,42,21,20,0,83,63,20
El Paso,086-BURNET ELEMENTARY,US SENATOR,,JOHN JAY MYERS,LIB,1,0,2,0,3,1,2
El Paso,086-BURNET ELEMENTARY,US SENATOR,,DAVID B. COLLINS,GRN,3,0,0,0,3,3,0
El Paso,086-BURNET ELEMENTARY,US REP DISTRICT 16,,BARBARA CARRASCO,REP,46,19,13,0,78,65,13
El Paso,086-BURNET ELEMENTARY,US REP DISTRICT 16,,BETO OROURKE,DEM,45,20,18,0,83,65,18
El Paso,086-BURNET ELEMENTARY,US REP DISTRICT 16,,JUNART SODOY,LIB,1,0,4,0,5,1,4
El Paso,086-BURNET ELEMENTARY,RAILROAD COMMISSIONER,,CHRISTI CRADDICK,REP,45,17,12,0,74,62,12
El Paso,086-BURNET ELEMENTARY,RAILROAD COMMISSIONER,,DALE HENRY,DEM,44,16,19,0,79,60,19
El Paso,086-BURNET ELEMENTARY,RAILROAD COMMISSIONER,,VIVEKANANDA (VIK) WA,LIB,1,0,3,0,4,1,3
El Paso,086-BURNET ELEMENTARY,RAILROAD COMMISSIONER,,CHRIS KENNEDY,GRN,2,2,0,0,4,4,0
El Paso,086-BURNET ELEMENTARY,RAILROAD COMMISSIONER,,BARRY SMITHERMAN,REP,51,17,12,0,80,68,12
El Paso,086-BURNET ELEMENTARY,RAILROAD COMMISSIONER,,JAIME O. PEREZ,LIB,14,5,9,0,28,19,9
El Paso,086-BURNET ELEMENTARY,RAILROAD COMMISSIONER,,JOSH WENDEL,GRN,4,3,2,0,9,7,2
El Paso,086-BURNET ELEMENTARY,"JUSTICE, SUPREME COURT, PLACE 2",,DON WILLETT,REP,48,18,12,0,78,66,12
El Paso,086-BURNET ELEMENTARY,"JUSTICE, SUPREME COURT, PLACE 2",,RS ROBERT KOELSCH,LIB,20,6,10,0,36,26,10
El Paso,086-BURNET ELEMENTARY,"JUSTICE, SUPREME COURT, PLACE 4",,JOHN DEVINE,REP,50,17,10,0,77,67,10
El Paso,086-BURNET ELEMENTARY,"JUSTICE, SUPREME COURT, PLACE 4",,TOM OXFORD,LIB,18,5,10,0,33,23,10
El Paso,086-BURNET ELEMENTARY,"JUSTICE, SUPREME COURT, PLACE 4",,CHARLES E. WATERBURY,GRN,1,3,2,0,6,4,2
El Paso,086-BURNET ELEMENTARY,"JUSTICE, SUPREME COURT, PLACE 6",,NATHAN HECHT,REP,45,16,11,0,72,61,11
El Paso,086-BURNET ELEMENTARY,"JUSTICE, SUPREME COURT, PLACE 6",,MICHELE PETTY,DEM,45,19,20,0,84,64,20
El Paso,086-BURNET ELEMENTARY,"JUSTICE, SUPREME COURT, PLACE 6",,MARK ASH,LIB,2,0,3,0,5,2,3
El Paso,086-BURNET ELEMENTARY,"JUSTICE, SUPREME COURT, PLACE 6",,JIM CHISHOLM,GRN,1,0,0,0,1,1,0
El Paso,086-BURNET ELEMENTARY,"PRESIDING JUDGE, COURT OF CRIMINAL APPEALS",,SHARON KELLER,REP,46,16,11,0,73,62,11
El Paso,086-BURNET ELEMENTARY,"PRESIDING JUDGE, COURT OF CRIMINAL APPEALS",,KEITH HAMPTON,DEM,42,18,21,0,81,60,21
El Paso,086-BURNET ELEMENTARY,"PRESIDING JUDGE, COURT OF CRIMINAL APPEALS",,LANCE STOTT,LIB,3,1,2,0,6,4,2
El Paso,086-BURNET ELEMENTARY,"JUDGE, COURT OF CRIMINAL APPEALS, PLACE 7",,BARBARA PARKER HERVE,REP,52,17,14,0,83,69,14
El Paso,086-BURNET ELEMENTARY,"JUDGE, COURT OF CRIMINAL APPEALS, PLACE 7",,MARK W. BENNETT,LIB,15,7,10,0,32,22,10
El Paso,086-BURNET ELEMENTARY,"JUDGE, COURT OF CRIMINAL APPEALS, PLACE 8",,ELSA ALCALA,REP,51,17,11,0,79,68,11
El Paso,086-BURNET ELEMENTARY,"JUDGE, COURT OF CRIMINAL APPEALS, PLACE 8",,WILLIAM BRYAN STRANG,LIB,17,7,13,0,37,24,13
El Paso,086-BURNET ELEMENTARY,MEMBER STATE BOARD OF EDUCATION DISTRICT 1,,CARLOS CHARLIE GARZA,REP,46,16,11,0,73,62,11
El Paso,086-BURNET ELEMENTARY,MEMBER STATE BOARD OF EDUCATION DISTRICT 1,,MARTHA M. DOMINGUEZ,DEM,45,19,22,0,86,64,22
El Paso,086-BURNET ELEMENTARY,STATE SENATOR DISTRICT 29,,DAN CHAVEZ,REP,45,17,12,0,74,62,12
El Paso,086-BURNET ELEMENTARY,STATE SENATOR DISTRICT 29,,JOSE R. RODRIGUEZ,DEM,44,18,21,0,83,62,21
El Paso,086-BURNET ELEMENTARY,STATE REPRESENTATIVE DISTRICT 79,,JOE C. PICKETT,DEM,55,21,26,0,102,76,26
El Paso,086-BURNET ELEMENTARY,"CHIEF JUSTICE, COURT OF APPEALS 8TH DISTRICT",,ANN CRAWFORD MCCLURE,DEM,55,21,27,0,103,76,27
El Paso,086-BURNET ELEMENTARY,"JUSTICE, 8TH COURT OF APPEALS DISTRICT, PLACE 2",,CHRIS ANTCLIFF,REP,46,17,11,0,74,63,11
El Paso,086-BURNET ELEMENTARY,"JUSTICE, 8TH COURT OF APPEALS DISTRICT, PLACE 2",,YVONNE RODRIGUEZ,DEM,42,18,23,0,83,60,23
El Paso,086-BURNET ELEMENTARY,"JUSTICE, 8TH COURT OF APPEALS DISTRICT, PLACE 3",,GUADALUPE LUPE RIVER,DEM,56,21,25,0,102,77,25
El Paso,086-BURNET ELEMENTARY,"DISTRICT JUDGE, 34TH JUDICIAL DISTRICT",,BILL MOODY,DEM,57,20,23,0,100,77,23
El Paso,086-BURNET ELEMENTARY,"DISTRICT JUDGE, 41ST JUDICIAL DISTRICT",,ANNA PEREZ,DEM,58,20,24,0,102,78,24
El Paso,086-BURNET ELEMENTARY,"DISTRICT JUDGE, 243RD JUDICIAL DISTRICT",,BILLY DON HICKS,REP,47,17,12,0,76,64,12
El Paso,086-BURNET ELEMENTARY,"DISTRICT JUDGE, 243RD JUDICIAL DISTRICT",,LUIS AGUILAR,DEM,41,18,21,0,80,59,21
El Paso,086-BURNET ELEMENTARY,"DISTRICT JUDGE, 346TH JUDICIAL DISTRICT",,ANGIE J. BARILL,DEM,56,19,24,0,99,75,24
El Paso,086-BURNET ELEMENTARY,"DISTRICT JUDGE, 383RD JUDICIAL DISTRICT",,MIKE HERRERA,DEM,55,19,24,0,98,74,24
El Paso,086-BURNET ELEMENTARY,"DISTRICT JUDGE, 384TH JUDICIAL DISTRICT",,PATRICK M. GARCIA,DEM,55,19,23,0,97,74,23
El Paso,086-BURNET ELEMENTARY,"DISTRICT JUDGE, 388TH JUDICIAL DISTRICT",,LAURA STRATHMANN,DEM,56,19,22,0,97,75,22
El Paso,086-BURNET ELEMENTARY,"DISTRICT JUDGE, 409TH JUDICIAL DISTRICT",,SAM MEDRANO JR,DEM,55,19,22,0,96,74,22
El Paso,086-BURNET ELEMENTARY,"DISTRICT JUDGE, 448TH JUDICIAL DISTRICT",,SERGIO H. ENRIQUEZ,DEM,55,19,22,0,96,74,22
El Paso,086-BURNET ELEMENTARY,"CRIMINAL DISTRICT JUDGE, COURT NO. 1",,DIANE NAVARRETE,DEM,55,19,22,0,96,74,22
El Paso,086-BURNET ELEMENTARY,"FAMILY DISTRICT JUDGE, 65TH JUDICIAL DISTRICT",,YAHARA L. GUTIERREZ,DEM,54,19,23,0,96,73,23
El Paso,086-BURNET ELEMENTARY,"DISTRICT ATTORNEY, 34TH JUDICIAL DISTRICT",,JAIME ESPARZA,DEM,55,19,23,0,97,74,23
El Paso,086-BURNET ELEMENTARY,"JUDGE, COUNTY CRIMINAL COURT NO. 3",,CARLOS CARRASCO,DEM,55,19,23,0,97,74,23
El Paso,086-BURNET ELEMENTARY,"JUDGE, COUNTY CRIMINAL COURT NO. 4",,JESUS HERRERA,DEM,54,19,23,0,96,73,23
El Paso,086-BURNET ELEMENTARY,COUNTY ATTORNEY,,JO ANNE BERNAL,DEM,54,20,24,0,98,74,24
El Paso,086-BURNET ELEMENTARY,SHERIFF,,RICHARD D. WILES,DEM,55,20,25,0,100,75,25
El Paso,086-BURNET ELEMENTARY,COUNTY TAX ASSESSOR COLLECTOR,,VICTOR A. FLORES,DEM,55,19,23,0,97,74,23
El Paso,086-BURNET ELEMENTARY,"CONSTABLE, PRECINCT NO. 2",,JEREMIAH HAGGERTY,DEM,54,19,24,0,97,73,24
El Paso,087-BONHAM ELEMENTARY,"CITY OF EL PASO, PROPOSITION",,FOR (A FAVOR),NP,1,0,0,0,1,1,0
El Paso,087-BONHAM ELEMENTARY,"CITY OF EL PASO, PROPOSITION",,AGAINST (EN CONTRA),NP,0,0,0,0,0,0,0
El Paso,087-BONHAM ELEMENTARY,"CITY OF EL PASO, PROPOSITION",,FOR (A FAVOR),NP,1,0,0,0,1,1,0
El Paso,087-BONHAM ELEMENTARY,"CITY OF EL PASO, PROPOSITION",,AGAINST (EN CONTRA),NP,0,0,0,0,0,0,0
El Paso,087-BONHAM ELEMENTARY,"CITY OF EL PASO, PROPOSITION",,FOR (A FAVOR),NP,0,0,0,0,0,0,0
El Paso,087-BONHAM ELEMENTARY,"CITY OF EL PASO, PROPOSITION",,AGAINST (EN CONTRA),NP,1,0,0,0,1,1,0
El Paso,087-BONHAM ELEMENTARY,STRAIGHT PARTY,,REPUBLICAN,REP,1,0,0,0,1,1,0
El Paso,087-BONHAM ELEMENTARY,STRAIGHT PARTY,,DEMOCRAT,DEM,0,0,0,0,0,0,0
El Paso,087-BONHAM ELEMENTARY,STRAIGHT PARTY,,LIBERTARIAN,LIB,0,0,0,0,0,0,0
El Paso,087-BONHAM ELEMENTARY,STRAIGHT PARTY,,GREEN,GRN,0,0,0,0,0,0,0
El Paso,087-BONHAM ELEMENTARY,US PRESIDENT,,MITT ROMNEY,REP,1,0,0,0,1,1,0
El Paso,087-BONHAM ELEMENTARY,US PRESIDENT,,BARACK OBAMA,DEM,0,0,0,0,0,0,0
El Paso,087-BONHAM ELEMENTARY,US PRESIDENT,,GARY JOHNSON,LIB,0,0,0,0,0,0,0
El Paso,087-BONHAM ELEMENTARY,US PRESIDENT,,JILL STEIN,GRN,0,0,0,0,0,0,0
El Paso,087-BONHAM ELEMENTARY,US PRESIDENT,,WRITE-IN,NP,0,0,0,0,0,0,0
El Paso,087-BONHAM ELEMENTARY,US SENATOR,,TED CRUZ,REP,1,0,0,0,1,1,0
El Paso,087-BONHAM ELEMENTARY,US SENATOR,,PAUL SADLER,DEM,0,0,0,0,0,0,0
El Paso,087-BONHAM ELEMENTARY,US SENATOR,,JOHN JAY MYERS,LIB,0,0,0,0,0,0,0
El Paso,087-BONHAM ELEMENTARY,US SENATOR,,DAVID B. COLLINS,GRN,0,0,0,0,0,0,0
El Paso,087-BONHAM ELEMENTARY,US REP DISTRICT 16,,BARBARA CARRASCO,REP,1,0,0,0,1,1,0
El Paso,087-BONHAM ELEMENTARY,US REP DISTRICT 16,,BETO OROURKE,DEM,0,0,0,0,0,0,0
El Paso,087-BONHAM ELEMENTARY,US REP DISTRICT 16,,JUNART SODOY,LIB,0,0,0,0,0,0,0
El Paso,087-BONHAM ELEMENTARY,RAILROAD COMMISSIONER,,CHRISTI CRADDICK,REP,1,0,0,0,1,1,0
El Paso,087-BONHAM ELEMENTARY,RAILROAD COMMISSIONER,,DALE HENRY,DEM,0,0,0,0,0,0,0
El Paso,087-BONHAM ELEMENTARY,RAILROAD COMMISSIONER,,VIVEKANANDA (VIK) WA,LIB,0,0,0,0,0,0,0
El Paso,087-BONHAM ELEMENTARY,RAILROAD COMMISSIONER,,CHRIS KENNEDY,GRN,0,0,0,0,0,0,0
El Paso,087-BONHAM ELEMENTARY,RAILROAD COMMISSIONER,,BARRY SMITHERMAN,REP,1,0,0,0,1,1,0
El Paso,087-BONHAM ELEMENTARY,RAILROAD COMMISSIONER,,JAIME O. PEREZ,LIB,0,0,0,0,0,0,0
El Paso,087-BONHAM ELEMENTARY,RAILROAD COMMISSIONER,,JOSH WENDEL,GRN,0,0,0,0,0,0,0
El Paso,087-BONHAM ELEMENTARY,"JUSTICE, SUPREME COURT, PLACE 2",,DON WILLETT,REP,1,0,0,0,1,1,0
El Paso,087-BONHAM ELEMENTARY,"JUSTICE, SUPREME COURT, PLACE 2",,RS ROBERT KOELSCH,LIB,0,0,0,0,0,0,0
El Paso,087-BONHAM ELEMENTARY,"JUSTICE, SUPREME COURT, PLACE 4",,JOHN DEVINE,REP,1,0,0,0,1,1,0
El Paso,087-BONHAM ELEMENTARY,"JUSTICE, SUPREME COURT, PLACE 4",,TOM OXFORD,LIB,0,0,0,0,0,0,0
El Paso,087-BONHAM ELEMENTARY,"JUSTICE, SUPREME COURT, PLACE 4",,CHARLES E. WATERBURY,GRN,0,0,0,0,0,0,0
El Paso,087-BONHAM ELEMENTARY,"JUSTICE, SUPREME COURT, PLACE 6",,NATHAN HECHT,REP,1,0,0,0,1,1,0
El Paso,087-BONHAM ELEMENTARY,"JUSTICE, SUPREME COURT, PLACE 6",,MICHELE PETTY,DEM,0,0,0,0,0,0,0
El Paso,087-BONHAM ELEMENTARY,"JUSTICE, SUPREME COURT, PLACE 6",,MARK ASH,LIB,0,0,0,0,0,0,0
El Paso,087-BONHAM ELEMENTARY,"JUSTICE, SUPREME COURT, PLACE 6",,JIM CHISHOLM,GRN,0,0,0,0,0,0,0
El Paso,087-BONHAM ELEMENTARY,"PRESIDING JUDGE, COURT OF CRIMINAL APPEALS",,SHARON KELLER,REP,1,0,0,0,1,1,0
El Paso,087-BONHAM ELEMENTARY,"PRESIDING JUDGE, COURT OF CRIMINAL APPEALS",,KEITH HAMPTON,DEM,0,0,0,0,0,0,0
El Paso,087-BONHAM ELEMENTARY,"PRESIDING JUDGE, COURT OF CRIMINAL APPEALS",,LANCE STOTT,LIB,0,0,0,0,0,0,0
El Paso,087-BONHAM ELEMENTARY,"JUDGE, COURT OF CRIMINAL APPEALS, PLACE 7",,BARBARA PARKER HERVE,REP,1,0,0,0,1,1,0
El Paso,087-BONHAM ELEMENTARY,"JUDGE, COURT OF CRIMINAL APPEALS, PLACE 7",,MARK W. BENNETT,LIB,0,0,0,0,0,0,0
El Paso,087-BONHAM ELEMENTARY,"JUDGE, COURT OF CRIMINAL APPEALS, PLACE 8",,ELSA ALCALA,REP,1,0,0,0,1,1,0
El Paso,087-BONHAM ELEMENTARY,"JUDGE, COURT OF CRIMINAL APPEALS, PLACE 8",,WILLIAM BRYAN STRANG,LIB,0,0,0,0,0,0,0
El Paso,087-BONHAM ELEMENTARY,MEMBER STATE BOARD OF EDUCATION DISTRICT 1,,CARLOS CHARLIE GARZA,REP,1,0,0,0,1,1,0
El Paso,087-BONHAM ELEMENTARY,MEMBER STATE BOARD OF EDUCATION DISTRICT 1,,MARTHA M. DOMINGUEZ,DEM,0,0,0,0,0,0,0
El Paso,087-BONHAM ELEMENTARY,STATE SENATOR DISTRICT 29,,DAN CHAVEZ,REP,1,0,0,0,1,1,0
El Paso,087-BONHAM ELEMENTARY,STATE SENATOR DISTRICT 29,,JOSE R. RODRIGUEZ,DEM,0,0,0,0,0,0,0
El Paso,087-BONHAM ELEMENTARY,STATE REPRESENTATIVE DISTRICT 79,,JOE C. PICKETT,DEM,0,0,0,0,0,0,0
El Paso,087-BONHAM ELEMENTARY,"CHIEF JUSTICE, COURT OF APPEALS 8TH DISTRICT",,ANN CRAWFORD MCCLURE,DEM,0,0,0,0,0,0,0
El Paso,087-BONHAM ELEMENTARY,"JUSTICE, 8TH COURT OF APPEALS DISTRICT, PLACE 2",,CHRIS ANTCLIFF,REP,1,0,0,0,1,1,0
El Paso,087-BONHAM ELEMENTARY,"JUSTICE, 8TH COURT OF APPEALS DISTRICT, PLACE 2",,YVONNE RODRIGUEZ,DEM,0,0,0,0,0,0,0
El Paso,087-BONHAM ELEMENTARY,"JUSTICE, 8TH COURT OF APPEALS DISTRICT, PLACE 3",,GUADALUPE LUPE RIVER,DEM,0,0,0,0,0,0,0
El Paso,087-BONHAM ELEMENTARY,"DISTRICT JUDGE, 34TH JUDICIAL DISTRICT",,BILL MOODY,DEM,0,0,0,0,0,0,0
El Paso,087-BONHAM ELEMENTARY,"DISTRICT JUDGE, 41ST JUDICIAL DISTRICT",,ANNA PEREZ,DEM,0,0,0,0,0,0,0
El Paso,087-BONHAM ELEMENTARY,"DISTRICT JUDGE, 243RD JUDICIAL DISTRICT",,BILLY DON HICKS,REP,1,0,0,0,1,1,0
El Paso,087-BONHAM ELEMENTARY,"DISTRICT JUDGE, 243RD JUDICIAL DISTRICT",,LUIS AGUILAR,DEM,0,0,0,0,0,0,0
El Paso,087-BONHAM ELEMENTARY,"DISTRICT JUDGE, 346TH JUDICIAL DISTRICT",,ANGIE J. BARILL,DEM,0,0,0,0,0,0,0
El Paso,087-BONHAM ELEMENTARY,"DISTRICT JUDGE, 383RD JUDICIAL DISTRICT",,MIKE HERRERA,DEM,0,0,0,0,0,0,0
El Paso,087-BONHAM ELEMENTARY,"DISTRICT JUDGE, 384TH JUDICIAL DISTRICT",,PATRICK M. GARCIA,DEM,0,0,0,0,0,0,0
El Paso,087-BONHAM ELEMENTARY,"DISTRICT JUDGE, 388TH JUDICIAL DISTRICT",,LAURA STRATHMANN,DEM,0,0,0,0,0,0,0
El Paso,087-BONHAM ELEMENTARY,"DISTRICT JUDGE, 409TH JUDICIAL DISTRICT",,SAM MEDRANO JR,DEM,0,0,0,0,0,0,0
El Paso,087-BONHAM ELEMENTARY,"DISTRICT JUDGE, 448TH JUDICIAL DISTRICT",,SERGIO H. ENRIQUEZ,DEM,0,0,0,0,0,0,0
El Paso,087-BONHAM ELEMENTARY,"CRIMINAL DISTRICT JUDGE, COURT NO. 1",,DIANE NAVARRETE,DEM,0,0,0,0,0,0,0
El Paso,087-BONHAM ELEMENTARY,"FAMILY DISTRICT JUDGE, 65TH JUDICIAL DISTRICT",,YAHARA L. GUTIERREZ,DEM,0,0,0,0,0,0,0
El Paso,087-BONHAM ELEMENTARY,"DISTRICT ATTORNEY, 34TH JUDICIAL DISTRICT",,JAIME ESPARZA,DEM,0,0,0,0,0,0,0
El Paso,087-BONHAM ELEMENTARY,"JUDGE, COUNTY CRIMINAL COURT NO. 3",,CARLOS CARRASCO,DEM,0,0,0,0,0,0,0
El Paso,087-BONHAM ELEMENTARY,"JUDGE, COUNTY CRIMINAL COURT NO. 4",,JESUS HERRERA,DEM,0,0,0,0,0,0,0
El Paso,087-BONHAM ELEMENTARY,COUNTY ATTORNEY,,JO ANNE BERNAL,DEM,0,0,0,0,0,0,0
El Paso,087-BONHAM ELEMENTARY,SHERIFF,,RICHARD D. WILES,DEM,1,0,0,0,1,1,0
El Paso,087-BONHAM ELEMENTARY,COUNTY TAX ASSESSOR COLLECTOR,,VICTOR A. FLORES,DEM,0,0,0,0,0,0,0
El Paso,087-BONHAM ELEMENTARY,"CONSTABLE, PRECINCT NO. 2",,JEREMIAH HAGGERTY,DEM,0,0,0,0,0,0,0
El Paso,088-ROSS MIDDLE,STRAIGHT PARTY,,REPUBLICAN,REP,36,46,54,2,138,82,56
El Paso,088-ROSS MIDDLE,STRAIGHT PARTY,,DEMOCRAT,DEM,35,20,41,2,98,55,43
El Paso,088-ROSS MIDDLE,STRAIGHT PARTY,,LIBERTARIAN,LIB,2,0,3,0,5,2,3
El Paso,088-ROSS MIDDLE,STRAIGHT PARTY,,GREEN,GRN,0,0,1,0,1,0,1
El Paso,088-ROSS MIDDLE,US PRESIDENT,,MITT ROMNEY,REP,65,76,82,3,226,141,85
El Paso,088-ROSS MIDDLE,US PRESIDENT,,BARACK OBAMA,DEM,54,33,63,3,153,87,66
El Paso,088-ROSS MIDDLE,US PRESIDENT,,GARY JOHNSON,LIB,1,0,5,0,6,1,5
El Paso,088-ROSS MIDDLE,US PRESIDENT,,JILL STEIN,GRN,0,1,2,0,3,1,2
El Paso,088-ROSS MIDDLE,US PRESIDENT,,WRITE-IN,NP,1,1,0,0,2,2,0
El Paso,088-ROSS MIDDLE,US SENATOR,,TED CRUZ,REP,61,79,79,3,222,140,82
El Paso,088-ROSS MIDDLE,US SENATOR,,PAUL SADLER,DEM,50,31,57,3,141,81,60
El Paso,088-ROSS MIDDLE,US SENATOR,,JOHN JAY MYERS,LIB,4,2,8,0,14,6,8
El Paso,088-ROSS MIDDLE,US SENATOR,,DAVID B. COLLINS,GRN,1,0,3,0,4,1,3
El Paso,088-ROSS MIDDLE,US REP DISTRICT 16,,BARBARA CARRASCO,REP,57,76,80,3,216,133,83
El Paso,088-ROSS MIDDLE,US REP DISTRICT 16,,BETO OROURKE,DEM,58,34,61,3,156,92,64
El Paso,088-ROSS MIDDLE,US REP DISTRICT 16,,JUNART SODOY,LIB,3,2,8,0,13,5,8
El Paso,088-ROSS MIDDLE,RAILROAD COMMISSIONER,,CHRISTI CRADDICK,REP,61,67,77,3,208,128,80
El Paso,088-ROSS MIDDLE,RAILROAD COMMISSIONER,,DALE HENRY,DEM,45,28,51,3,127,73,54
El Paso,088-ROSS MIDDLE,RAILROAD COMMISSIONER,,VIVEKANANDA (VIK) WA,LIB,7,4,7,0,18,11,7
El Paso,088-ROSS MIDDLE,RAILROAD COMMISSIONER,,CHRIS KENNEDY,GRN,2,2,11,0,15,4,11
El Paso,088-ROSS MIDDLE,RAILROAD COMMISSIONER,,BARRY SMITHERMAN,REP,64,74,80,4,222,138,84
El Paso,088-ROSS MIDDLE,RAILROAD COMMISSIONER,,JAIME O. PEREZ,LIB,25,12,21,2,60,37,23
El Paso,088-ROSS MIDDLE,RAILROAD COMMISSIONER,,JOSH WENDEL,GRN,7,1,18,0,26,8,18
El Paso,088-ROSS MIDDLE,"JUSTICE, SUPREME COURT, PLACE 2",,DON WILLETT,REP,67,75,85,3,230,142,88
El Paso,088-ROSS MIDDLE,"JUSTICE, SUPREME COURT, PLACE 2",,RS ROBERT KOELSCH,LIB,29,15,34,2,80,44,36
El Paso,088-ROSS MIDDLE,"JUSTICE, SUPREME COURT, PLACE 4",,JOHN DEVINE,REP,61,75,83,4,223,136,87
El Paso,088-ROSS MIDDLE,"JUSTICE, SUPREME COURT, PLACE 4",,TOM OXFORD,LIB,25,13,26,2,66,38,28
El Paso,088-ROSS MIDDLE,"JUSTICE, SUPREME COURT, PLACE 4",,CHARLES E. WATERBURY,GRN,9,1,11,0,21,10,11
El Paso,088-ROSS MIDDLE,"JUSTICE, SUPREME COURT, PLACE 6",,NATHAN HECHT,REP,57,69,75,3,204,126,78
El Paso,088-ROSS MIDDLE,"JUSTICE, SUPREME COURT, PLACE 6",,MICHELE PETTY,DEM,49,29,55,3,136,78,58
El Paso,088-ROSS MIDDLE,"JUSTICE, SUPREME COURT, PLACE 6",,MARK ASH,LIB,10,3,12,0,25,13,12
El Paso,088-ROSS MIDDLE,"JUSTICE, SUPREME COURT, PLACE 6",,JIM CHISHOLM,GRN,0,1,4,0,5,1,4
El Paso,088-ROSS MIDDLE,"PRESIDING JUDGE, COURT OF CRIMINAL APPEALS",,SHARON KELLER,REP,59,68,78,4,209,127,82
El Paso,088-ROSS MIDDLE,"PRESIDING JUDGE, COURT OF CRIMINAL APPEALS",,KEITH HAMPTON,DEM,46,31,56,2,135,77,58
El Paso,088-ROSS MIDDLE,"PRESIDING JUDGE, COURT OF CRIMINAL APPEALS",,LANCE STOTT,LIB,8,3,12,0,23,11,12
El Paso,088-ROSS MIDDLE,"JUDGE, COURT OF CRIMINAL APPEALS, PLACE 7",,BARBARA PARKER HERVE,REP,66,73,83,4,226,139,87
El Paso,088-ROSS MIDDLE,"JUDGE, COURT OF CRIMINAL APPEALS, PLACE 7",,MARK W. BENNETT,LIB,27,16,37,1,81,43,38
El Paso,088-ROSS MIDDLE,"JUDGE, COURT OF CRIMINAL APPEALS, PLACE 8",,ELSA ALCALA,REP,65,70,78,4,217,135,82
El Paso,088-ROSS MIDDLE,"JUDGE, COURT OF CRIMINAL APPEALS, PLACE 8",,WILLIAM BRYAN STRANG,LIB,28,17,38,1,84,45,39
El Paso,088-ROSS MIDDLE,MEMBER STATE BOARD OF EDUCATION DISTRICT 1,,CARLOS CHARLIE GARZA,REP,60,69,77,3,209,129,80
El Paso,088-ROSS MIDDLE,MEMBER STATE BOARD OF EDUCATION DISTRICT 1,,MARTHA M. DOMINGUEZ,DEM,52,30,66,3,151,82,69
El Paso,088-ROSS MIDDLE,STATE SENATOR DISTRICT 29,,DAN CHAVEZ,REP,61,71,82,3,217,132,85
El Paso,088-ROSS MIDDLE,STATE SENATOR DISTRICT 29,,JOSE R. RODRIGUEZ,DEM,52,30,61,3,146,82,64
El Paso,088-ROSS MIDDLE,STATE REPRESENTATIVE DISTRICT 76,,NAOMI R. GONZALEZ,DEM,66,43,78,4,191,109,82
El Paso,088-ROSS MIDDLE,"CHIEF JUSTICE, COURT OF APPEALS 8TH DISTRICT",,ANN CRAWFORD MCCLURE,DEM,64,43,78,4,189,107,82
El Paso,088-ROSS MIDDLE,"JUSTICE, 8TH COURT OF APPEALS DISTRICT, PLACE 2",,CHRIS ANTCLIFF,REP,62,75,78,3,218,137,81
El Paso,088-ROSS MIDDLE,"JUSTICE, 8TH COURT OF APPEALS DISTRICT, PLACE 2",,YVONNE RODRIGUEZ,DEM,50,29,64,3,146,79,67
El Paso,088-ROSS MIDDLE,"JUSTICE, 8TH COURT OF APPEALS DISTRICT, PLACE 3",,GUADALUPE LUPE RIVER,DEM,65,43,80,4,192,108,84
El Paso,088-ROSS MIDDLE,"DISTRICT JUDGE, 34TH JUDICIAL DISTRICT",,BILL MOODY,DEM,65,42,80,4,191,107,84
El Paso,088-ROSS MIDDLE,"DISTRICT JUDGE, 41ST JUDICIAL DISTRICT",,ANNA PEREZ,DEM,64,42,81,4,191,106,85
El Paso,088-ROSS MIDDLE,"DISTRICT JUDGE, 243RD JUDICIAL DISTRICT",,BILLY DON HICKS,REP,63,74,83,3,223,137,86
El Paso,088-ROSS MIDDLE,"DISTRICT JUDGE, 243RD JUDICIAL DISTRICT",,LUIS AGUILAR,DEM,49,29,58,3,139,78,61
El Paso,088-ROSS MIDDLE,"DISTRICT JUDGE, 346TH JUDICIAL DISTRICT",,ANGIE J. BARILL,DEM,65,40,81,4,190,105,85
El Paso,088-ROSS MIDDLE,"DISTRICT JUDGE, 383RD JUDICIAL DISTRICT",,MIKE HERRERA,DEM,65,40,81,4,190,105,85
El Paso,088-ROSS MIDDLE,"DISTRICT JUDGE, 384TH JUDICIAL DISTRICT",,PATRICK M. GARCIA,DEM,65,40,78,4,187,105,82
El Paso,088-ROSS MIDDLE,"DISTRICT JUDGE, 388TH JUDICIAL DISTRICT",,LAURA STRATHMANN,DEM,65,40,78,4,187,105,82
El Paso,088-ROSS MIDDLE,"DISTRICT JUDGE, 409TH JUDICIAL DISTRICT",,SAM MEDRANO JR,DEM,65,40,78,4,187,105,82
El Paso,088-ROSS MIDDLE,"DISTRICT JUDGE, 448TH JUDICIAL DISTRICT",,SERGIO H. ENRIQUEZ,DEM,65,40,78,4,187,105,82
El Paso,088-ROSS MIDDLE,"CRIMINAL DISTRICT JUDGE, COURT NO. 1",,DIANE NAVARRETE,DEM,65,40,78,4,187,105,82
El Paso,088-ROSS MIDDLE,"FAMILY DISTRICT JUDGE, 65TH JUDICIAL DISTRICT",,YAHARA L. GUTIERREZ,DEM,65,40,79,4,188,105,83
El Paso,088-ROSS MIDDLE,"DISTRICT ATTORNEY, 34TH JUDICIAL DISTRICT",,JAIME ESPARZA,DEM,65,40,79,4,188,105,83
El Paso,088-ROSS MIDDLE,"JUDGE, COUNTY CRIMINAL COURT NO. 3",,CARLOS CARRASCO,DEM,65,40,78,4,187,105,82
El Paso,088-ROSS MIDDLE,"JUDGE, COUNTY CRIMINAL COURT NO. 4",,JESUS HERRERA,DEM,66,40,78,4,188,106,82
El Paso,088-ROSS MIDDLE,COUNTY ATTORNEY,,JO ANNE BERNAL,DEM,66,41,79,4,190,107,83
El Paso,088-ROSS MIDDLE,SHERIFF,,RICHARD D. WILES,DEM,67,40,81,4,192,107,85
El Paso,088-ROSS MIDDLE,COUNTY TAX ASSESSOR COLLECTOR,,VICTOR A. FLORES,DEM,65,42,80,4,191,107,84
El Paso,088-ROSS MIDDLE,"CONSTABLE, PRECINCT NO. 2",,JEREMIAH HAGGERTY,DEM,66,40,80,4,190,106,84
El Paso,089-BONHAM ELEMENTARY,"CITY OF EL PASO, PROPOSITION",,FOR (A FAVOR),NP,501,19,473,0,993,520,473
El Paso,089-BONHAM ELEMENTARY,"CITY OF EL PASO, PROPOSITION",,AGAINST (EN CONTRA),NP,152,7,124,0,283,159,124
El Paso,089-BONHAM ELEMENTARY,"CITY OF EL PASO, PROPOSITION",,FOR (A FAVOR),NP,460,21,449,0,930,481,449
El Paso,089-BONHAM ELEMENTARY,"CITY OF EL PASO, PROPOSITION",,AGAINST (EN CONTRA),NP,175,6,144,1,326,181,145
El Paso,089-BONHAM ELEMENTARY,"CITY OF EL PASO, PROPOSITION",,FOR (A FAVOR),NP,376,17,362,0,755,393,362
El Paso,089-BONHAM ELEMENTARY,"CITY OF EL PASO, PROPOSITION",,AGAINST (EN CONTRA),NP,270,10,231,1,512,280,232
El Paso,089-BONHAM ELEMENTARY,STRAIGHT PARTY,,REPUBLICAN,REP,84,9,79,0,172,93,79
El Paso,089-BONHAM ELEMENTARY,STRAIGHT PARTY,,DEMOCRAT,DEM,335,9,325,1,670,344,326
El Paso,089-BONHAM ELEMENTARY,STRAIGHT PARTY,,LIBERTARIAN,LIB,3,0,8,0,11,3,8
El Paso,089-BONHAM ELEMENTARY,STRAIGHT PARTY,,GREEN,GRN,2,0,1,0,3,2,1
El Paso,089-BONHAM ELEMENTARY,US PRESIDENT,,MITT ROMNEY,REP,173,18,136,0,327,191,136
El Paso,089-BONHAM ELEMENTARY,US PRESIDENT,,BARACK OBAMA,DEM,489,13,465,1,968,502,466
El Paso,089-BONHAM ELEMENTARY,US PRESIDENT,,GARY JOHNSON,LIB,2,0,8,0,10,2,8
El Paso,089-BONHAM ELEMENTARY,US PRESIDENT,,JILL STEIN,GRN,2,0,2,0,4,2,2
El Paso,089-BONHAM ELEMENTARY,US PRESIDENT,,WRITE-IN,NP,1,0,1,0,2,1,1
El Paso,089-BONHAM ELEMENTARY,US SENATOR,,TED CRUZ,REP,195,17,145,0,357,212,145
El Paso,089-BONHAM ELEMENTARY,US SENATOR,,PAUL SADLER,DEM,439,14,423,1,877,453,424
El Paso,089-BONHAM ELEMENTARY,US SENATOR,,JOHN JAY MYERS,LIB,13,0,16,0,29,13,16
El Paso,089-BONHAM ELEMENTARY,US SENATOR,,DAVID B. COLLINS,GRN,8,0,6,0,14,8,6
El Paso,089-BONHAM ELEMENTARY,US REP DISTRICT 16,,BARBARA CARRASCO,REP,173,19,158,0,350,192,158
El Paso,089-BONHAM ELEMENTARY,US REP DISTRICT 16,,BETO OROURKE,DEM,473,12,423,1,909,485,424
El Paso,089-BONHAM ELEMENTARY,US REP DISTRICT 16,,JUNART SODOY,LIB,11,0,18,0,29,11,18
El Paso,089-BONHAM ELEMENTARY,RAILROAD COMMISSIONER,,CHRISTI CRADDICK,REP,155,18,124,0,297,173,124
El Paso,089-BONHAM ELEMENTARY,RAILROAD COMMISSIONER,,DALE HENRY,DEM,450,10,407,1,868,460,408
El Paso,089-BONHAM ELEMENTARY,RAILROAD COMMISSIONER,,VIVEKANANDA (VIK) WA,LIB,17,0,20,0,37,17,20
El Paso,089-BONHAM ELEMENTARY,RAILROAD COMMISSIONER,,CHRIS KENNEDY,GRN,16,0,27,0,43,16,27
El Paso,089-BONHAM ELEMENTARY,RAILROAD COMMISSIONER,,BARRY SMITHERMAN,REP,199,18,175,0,392,217,175
El Paso,089-BONHAM ELEMENTARY,RAILROAD COMMISSIONER,,JAIME O. PEREZ,LIB,241,4,231,0,476,245,231
El Paso,089-BONHAM ELEMENTARY,RAILROAD COMMISSIONER,,JOSH WENDEL,GRN,51,1,64,0,116,52,64
El Paso,089-BONHAM ELEMENTARY,"JUSTICE, SUPREME COURT, PLACE 2",,DON WILLETT,REP,254,18,227,0,499,272,227
El Paso,089-BONHAM ELEMENTARY,"JUSTICE, SUPREME COURT, PLACE 2",,RS ROBERT KOELSCH,LIB,227,3,223,0,453,230,223
El Paso,089-BONHAM ELEMENTARY,"JUSTICE, SUPREME COURT, PLACE 4",,JOHN DEVINE,REP,235,19,205,0,459,254,205
El Paso,089-BONHAM ELEMENTARY,"JUSTICE, SUPREME COURT, PLACE 4",,TOM OXFORD,LIB,172,0,185,0,357,172,185
El Paso,089-BONHAM ELEMENTARY,"JUSTICE, SUPREME COURT, PLACE 4",,CHARLES E. WATERBURY,GRN,68,4,71,0,143,72,71
El Paso,089-BONHAM ELEMENTARY,"JUSTICE, SUPREME COURT, PLACE 6",,NATHAN HECHT,REP,143,17,113,0,273,160,113
El Paso,089-BONHAM ELEMENTARY,"JUSTICE, SUPREME COURT, PLACE 6",,MICHELE PETTY,DEM,462,10,419,1,892,472,420
El Paso,089-BONHAM ELEMENTARY,"JUSTICE, SUPREME COURT, PLACE 6",,MARK ASH,LIB,17,0,26,0,43,17,26
El Paso,089-BONHAM ELEMENTARY,"JUSTICE, SUPREME COURT, PLACE 6",,JIM CHISHOLM,GRN,15,0,19,0,34,15,19
El Paso,089-BONHAM ELEMENTARY,"PRESIDING JUDGE, COURT OF CRIMINAL APPEALS",,SHARON KELLER,REP,161,16,135,0,312,177,135
El Paso,089-BONHAM ELEMENTARY,"PRESIDING JUDGE, COURT OF CRIMINAL APPEALS",,KEITH HAMPTON,DEM,455,12,413,1,881,467,414
El Paso,089-BONHAM ELEMENTARY,"PRESIDING JUDGE, COURT OF CRIMINAL APPEALS",,LANCE STOTT,LIB,16,0,31,0,47,16,31
El Paso,089-BONHAM ELEMENTARY,"JUDGE, COURT OF CRIMINAL APPEALS, PLACE 7",,BARBARA PARKER HERVE,REP,260,18,227,0,505,278,227
El Paso,089-BONHAM ELEMENTARY,"JUDGE, COURT OF CRIMINAL APPEALS, PLACE 7",,MARK W. BENNETT,LIB,210,4,230,0,444,214,230
El Paso,089-BONHAM ELEMENTARY,"JUDGE, COURT OF CRIMINAL APPEALS, PLACE 8",,ELSA ALCALA,REP,291,18,254,0,563,309,254
El Paso,089-BONHAM ELEMENTARY,"JUDGE, COURT OF CRIMINAL APPEALS, PLACE 8",,WILLIAM BRYAN STRANG,LIB,178,4,195,0,377,182,195
El Paso,089-BONHAM ELEMENTARY,MEMBER STATE BOARD OF EDUCATION DISTRICT 1,,CARLOS CHARLIE GARZA,REP,168,18,136,0,322,186,136
El Paso,089-BONHAM ELEMENTARY,MEMBER STATE BOARD OF EDUCATION DISTRICT 1,,MARTHA M. DOMINGUEZ,DEM,462,11,442,1,916,473,443
El Paso,089-BONHAM ELEMENTARY,STATE SENATOR DISTRICT 29,,DAN CHAVEZ,REP,151,15,124,0,290,166,124
El Paso,089-BONHAM ELEMENTARY,STATE SENATOR DISTRICT 29,,JOSE R. RODRIGUEZ,DEM,493,13,458,1,965,506,459
El Paso,089-BONHAM ELEMENTARY,STATE REPRESENTATIVE DISTRICT 76,,NAOMI R. GONZALEZ,DEM,519,18,484,1,1022,537,485
El Paso,089-BONHAM ELEMENTARY,"CHIEF JUSTICE, COURT OF APPEALS 8TH DISTRICT",,ANN CRAWFORD MCCLURE,DEM,520,18,479,1,1018,538,480
El Paso,089-BONHAM ELEMENTARY,"JUSTICE, 8TH COURT OF APPEALS DISTRICT, PLACE 2",,CHRIS ANTCLIFF,REP,164,16,125,0,305,180,125
El Paso,089-BONHAM ELEMENTARY,"JUSTICE, 8TH COURT OF APPEALS DISTRICT, PLACE 2",,YVONNE RODRIGUEZ,DEM,473,12,451,1,937,485,452
El Paso,089-BONHAM ELEMENTARY,"JUSTICE, 8TH COURT OF APPEALS DISTRICT, PLACE 3",,GUADALUPE LUPE RIVER,DEM,526,19,487,1,1033,545,488
El Paso,089-BONHAM ELEMENTARY,"DISTRICT JUDGE, 34TH JUDICIAL DISTRICT",,BILL MOODY,DEM,513,21,484,1,1019,534,485
El Paso,089-BONHAM ELEMENTARY,"DISTRICT JUDGE, 41ST JUDICIAL DISTRICT",,ANNA PEREZ,DEM,513,18,485,1,1017,531,486
El Paso,089-BONHAM ELEMENTARY,"DISTRICT JUDGE, 243RD JUDICIAL DISTRICT",,BILLY DON HICKS,REP,182,17,145,0,344,199,145
El Paso,089-BONHAM ELEMENTARY,"DISTRICT JUDGE, 243RD JUDICIAL DISTRICT",,LUIS AGUILAR,DEM,454,11,433,1,899,465,434
El Paso,089-BONHAM ELEMENTARY,"DISTRICT JUDGE, 346TH JUDICIAL DISTRICT",,ANGIE J. BARILL,DEM,517,18,473,1,1009,535,474
El Paso,089-BONHAM ELEMENTARY,"DISTRICT JUDGE, 383RD JUDICIAL DISTRICT",,MIKE HERRERA,DEM,512,17,471,1,1001,529,472
El Paso,089-BONHAM ELEMENTARY,"DISTRICT JUDGE, 384TH JUDICIAL DISTRICT",,PATRICK M. GARCIA,DEM,517,18,470,1,1006,535,471
El Paso,089-BONHAM ELEMENTARY,"DISTRICT JUDGE, 388TH JUDICIAL DISTRICT",,LAURA STRATHMANN,DEM,510,17,471,1,999,527,472
El Paso,089-BONHAM ELEMENTARY,"DISTRICT JUDGE, 409TH JUDICIAL DISTRICT",,SAM MEDRANO JR,DEM,517,17,469,1,1004,534,470
El Paso,089-BONHAM ELEMENTARY,"DISTRICT JUDGE, 448TH JUDICIAL DISTRICT",,SERGIO H. ENRIQUEZ,DEM,507,16,466,1,990,523,467
El Paso,089-BONHAM ELEMENTARY,"CRIMINAL DISTRICT JUDGE, COURT NO. 1",,DIANE NAVARRETE,DEM,512,17,469,1,999,529,470
El Paso,089-BONHAM ELEMENTARY,"FAMILY DISTRICT JUDGE, 65TH JUDICIAL DISTRICT",,YAHARA L. GUTIERREZ,DEM,514,18,466,1,999,532,467
El Paso,089-BONHAM ELEMENTARY,"DISTRICT ATTORNEY, 34TH JUDICIAL DISTRICT",,JAIME ESPARZA,DEM,516,19,474,1,1010,535,475
El Paso,089-BONHAM ELEMENTARY,"JUDGE, COUNTY CRIMINAL COURT NO. 3",,CARLOS CARRASCO,DEM,508,18,472,1,999,526,473
El Paso,089-BONHAM ELEMENTARY,"JUDGE, COUNTY CRIMINAL COURT NO. 4",,JESUS HERRERA,DEM,509,18,468,1,996,527,469
El Paso,089-BONHAM ELEMENTARY,COUNTY ATTORNEY,,JO ANNE BERNAL,DEM,515,20,476,1,1012,535,477
El Paso,089-BONHAM ELEMENTARY,SHERIFF,,RICHARD D. WILES,DEM,532,20,492,1,1045,552,493
El Paso,089-BONHAM ELEMENTARY,COUNTY TAX ASSESSOR COLLECTOR,,VICTOR A. FLORES,DEM,518,22,489,1,1030,540,490
El Paso,089-BONHAM ELEMENTARY,"CONSTABLE, PRECINCT NO. 3",,HECTOR BERNAL,DEM,525,19,480,1,1025,544,481
El Paso,090-FIRE STATION 20,"CITY OF EL PASO, PROPOSITION",,FOR (A FAVOR),NP,336,16,361,0,713,352,361
El Paso,090-FIRE STATION 20,"CITY OF EL PASO, PROPOSITION",,AGAINST (EN CONTRA),NP,174,11,110,0,295,185,110
El Paso,090-FIRE STATION 20,"CITY OF EL PASO, PROPOSITION",,FOR (A FAVOR),NP,327,15,344,0,686,342,344
El Paso,090-FIRE STATION 20,"CITY OF EL PASO, PROPOSITION",,AGAINST (EN CONTRA),NP,180,12,119,0,311,192,119
El Paso,090-FIRE STATION 20,"CITY OF EL PASO, PROPOSITION",,FOR (A FAVOR),NP,294,12,317,0,623,306,317
El Paso,090-FIRE STATION 20,"CITY OF EL PASO, PROPOSITION",,AGAINST (EN CONTRA),NP,209,14,151,0,374,223,151
El Paso,090-FIRE STATION 20,STRAIGHT PARTY,,REPUBLICAN,REP,88,9,81,0,178,97,81
El Paso,090-FIRE STATION 20,STRAIGHT PARTY,,DEMOCRAT,DEM,143,1,161,0,305,144,161
El Paso,090-FIRE STATION 20,STRAIGHT PARTY,,LIBERTARIAN,LIB,3,0,3,0,6,3,3
El Paso,090-FIRE STATION 20,STRAIGHT PARTY,,GREEN,GRN,0,1,0,0,1,1,0
El Paso,090-FIRE STATION 20,US PRESIDENT,,MITT ROMNEY,REP,227,19,170,0,416,246,170
El Paso,090-FIRE STATION 20,US PRESIDENT,,BARACK OBAMA,DEM,291,7,305,0,603,298,305
El Paso,090-FIRE STATION 20,US PRESIDENT,,GARY JOHNSON,LIB,6,1,3,0,10,7,3
El Paso,090-FIRE STATION 20,US PRESIDENT,,JILL STEIN,GRN,3,0,1,0,4,3,1
El Paso,090-FIRE STATION 20,US PRESIDENT,,WRITE-IN,NP,0,0,3,0,3,0,3
El Paso,090-FIRE STATION 20,US SENATOR,,TED CRUZ,REP,232,20,183,0,435,252,183
El Paso,090-FIRE STATION 20,US SENATOR,,PAUL SADLER,DEM,256,6,263,0,525,262,263
El Paso,090-FIRE STATION 20,US SENATOR,,JOHN JAY MYERS,LIB,13,0,11,0,24,13,11
El Paso,090-FIRE STATION 20,US SENATOR,,DAVID B. COLLINS,GRN,2,1,5,0,8,3,5
El Paso,090-FIRE STATION 20,US REP DISTRICT 16,,BARBARA CARRASCO,REP,207,21,166,0,394,228,166
El Paso,090-FIRE STATION 20,US REP DISTRICT 16,,BETO OROURKE,DEM,303,5,300,0,608,308,300
El Paso,090-FIRE STATION 20,US REP DISTRICT 16,,JUNART SODOY,LIB,6,0,6,0,12,6,6
El Paso,090-FIRE STATION 20,RAILROAD COMMISSIONER,,CHRISTI CRADDICK,REP,206,17,159,0,382,223,159
El Paso,090-FIRE STATION 20,RAILROAD COMMISSIONER,,DALE HENRY,DEM,256,5,261,0,522,261,261
El Paso,090-FIRE STATION 20,RAILROAD COMMISSIONER,,VIVEKANANDA (VIK) WA,LIB,16,2,13,0,31,18,13
El Paso,090-FIRE STATION 20,RAILROAD COMMISSIONER,,CHRIS KENNEDY,GRN,21,1,17,0,39,22,17
El Paso,090-FIRE STATION 20,RAILROAD COMMISSIONER,,BARRY SMITHERMAN,REP,232,19,176,0,427,251,176
El Paso,090-FIRE STATION 20,RAILROAD COMMISSIONER,,JAIME O. PEREZ,LIB,143,4,163,0,310,147,163
El Paso,090-FIRE STATION 20,RAILROAD COMMISSIONER,,JOSH WENDEL,GRN,43,1,45,0,89,44,45
El Paso,090-FIRE STATION 20,"JUSTICE, SUPREME COURT, PLACE 2",,DON WILLETT,REP,276,18,229,0,523,294,229
El Paso,090-FIRE STATION 20,"JUSTICE, SUPREME COURT, PLACE 2",,RS ROBERT KOELSCH,LIB,128,7,153,0,288,135,153
El Paso,090-FIRE STATION 20,"JUSTICE, SUPREME COURT, PLACE 4",,JOHN DEVINE,REP,243,20,207,0,470,263,207
El Paso,090-FIRE STATION 20,"JUSTICE, SUPREME COURT, PLACE 4",,TOM OXFORD,LIB,114,5,128,0,247,119,128
El Paso,090-FIRE STATION 20,"JUSTICE, SUPREME COURT, PLACE 4",,CHARLES E. WATERBURY,GRN,51,0,43,0,94,51,43
El Paso,090-FIRE STATION 20,"JUSTICE, SUPREME COURT, PLACE 6",,NATHAN HECHT,REP,189,18,140,0,347,207,140
El Paso,090-FIRE STATION 20,"JUSTICE, SUPREME COURT, PLACE 6",,MICHELE PETTY,DEM,277,6,278,0,561,283,278
El Paso,090-FIRE STATION 20,"JUSTICE, SUPREME COURT, PLACE 6",,MARK ASH,LIB,20,1,19,0,40,21,19
El Paso,090-FIRE STATION 20,"JUSTICE, SUPREME COURT, PLACE 6",,JIM CHISHOLM,GRN,13,1,13,0,27,14,13
El Paso,090-FIRE STATION 20,"PRESIDING JUDGE, COURT OF CRIMINAL APPEALS",,SHARON KELLER,REP,214,19,158,0,391,233,158
El Paso,090-FIRE STATION 20,"PRESIDING JUDGE, COURT OF CRIMINAL APPEALS",,KEITH HAMPTON,DEM,265,6,262,0,533,271,262
El Paso,090-FIRE STATION 20,"PRESIDING JUDGE, COURT OF CRIMINAL APPEALS",,LANCE STOTT,LIB,22,1,25,0,48,23,25
El Paso,090-FIRE STATION 20,"JUDGE, COURT OF CRIMINAL APPEALS, PLACE 7",,BARBARA PARKER HERVE,REP,271,19,229,0,519,290,229
El Paso,090-FIRE STATION 20,"JUDGE, COURT OF CRIMINAL APPEALS, PLACE 7",,MARK W. BENNETT,LIB,142,6,144,0,292,148,144
El Paso,090-FIRE STATION 20,"JUDGE, COURT OF CRIMINAL APPEALS, PLACE 8",,ELSA ALCALA,REP,271,19,237,0,527,290,237
El Paso,090-FIRE STATION 20,"JUDGE, COURT OF CRIMINAL APPEALS, PLACE 8",,WILLIAM BRYAN STRANG,LIB,135,6,142,0,283,141,142
El Paso,090-FIRE STATION 20,MEMBER STATE BOARD OF EDUCATION DISTRICT 1,,CARLOS CHARLIE GARZA,REP,199,18,165,0,382,217,165
El Paso,090-FIRE STATION 20,MEMBER STATE BOARD OF EDUCATION DISTRICT 1,,MARTHA M. DOMINGUEZ,DEM,291,6,294,0,591,297,294
El Paso,090-FIRE STATION 20,STATE SENATOR DISTRICT 29,,DAN CHAVEZ,REP,188,18,159,0,365,206,159
El Paso,090-FIRE STATION 20,STATE SENATOR DISTRICT 29,,JOSE R. RODRIGUEZ,DEM,310,9,302,0,621,319,302
El Paso,090-FIRE STATION 20,STATE REPRESENTATIVE DISTRICT 76,,NAOMI R. GONZALEZ,DEM,345,9,344,0,698,354,344
El Paso,090-FIRE STATION 20,"CHIEF JUSTICE, COURT OF APPEALS 8TH DISTRICT",,ANN CRAWFORD MCCLURE,DEM,331,7,340,0,678,338,340
El Paso,090-FIRE STATION 20,"JUSTICE, 8TH COURT OF APPEALS DISTRICT, PLACE 2",,CHRIS ANTCLIFF,REP,227,20,172,0,419,247,172
El Paso,090-FIRE STATION 20,"JUSTICE, 8TH COURT OF APPEALS DISTRICT, PLACE 2",,YVONNE RODRIGUEZ,DEM,263,5,281,0,549,268,281
El Paso,090-FIRE STATION 20,"JUSTICE, 8TH COURT OF APPEALS DISTRICT, PLACE 3",,GUADALUPE LUPE RIVER,DEM,337,9,342,0,688,346,342
El Paso,090-FIRE STATION 20,"DISTRICT JUDGE, 34TH JUDICIAL DISTRICT",,BILL MOODY,DEM,341,9,350,0,700,350,350
El Paso,090-FIRE STATION 20,"DISTRICT JUDGE, 41ST JUDICIAL DISTRICT",,ANNA PEREZ,DEM,331,10,333,0,674,341,333
El Paso,090-FIRE STATION 20,"DISTRICT JUDGE, 243RD JUDICIAL DISTRICT",,BILLY DON HICKS,REP,226,20,176,0,422,246,176
El Paso,090-FIRE STATION 20,"DISTRICT JUDGE, 243RD JUDICIAL DISTRICT",,LUIS AGUILAR,DEM,270,6,276,0,552,276,276
El Paso,090-FIRE STATION 20,"DISTRICT JUDGE, 346TH JUDICIAL DISTRICT",,ANGIE J. BARILL,DEM,334,8,345,0,687,342,345
El Paso,090-FIRE STATION 20,"DISTRICT JUDGE, 383RD JUDICIAL DISTRICT",,MIKE HERRERA,DEM,331,8,345,0,684,339,345
El Paso,090-FIRE STATION 20,"DISTRICT JUDGE, 384TH JUDICIAL DISTRICT",,PATRICK M. GARCIA,DEM,327,8,343,0,678,335,343
El Paso,090-FIRE STATION 20,"DISTRICT JUDGE, 388TH JUDICIAL DISTRICT",,LAURA STRATHMANN,DEM,333,7,333,0,673,340,333
El Paso,090-FIRE STATION 20,"DISTRICT JUDGE, 409TH JUDICIAL DISTRICT",,SAM MEDRANO JR,DEM,328,9,335,0,672,337,335
El Paso,090-FIRE STATION 20,"DISTRICT JUDGE, 448TH JUDICIAL DISTRICT",,SERGIO H. ENRIQUEZ,DEM,324,8,336,0,668,332,336
El Paso,090-FIRE STATION 20,"CRIMINAL DISTRICT JUDGE, COURT NO. 1",,DIANE NAVARRETE,DEM,329,9,333,0,671,338,333
El Paso,090-FIRE STATION 20,"FAMILY DISTRICT JUDGE, 65TH JUDICIAL DISTRICT",,YAHARA L. GUTIERREZ,DEM,326,8,329,0,663,334,329
El Paso,090-FIRE STATION 20,"DISTRICT ATTORNEY, 34TH JUDICIAL DISTRICT",,JAIME ESPARZA,DEM,338,9,337,0,684,347,337
El Paso,090-FIRE STATION 20,"JUDGE, COUNTY CRIMINAL COURT NO. 3",,CARLOS CARRASCO,DEM,329,8,331,0,668,337,331
El Paso,090-FIRE STATION 20,"JUDGE, COUNTY CRIMINAL COURT NO. 4",,JESUS HERRERA,DEM,326,8,330,0,664,334,330
El Paso,090-FIRE STATION 20,COUNTY ATTORNEY,,JO ANNE BERNAL,DEM,341,10,337,0,688,351,337
El Paso,090-FIRE STATION 20,SHERIFF,,RICHARD D. WILES,DEM,352,9,351,0,712,361,351
El Paso,090-FIRE STATION 20,COUNTY TAX ASSESSOR COLLECTOR,,VICTOR A. FLORES,DEM,341,12,342,0,695,353,342
El Paso,090-FIRE STATION 20,"COUNTY COMMISSIONER, PRECINCT NO. 1",,BILL LENDERMAN,REP,184,19,151,0,354,203,151
El Paso,090-FIRE STATION 20,"COUNTY COMMISSIONER, PRECINCT NO. 1",,CARLOS LEON,DEM,314,6,309,0,629,320,309
El Paso,090-FIRE STATION 20,"CONSTABLE, PRECINCT NO. 3",,HECTOR BERNAL,DEM,331,9,331,0,671,340,331
El Paso,091-MAC ARTHUR ELEMENTARY,"CITY OF EL PASO, PROPOSITION",,FOR (A FAVOR),NP,173,5,161,0,339,178,161
El Paso,091-MAC ARTHUR ELEMENTARY,"CITY OF EL PASO, PROPOSITION",,AGAINST (EN CONTRA),NP,92,5,53,0,150,97,53
El Paso,091-MAC ARTHUR ELEMENTARY,"CITY OF EL PASO, PROPOSITION",,FOR (A FAVOR),NP,173,6,145,0,324,179,145
El Paso,091-MAC ARTHUR ELEMENTARY,"CITY OF EL PASO, PROPOSITION",,AGAINST (EN CONTRA),NP,88,4,63,0,155,92,63
El Paso,091-MAC ARTHUR ELEMENTARY,"CITY OF EL PASO, PROPOSITION",,FOR (A FAVOR),NP,130,4,142,0,276,134,142
El Paso,091-MAC ARTHUR ELEMENTARY,"CITY OF EL PASO, PROPOSITION",,AGAINST (EN CONTRA),NP,128,6,74,0,208,134,74
El Paso,091-MAC ARTHUR ELEMENTARY,STRAIGHT PARTY,,REPUBLICAN,REP,27,3,25,0,55,30,25
El Paso,091-MAC ARTHUR ELEMENTARY,STRAIGHT PARTY,,DEMOCRAT,DEM,112,4,76,0,192,116,76
El Paso,091-MAC ARTHUR ELEMENTARY,STRAIGHT PARTY,,LIBERTARIAN,LIB,1,0,1,0,2,1,1
El Paso,091-MAC ARTHUR ELEMENTARY,STRAIGHT PARTY,,GREEN,GRN,1,0,2,0,3,1,2
El Paso,091-MAC ARTHUR ELEMENTARY,US PRESIDENT,,MITT ROMNEY,REP,70,6,72,0,148,76,72
El Paso,091-MAC ARTHUR ELEMENTARY,US PRESIDENT,,BARACK OBAMA,DEM,197,5,140,0,342,202,140
El Paso,091-MAC ARTHUR ELEMENTARY,US PRESIDENT,,GARY JOHNSON,LIB,3,0,2,0,5,3,2
El Paso,091-MAC ARTHUR ELEMENTARY,US PRESIDENT,,JILL STEIN,GRN,1,0,2,0,3,1,2
El Paso,091-MAC ARTHUR ELEMENTARY,US PRESIDENT,,WRITE-IN,NP,1,0,1,0,2,1,1
El Paso,091-MAC ARTHUR ELEMENTARY,US SENATOR,,TED CRUZ,REP,79,6,78,0,163,85,78
El Paso,091-MAC ARTHUR ELEMENTARY,US SENATOR,,PAUL SADLER,DEM,172,5,123,0,300,177,123
El Paso,091-MAC ARTHUR ELEMENTARY,US SENATOR,,JOHN JAY MYERS,LIB,5,0,5,0,10,5,5
El Paso,091-MAC ARTHUR ELEMENTARY,US SENATOR,,DAVID B. COLLINS,GRN,7,0,3,0,10,7,3
El Paso,091-MAC ARTHUR ELEMENTARY,US REP DISTRICT 16,,BARBARA CARRASCO,REP,66,4,70,0,140,70,70
El Paso,091-MAC ARTHUR ELEMENTARY,US REP DISTRICT 16,,BETO OROURKE,DEM,195,7,138,0,340,202,138
El Paso,091-MAC ARTHUR ELEMENTARY,US REP DISTRICT 16,,JUNART SODOY,LIB,2,0,5,0,7,2,5
El Paso,091-MAC ARTHUR ELEMENTARY,RAILROAD COMMISSIONER,,CHRISTI CRADDICK,REP,64,5,67,0,136,69,67
El Paso,091-MAC ARTHUR ELEMENTARY,RAILROAD COMMISSIONER,,DALE HENRY,DEM,173,5,117,0,295,178,117
El Paso,091-MAC ARTHUR ELEMENTARY,RAILROAD COMMISSIONER,,VIVEKANANDA (VIK) WA,LIB,7,0,5,0,12,7,5
El Paso,091-MAC ARTHUR ELEMENTARY,RAILROAD COMMISSIONER,,CHRIS KENNEDY,GRN,11,0,7,0,18,11,7
El Paso,091-MAC ARTHUR ELEMENTARY,RAILROAD COMMISSIONER,,BARRY SMITHERMAN,REP,78,5,75,0,158,83,75
El Paso,091-MAC ARTHUR ELEMENTARY,RAILROAD COMMISSIONER,,JAIME O. PEREZ,LIB,92,3,65,0,160,95,65
El Paso,091-MAC ARTHUR ELEMENTARY,RAILROAD COMMISSIONER,,JOSH WENDEL,GRN,25,0,20,0,45,25,20
El Paso,091-MAC ARTHUR ELEMENTARY,"JUSTICE, SUPREME COURT, PLACE 2",,DON WILLETT,REP,94,6,99,0,199,100,99
El Paso,091-MAC ARTHUR ELEMENTARY,"JUSTICE, SUPREME COURT, PLACE 2",,RS ROBERT KOELSCH,LIB,92,1,52,0,145,93,52
El Paso,091-MAC ARTHUR ELEMENTARY,"JUSTICE, SUPREME COURT, PLACE 4",,JOHN DEVINE,REP,89,6,89,0,184,95,89
El Paso,091-MAC ARTHUR ELEMENTARY,"JUSTICE, SUPREME COURT, PLACE 4",,TOM OXFORD,LIB,68,3,44,0,115,71,44
El Paso,091-MAC ARTHUR ELEMENTARY,"JUSTICE, SUPREME COURT, PLACE 4",,CHARLES E. WATERBURY,GRN,32,0,25,0,57,32,25
El Paso,091-MAC ARTHUR ELEMENTARY,"JUSTICE, SUPREME COURT, PLACE 6",,NATHAN HECHT,REP,55,4,53,0,112,59,53
El Paso,091-MAC ARTHUR ELEMENTARY,"JUSTICE, SUPREME COURT, PLACE 6",,MICHELE PETTY,DEM,184,5,129,0,318,189,129
El Paso,091-MAC ARTHUR ELEMENTARY,"JUSTICE, SUPREME COURT, PLACE 6",,MARK ASH,LIB,8,2,6,0,16,10,6
El Paso,091-MAC ARTHUR ELEMENTARY,"JUSTICE, SUPREME COURT, PLACE 6",,JIM CHISHOLM,GRN,7,0,10,0,17,7,10
El Paso,091-MAC ARTHUR ELEMENTARY,"PRESIDING JUDGE, COURT OF CRIMINAL APPEALS",,SHARON KELLER,REP,69,5,66,0,140,74,66
El Paso,091-MAC ARTHUR ELEMENTARY,"PRESIDING JUDGE, COURT OF CRIMINAL APPEALS",,KEITH HAMPTON,DEM,178,4,120,0,302,182,120
El Paso,091-MAC ARTHUR ELEMENTARY,"PRESIDING JUDGE, COURT OF CRIMINAL APPEALS",,LANCE STOTT,LIB,7,1,5,0,13,8,5
El Paso,091-MAC ARTHUR ELEMENTARY,"JUDGE, COURT OF CRIMINAL APPEALS, PLACE 7",,BARBARA PARKER HERVE,REP,106,6,94,0,206,112,94
El Paso,091-MAC ARTHUR ELEMENTARY,"JUDGE, COURT OF CRIMINAL APPEALS, PLACE 7",,MARK W. BENNETT,LIB,84,2,58,0,144,86,58
El Paso,091-MAC ARTHUR ELEMENTARY,"JUDGE, COURT OF CRIMINAL APPEALS, PLACE 8",,ELSA ALCALA,REP,117,6,101,0,224,123,101
El Paso,091-MAC ARTHUR ELEMENTARY,"JUDGE, COURT OF CRIMINAL APPEALS, PLACE 8",,WILLIAM BRYAN STRANG,LIB,75,2,53,0,130,77,53
El Paso,091-MAC ARTHUR ELEMENTARY,MEMBER STATE BOARD OF EDUCATION DISTRICT 1,,CARLOS CHARLIE GARZA,REP,70,5,68,0,143,75,68
El Paso,091-MAC ARTHUR ELEMENTARY,MEMBER STATE BOARD OF EDUCATION DISTRICT 1,,MARTHA M. DOMINGUEZ,DEM,184,5,130,0,319,189,130
El Paso,091-MAC ARTHUR ELEMENTARY,STATE SENATOR DISTRICT 29,,DAN CHAVEZ,REP,55,6,69,0,130,61,69
El Paso,091-MAC ARTHUR ELEMENTARY,STATE SENATOR DISTRICT 29,,JOSE R. RODRIGUEZ,DEM,201,5,136,0,342,206,136
El Paso,091-MAC ARTHUR ELEMENTARY,STATE REPRESENTATIVE DISTRICT 76,,NAOMI R. GONZALEZ,DEM,209,6,151,0,366,215,151
El Paso,091-MAC ARTHUR ELEMENTARY,"CHIEF JUSTICE, COURT OF APPEALS 8TH DISTRICT",,ANN CRAWFORD MCCLURE,DEM,211,6,143,0,360,217,143
El Paso,091-MAC ARTHUR ELEMENTARY,"JUSTICE, 8TH COURT OF APPEALS DISTRICT, PLACE 2",,CHRIS ANTCLIFF,REP,75,6,62,0,143,81,62
El Paso,091-MAC ARTHUR ELEMENTARY,"JUSTICE, 8TH COURT OF APPEALS DISTRICT, PLACE 2",,YVONNE RODRIGUEZ,DEM,179,5,136,0,320,184,136
El Paso,091-MAC ARTHUR ELEMENTARY,"JUSTICE, 8TH COURT OF APPEALS DISTRICT, PLACE 3",,GUADALUPE LUPE RIVER,DEM,208,6,152,0,366,214,152
El Paso,091-MAC ARTHUR ELEMENTARY,"DISTRICT JUDGE, 34TH JUDICIAL DISTRICT",,BILL MOODY,DEM,215,6,150,0,371,221,150
El Paso,091-MAC ARTHUR ELEMENTARY,"DISTRICT JUDGE, 41ST JUDICIAL DISTRICT",,ANNA PEREZ,DEM,206,6,153,0,365,212,153
El Paso,091-MAC ARTHUR ELEMENTARY,"DISTRICT JUDGE, 243RD JUDICIAL DISTRICT",,BILLY DON HICKS,REP,76,7,67,0,150,83,67
El Paso,091-MAC ARTHUR ELEMENTARY,"DISTRICT JUDGE, 243RD JUDICIAL DISTRICT",,LUIS AGUILAR,DEM,179,4,134,0,317,183,134
El Paso,091-MAC ARTHUR ELEMENTARY,"DISTRICT JUDGE, 346TH JUDICIAL DISTRICT",,ANGIE J. BARILL,DEM,205,6,146,0,357,211,146
El Paso,091-MAC ARTHUR ELEMENTARY,"DISTRICT JUDGE, 383RD JUDICIAL DISTRICT",,MIKE HERRERA,DEM,205,6,146,0,357,211,146
El Paso,091-MAC ARTHUR ELEMENTARY,"DISTRICT JUDGE, 384TH JUDICIAL DISTRICT",,PATRICK M. GARCIA,DEM,206,6,146,0,358,212,146
El Paso,091-MAC ARTHUR ELEMENTARY,"DISTRICT JUDGE, 388TH JUDICIAL DISTRICT",,LAURA STRATHMANN,DEM,209,6,147,0,362,215,147
El Paso,091-MAC ARTHUR ELEMENTARY,"DISTRICT JUDGE, 409TH JUDICIAL DISTRICT",,SAM MEDRANO JR,DEM,210,6,146,0,362,216,146
El Paso,091-MAC ARTHUR ELEMENTARY,"DISTRICT JUDGE, 448TH JUDICIAL DISTRICT",,SERGIO H. ENRIQUEZ,DEM,207,6,143,0,356,213,143
El Paso,091-MAC ARTHUR ELEMENTARY,"CRIMINAL DISTRICT JUDGE, COURT NO. 1",,DIANE NAVARRETE,DEM,207,6,147,0,360,213,147
El Paso,091-MAC ARTHUR ELEMENTARY,"FAMILY DISTRICT JUDGE, 65TH JUDICIAL DISTRICT",,YAHARA L. GUTIERREZ,DEM,211,6,145,0,362,217,145
El Paso,091-MAC ARTHUR ELEMENTARY,"DISTRICT ATTORNEY, 34TH JUDICIAL DISTRICT",,JAIME ESPARZA,DEM,208,6,147,0,361,214,147
El Paso,091-MAC ARTHUR ELEMENTARY,"JUDGE, COUNTY CRIMINAL COURT NO. 3",,CARLOS CARRASCO,DEM,208,6,148,0,362,214,148
El Paso,091-MAC ARTHUR ELEMENTARY,"JUDGE, COUNTY CRIMINAL COURT NO. 4",,JESUS HERRERA,DEM,207,6,142,0,355,213,142
El Paso,091-MAC ARTHUR ELEMENTARY,COUNTY ATTORNEY,,JO ANNE BERNAL,DEM,209,6,147,0,362,215,147
El Paso,091-MAC ARTHUR ELEMENTARY,SHERIFF,,RICHARD D. WILES,DEM,213,6,159,0,378,219,159
El Paso,091-MAC ARTHUR ELEMENTARY,COUNTY TAX ASSESSOR COLLECTOR,,VICTOR A. FLORES,DEM,204,6,147,0,357,210,147
El Paso,091-MAC ARTHUR ELEMENTARY,"COUNTY COMMISSIONER, PRECINCT NO. 1",,BILL LENDERMAN,REP,57,3,59,0,119,60,59
El Paso,091-MAC ARTHUR ELEMENTARY,"COUNTY COMMISSIONER, PRECINCT NO. 1",,CARLOS LEON,DEM,195,7,145,0,347,202,145
El Paso,091-MAC ARTHUR ELEMENTARY,"CONSTABLE, PRECINCT NO. 3",,HECTOR BERNAL,DEM,208,6,141,0,355,214,141
El Paso,092-CIELO VISTA PARK ELEMENTARY,"CITY OF EL PASO, PROPOSITION",,FOR (A FAVOR),NP,572,27,456,0,1055,599,456
El Paso,092-CIELO VISTA PARK ELEMENTARY,"CITY OF EL PASO, PROPOSITION",,AGAINST (EN CONTRA),NP,290,19,193,0,502,309,193
El Paso,092-CIELO VISTA PARK ELEMENTARY,"CITY OF EL PASO, PROPOSITION",,FOR (A FAVOR),NP,529,27,433,0,989,556,433
El Paso,092-CIELO VISTA PARK ELEMENTARY,"CITY OF EL PASO, PROPOSITION",,AGAINST (EN CONTRA),NP,318,19,208,0,545,337,208
El Paso,092-CIELO VISTA PARK ELEMENTARY,"CITY OF EL PASO, PROPOSITION",,FOR (A FAVOR),NP,482,23,395,0,900,505,395
El Paso,092-CIELO VISTA PARK ELEMENTARY,"CITY OF EL PASO, PROPOSITION",,AGAINST (EN CONTRA),NP,368,18,244,0,630,386,244
El Paso,092-CIELO VISTA PARK ELEMENTARY,STRAIGHT PARTY,,REPUBLICAN,REP,164,16,134,0,314,180,134
El Paso,092-CIELO VISTA PARK ELEMENTARY,STRAIGHT PARTY,,DEMOCRAT,DEM,238,11,209,0,458,249,209
El Paso,092-CIELO VISTA PARK ELEMENTARY,STRAIGHT PARTY,,LIBERTARIAN,LIB,2,1,3,0,6,3,3
El Paso,092-CIELO VISTA PARK ELEMENTARY,STRAIGHT PARTY,,GREEN,GRN,2,0,2,0,4,2,2
El Paso,092-CIELO VISTA PARK ELEMENTARY,US PRESIDENT,,MITT ROMNEY,REP,391,26,263,0,680,417,263
El Paso,092-CIELO VISTA PARK ELEMENTARY,US PRESIDENT,,BARACK OBAMA,DEM,475,24,377,0,876,499,377
El Paso,092-CIELO VISTA PARK ELEMENTARY,US PRESIDENT,,GARY JOHNSON,LIB,4,0,12,0,16,4,12
El Paso,092-CIELO VISTA PARK ELEMENTARY,US PRESIDENT,,JILL STEIN,GRN,1,0,3,0,4,1,3
El Paso,092-CIELO VISTA PARK ELEMENTARY,US PRESIDENT,,WRITE-IN,NP,1,1,3,0,5,2,3
El Paso,092-CIELO VISTA PARK ELEMENTARY,US SENATOR,,TED CRUZ,REP,393,25,285,0,703,418,285
El Paso,092-CIELO VISTA PARK ELEMENTARY,US SENATOR,,PAUL SADLER,DEM,439,23,319,0,781,462,319
El Paso,092-CIELO VISTA PARK ELEMENTARY,US SENATOR,,JOHN JAY MYERS,LIB,9,0,12,0,21,9,12
El Paso,092-CIELO VISTA PARK ELEMENTARY,US SENATOR,,DAVID B. COLLINS,GRN,9,0,12,0,21,9,12
El Paso,092-CIELO VISTA PARK ELEMENTARY,US REP DISTRICT 16,,BARBARA CARRASCO,REP,359,23,262,0,644,382,262
El Paso,092-CIELO VISTA PARK ELEMENTARY,US REP DISTRICT 16,,BETO OROURKE,DEM,492,25,376,0,893,517,376
El Paso,092-CIELO VISTA PARK ELEMENTARY,US REP DISTRICT 16,,JUNART SODOY,LIB,10,0,7,0,17,10,7
El Paso,092-CIELO VISTA PARK ELEMENTARY,RAILROAD COMMISSIONER,,CHRISTI CRADDICK,REP,355,26,243,0,624,381,243
El Paso,092-CIELO VISTA PARK ELEMENTARY,RAILROAD COMMISSIONER,,DALE HENRY,DEM,423,19,317,0,759,442,317
El Paso,092-CIELO VISTA PARK ELEMENTARY,RAILROAD COMMISSIONER,,VIVEKANANDA (VIK) WA,LIB,23,0,13,0,36,23,13
El Paso,092-CIELO VISTA PARK ELEMENTARY,RAILROAD COMMISSIONER,,CHRIS KENNEDY,GRN,26,0,26,0,52,26,26
El Paso,092-CIELO VISTA PARK ELEMENTARY,RAILROAD COMMISSIONER,,BARRY SMITHERMAN,REP,406,28,282,0,716,434,282
El Paso,092-CIELO VISTA PARK ELEMENTARY,RAILROAD COMMISSIONER,,JAIME O. PEREZ,LIB,235,5,179,0,419,240,179
El Paso,092-CIELO VISTA PARK ELEMENTARY,RAILROAD COMMISSIONER,,JOSH WENDEL,GRN,74,4,51,0,129,78,51
El Paso,092-CIELO VISTA PARK ELEMENTARY,"JUSTICE, SUPREME COURT, PLACE 2",,DON WILLETT,REP,480,29,340,0,849,509,340
El Paso,092-CIELO VISTA PARK ELEMENTARY,"JUSTICE, SUPREME COURT, PLACE 2",,RS ROBERT KOELSCH,LIB,218,8,165,0,391,226,165
El Paso,092-CIELO VISTA PARK ELEMENTARY,"JUSTICE, SUPREME COURT, PLACE 4",,JOHN DEVINE,REP,434,27,318,0,779,461,318
El Paso,092-CIELO VISTA PARK ELEMENTARY,"JUSTICE, SUPREME COURT, PLACE 4",,TOM OXFORD,LIB,178,7,128,0,313,185,128
El Paso,092-CIELO VISTA PARK ELEMENTARY,"JUSTICE, SUPREME COURT, PLACE 4",,CHARLES E. WATERBURY,GRN,83,2,63,0,148,85,63
El Paso,092-CIELO VISTA PARK ELEMENTARY,"JUSTICE, SUPREME COURT, PLACE 6",,NATHAN HECHT,REP,330,23,224,0,577,353,224
El Paso,092-CIELO VISTA PARK ELEMENTARY,"JUSTICE, SUPREME COURT, PLACE 6",,MICHELE PETTY,DEM,448,23,345,0,816,471,345
El Paso,092-CIELO VISTA PARK ELEMENTARY,"JUSTICE, SUPREME COURT, PLACE 6",,MARK ASH,LIB,18,1,23,0,42,19,23
El Paso,092-CIELO VISTA PARK ELEMENTARY,"JUSTICE, SUPREME COURT, PLACE 6",,JIM CHISHOLM,GRN,23,0,20,0,43,23,20
El Paso,092-CIELO VISTA PARK ELEMENTARY,"PRESIDING JUDGE, COURT OF CRIMINAL APPEALS",,SHARON KELLER,REP,370,26,253,0,649,396,253
El Paso,092-CIELO VISTA PARK ELEMENTARY,"PRESIDING JUDGE, COURT OF CRIMINAL APPEALS",,KEITH HAMPTON,DEM,412,20,323,0,755,432,323
El Paso,092-CIELO VISTA PARK ELEMENTARY,"PRESIDING JUDGE, COURT OF CRIMINAL APPEALS",,LANCE STOTT,LIB,32,0,27,0,59,32,27
El Paso,092-CIELO VISTA PARK ELEMENTARY,"JUDGE, COURT OF CRIMINAL APPEALS, PLACE 7",,BARBARA PARKER HERVE,REP,479,30,340,0,849,509,340
El Paso,092-CIELO VISTA PARK ELEMENTARY,"JUDGE, COURT OF CRIMINAL APPEALS, PLACE 7",,MARK W. BENNETT,LIB,212,7,163,0,382,219,163
El Paso,092-CIELO VISTA PARK ELEMENTARY,"JUDGE, COURT OF CRIMINAL APPEALS, PLACE 8",,ELSA ALCALA,REP,496,30,345,0,871,526,345
El Paso,092-CIELO VISTA PARK ELEMENTARY,"JUDGE, COURT OF CRIMINAL APPEALS, PLACE 8",,WILLIAM BRYAN STRANG,LIB,196,6,156,0,358,202,156
El Paso,092-CIELO VISTA PARK ELEMENTARY,MEMBER STATE BOARD OF EDUCATION DISTRICT 1,,CARLOS CHARLIE GARZA,REP,368,27,247,0,642,395,247
El Paso,092-CIELO VISTA PARK ELEMENTARY,MEMBER STATE BOARD OF EDUCATION DISTRICT 1,,MARTHA M. DOMINGUEZ,DEM,459,19,360,0,838,478,360
El Paso,092-CIELO VISTA PARK ELEMENTARY,STATE SENATOR DISTRICT 29,,DAN CHAVEZ,REP,336,27,247,0,610,363,247
El Paso,092-CIELO VISTA PARK ELEMENTARY,STATE SENATOR DISTRICT 29,,JOSE R. RODRIGUEZ,DEM,502,20,380,0,902,522,380
El Paso,092-CIELO VISTA PARK ELEMENTARY,STATE REPRESENTATIVE DISTRICT 76,,NAOMI R. GONZALEZ,DEM,573,23,434,0,1030,596,434
El Paso,092-CIELO VISTA PARK ELEMENTARY,"CHIEF JUSTICE, COURT OF APPEALS 8TH DISTRICT",,ANN CRAWFORD MCCLURE,DEM,560,24,421,0,1005,584,421
El Paso,092-CIELO VISTA PARK ELEMENTARY,"JUSTICE, 8TH COURT OF APPEALS DISTRICT, PLACE 2",,CHRIS ANTCLIFF,REP,390,26,257,0,673,416,257
El Paso,092-CIELO VISTA PARK ELEMENTARY,"JUSTICE, 8TH COURT OF APPEALS DISTRICT, PLACE 2",,YVONNE RODRIGUEZ,DEM,436,20,351,0,807,456,351
El Paso,092-CIELO VISTA PARK ELEMENTARY,"JUSTICE, 8TH COURT OF APPEALS DISTRICT, PLACE 3",,GUADALUPE LUPE RIVER,DEM,555,26,421,0,1002,581,421
El Paso,092-CIELO VISTA PARK ELEMENTARY,"DISTRICT JUDGE, 34TH JUDICIAL DISTRICT",,BILL MOODY,DEM,558,24,429,0,1011,582,429
El Paso,092-CIELO VISTA PARK ELEMENTARY,"DISTRICT JUDGE, 41ST JUDICIAL DISTRICT",,ANNA PEREZ,DEM,552,21,413,0,986,573,413
El Paso,092-CIELO VISTA PARK ELEMENTARY,"DISTRICT JUDGE, 243RD JUDICIAL DISTRICT",,BILLY DON HICKS,REP,409,31,273,0,713,440,273
El Paso,092-CIELO VISTA PARK ELEMENTARY,"DISTRICT JUDGE, 243RD JUDICIAL DISTRICT",,LUIS AGUILAR,DEM,420,16,345,0,781,436,345
El Paso,092-CIELO VISTA PARK ELEMENTARY,"DISTRICT JUDGE, 346TH JUDICIAL DISTRICT",,ANGIE J. BARILL,DEM,558,22,407,0,987,580,407
El Paso,092-CIELO VISTA PARK ELEMENTARY,"DISTRICT JUDGE, 383RD JUDICIAL DISTRICT",,MIKE HERRERA,DEM,561,22,418,0,1001,583,418
El Paso,092-CIELO VISTA PARK ELEMENTARY,"DISTRICT JUDGE, 384TH JUDICIAL DISTRICT",,PATRICK M. GARCIA,DEM,559,22,408,0,989,581,408
El Paso,092-CIELO VISTA PARK ELEMENTARY,"DISTRICT JUDGE, 388TH JUDICIAL DISTRICT",,LAURA STRATHMANN,DEM,552,22,409,0,983,574,409
El Paso,092-CIELO VISTA PARK ELEMENTARY,"DISTRICT JUDGE, 409TH JUDICIAL DISTRICT",,SAM MEDRANO JR,DEM,560,20,418,0,998,580,418
El Paso,092-CIELO VISTA PARK ELEMENTARY,"DISTRICT JUDGE, 448TH JUDICIAL DISTRICT",,SERGIO H. ENRIQUEZ,DEM,558,20,406,0,984,578,406
El Paso,092-CIELO VISTA PARK ELEMENTARY,"CRIMINAL DISTRICT JUDGE, COURT NO. 1",,DIANE NAVARRETE,DEM,561,21,406,0,988,582,406
El Paso,092-CIELO VISTA PARK ELEMENTARY,"FAMILY DISTRICT JUDGE, 65TH JUDICIAL DISTRICT",,YAHARA L. GUTIERREZ,DEM,553,20,406,0,979,573,406
El Paso,092-CIELO VISTA PARK ELEMENTARY,"DISTRICT ATTORNEY, 34TH JUDICIAL DISTRICT",,JAIME ESPARZA,DEM,555,22,422,0,999,577,422
El Paso,092-CIELO VISTA PARK ELEMENTARY,"JUDGE, COUNTY CRIMINAL COURT NO. 3",,CARLOS CARRASCO,DEM,551,20,402,0,973,571,402
El Paso,092-CIELO VISTA PARK ELEMENTARY,"JUDGE, COUNTY CRIMINAL COURT NO. 4",,JESUS HERRERA,DEM,552,20,401,0,973,572,401
El Paso,092-CIELO VISTA PARK ELEMENTARY,COUNTY ATTORNEY,,JO ANNE BERNAL,DEM,561,21,415,0,997,582,415
El Paso,092-CIELO VISTA PARK ELEMENTARY,SHERIFF,,RICHARD D. WILES,DEM,581,26,432,0,1039,607,432
El Paso,092-CIELO VISTA PARK ELEMENTARY,COUNTY TAX ASSESSOR COLLECTOR,,VICTOR A. FLORES,DEM,570,27,416,0,1013,597,416
El Paso,092-CIELO VISTA PARK ELEMENTARY,"COUNTY COMMISSIONER, PRECINCT NO. 1",,BILL LENDERMAN,REP,322,25,226,0,573,347,226
El Paso,092-CIELO VISTA PARK ELEMENTARY,"COUNTY COMMISSIONER, PRECINCT NO. 1",,CARLOS LEON,DEM,508,21,394,0,923,529,394
El Paso,092-CIELO VISTA PARK ELEMENTARY,"CONSTABLE, PRECINCT NO. 3",,HECTOR BERNAL,DEM,557,22,404,0,983,579,404
El Paso,093-SCOTSDALE ELEMENTARY,"CITY OF EL PASO, PROPOSITION",,FOR (A FAVOR),NP,249,8,305,2,564,257,307
El Paso,093-SCOTSDALE ELEMENTARY,"CITY OF EL PASO, PROPOSITION",,AGAINST (EN CONTRA),NP,115,8,94,0,217,123,94
El Paso,093-SCOTSDALE ELEMENTARY,"CITY OF EL PASO, PROPOSITION",,FOR (A FAVOR),NP,233,7,274,2,516,240,276
El Paso,093-SCOTSDALE ELEMENTARY,"CITY OF EL PASO, PROPOSITION",,AGAINST (EN CONTRA),NP,118,8,117,0,243,126,117
El Paso,093-SCOTSDALE ELEMENTARY,"CITY OF EL PASO, PROPOSITION",,FOR (A FAVOR),NP,194,7,253,2,456,201,255
El Paso,093-SCOTSDALE ELEMENTARY,"CITY OF EL PASO, PROPOSITION",,AGAINST (EN CONTRA),NP,158,7,138,0,303,165,138
El Paso,093-SCOTSDALE ELEMENTARY,STRAIGHT PARTY,,REPUBLICAN,REP,63,8,49,0,120,71,49
El Paso,093-SCOTSDALE ELEMENTARY,STRAIGHT PARTY,,DEMOCRAT,DEM,127,3,173,1,304,130,174
El Paso,093-SCOTSDALE ELEMENTARY,STRAIGHT PARTY,,LIBERTARIAN,LIB,2,0,3,0,5,2,3
El Paso,093-SCOTSDALE ELEMENTARY,STRAIGHT PARTY,,GREEN,GRN,0,0,0,0,0,0,0
El Paso,093-SCOTSDALE ELEMENTARY,US PRESIDENT,,MITT ROMNEY,REP,150,11,145,0,306,161,145
El Paso,093-SCOTSDALE ELEMENTARY,US PRESIDENT,,BARACK OBAMA,DEM,226,6,254,2,488,232,256
El Paso,093-SCOTSDALE ELEMENTARY,US PRESIDENT,,GARY JOHNSON,LIB,2,0,4,0,6,2,4
El Paso,093-SCOTSDALE ELEMENTARY,US PRESIDENT,,JILL STEIN,GRN,0,0,1,0,1,0,1
El Paso,093-SCOTSDALE ELEMENTARY,US PRESIDENT,,WRITE-IN,NP,1,0,2,0,3,1,2
El Paso,093-SCOTSDALE ELEMENTARY,US SENATOR,,TED CRUZ,REP,159,10,132,0,301,169,132
El Paso,093-SCOTSDALE ELEMENTARY,US SENATOR,,PAUL SADLER,DEM,199,7,242,2,450,206,244
El Paso,093-SCOTSDALE ELEMENTARY,US SENATOR,,JOHN JAY MYERS,LIB,6,0,14,0,20,6,14
El Paso,093-SCOTSDALE ELEMENTARY,US SENATOR,,DAVID B. COLLINS,GRN,6,0,5,0,11,6,5
El Paso,093-SCOTSDALE ELEMENTARY,US REP DISTRICT 16,,BARBARA CARRASCO,REP,136,9,125,1,271,145,126
El Paso,093-SCOTSDALE ELEMENTARY,US REP DISTRICT 16,,BETO OROURKE,DEM,227,8,266,1,502,235,267
El Paso,093-SCOTSDALE ELEMENTARY,US REP DISTRICT 16,,JUNART SODOY,LIB,7,0,8,0,15,7,8
El Paso,093-SCOTSDALE ELEMENTARY,RAILROAD COMMISSIONER,,CHRISTI CRADDICK,REP,126,11,119,0,256,137,119
El Paso,093-SCOTSDALE ELEMENTARY,RAILROAD COMMISSIONER,,DALE HENRY,DEM,197,4,237,2,440,201,239
El Paso,093-SCOTSDALE ELEMENTARY,RAILROAD COMMISSIONER,,VIVEKANANDA (VIK) WA,LIB,10,0,9,0,19,10,9
El Paso,093-SCOTSDALE ELEMENTARY,RAILROAD COMMISSIONER,,CHRIS KENNEDY,GRN,20,1,17,0,38,21,17
El Paso,093-SCOTSDALE ELEMENTARY,RAILROAD COMMISSIONER,,BARRY SMITHERMAN,REP,154,11,149,1,315,165,150
El Paso,093-SCOTSDALE ELEMENTARY,RAILROAD COMMISSIONER,,JAIME O. PEREZ,LIB,113,1,145,1,260,114,146
El Paso,093-SCOTSDALE ELEMENTARY,RAILROAD COMMISSIONER,,JOSH WENDEL,GRN,26,2,27,0,55,28,27
El Paso,093-SCOTSDALE ELEMENTARY,"JUSTICE, SUPREME COURT, PLACE 2",,DON WILLETT,REP,190,13,185,1,389,203,186
El Paso,093-SCOTSDALE ELEMENTARY,"JUSTICE, SUPREME COURT, PLACE 2",,RS ROBERT KOELSCH,LIB,93,1,127,1,222,94,128
El Paso,093-SCOTSDALE ELEMENTARY,"JUSTICE, SUPREME COURT, PLACE 4",,JOHN DEVINE,REP,168,11,162,1,342,179,163
El Paso,093-SCOTSDALE ELEMENTARY,"JUSTICE, SUPREME COURT, PLACE 4",,TOM OXFORD,LIB,77,1,103,1,182,78,104
El Paso,093-SCOTSDALE ELEMENTARY,"JUSTICE, SUPREME COURT, PLACE 4",,CHARLES E. WATERBURY,GRN,35,2,48,0,85,37,48
El Paso,093-SCOTSDALE ELEMENTARY,"JUSTICE, SUPREME COURT, PLACE 6",,NATHAN HECHT,REP,120,8,105,0,233,128,105
El Paso,093-SCOTSDALE ELEMENTARY,"JUSTICE, SUPREME COURT, PLACE 6",,MICHELE PETTY,DEM,211,8,246,2,467,219,248
El Paso,093-SCOTSDALE ELEMENTARY,"JUSTICE, SUPREME COURT, PLACE 6",,MARK ASH,LIB,7,0,14,0,21,7,14
El Paso,093-SCOTSDALE ELEMENTARY,"JUSTICE, SUPREME COURT, PLACE 6",,JIM CHISHOLM,GRN,19,1,13,0,33,20,13
El Paso,093-SCOTSDALE ELEMENTARY,"PRESIDING JUDGE, COURT OF CRIMINAL APPEALS",,SHARON KELLER,REP,139,11,122,0,272,150,122
El Paso,093-SCOTSDALE ELEMENTARY,"PRESIDING JUDGE, COURT OF CRIMINAL APPEALS",,KEITH HAMPTON,DEM,205,6,236,2,449,211,238
El Paso,093-SCOTSDALE ELEMENTARY,"PRESIDING JUDGE, COURT OF CRIMINAL APPEALS",,LANCE STOTT,LIB,13,0,15,0,28,13,15
El Paso,093-SCOTSDALE ELEMENTARY,"JUDGE, COURT OF CRIMINAL APPEALS, PLACE 7",,BARBARA PARKER HERVE,REP,195,13,177,1,386,208,178
El Paso,093-SCOTSDALE ELEMENTARY,"JUDGE, COURT OF CRIMINAL APPEALS, PLACE 7",,MARK W. BENNETT,LIB,88,1,129,1,219,89,130
El Paso,093-SCOTSDALE ELEMENTARY,"JUDGE, COURT OF CRIMINAL APPEALS, PLACE 8",,ELSA ALCALA,REP,184,12,188,1,385,196,189
El Paso,093-SCOTSDALE ELEMENTARY,"JUDGE, COURT OF CRIMINAL APPEALS, PLACE 8",,WILLIAM BRYAN STRANG,LIB,94,2,115,1,212,96,116
El Paso,093-SCOTSDALE ELEMENTARY,MEMBER STATE BOARD OF EDUCATION DISTRICT 1,,CARLOS CHARLIE GARZA,REP,142,10,112,0,264,152,112
El Paso,093-SCOTSDALE ELEMENTARY,MEMBER STATE BOARD OF EDUCATION DISTRICT 1,,MARTHA M. DOMINGUEZ,DEM,215,6,273,2,496,221,275
El Paso,093-SCOTSDALE ELEMENTARY,STATE SENATOR DISTRICT 29,,DAN CHAVEZ,REP,139,10,119,0,268,149,119
El Paso,093-SCOTSDALE ELEMENTARY,STATE SENATOR DISTRICT 29,,JOSE R. RODRIGUEZ,DEM,229,7,271,2,509,236,273
El Paso,093-SCOTSDALE ELEMENTARY,STATE REPRESENTATIVE DISTRICT 79,,JOE C. PICKETT,DEM,288,9,323,2,622,297,325
El Paso,093-SCOTSDALE ELEMENTARY,"CHIEF JUSTICE, COURT OF APPEALS 8TH DISTRICT",,ANN CRAWFORD MCCLURE,DEM,263,9,308,2,582,272,310
El Paso,093-SCOTSDALE ELEMENTARY,"JUSTICE, 8TH COURT OF APPEALS DISTRICT, PLACE 2",,CHRIS ANTCLIFF,REP,146,11,114,0,271,157,114
El Paso,093-SCOTSDALE ELEMENTARY,"JUSTICE, 8TH COURT OF APPEALS DISTRICT, PLACE 2",,YVONNE RODRIGUEZ,DEM,212,6,265,2,485,218,267
El Paso,093-SCOTSDALE ELEMENTARY,"JUSTICE, 8TH COURT OF APPEALS DISTRICT, PLACE 3",,GUADALUPE LUPE RIVER,DEM,260,9,314,2,585,269,316
El Paso,093-SCOTSDALE ELEMENTARY,"DISTRICT JUDGE, 34TH JUDICIAL DISTRICT",,BILL MOODY,DEM,263,9,306,2,580,272,308
El Paso,093-SCOTSDALE ELEMENTARY,"DISTRICT JUDGE, 41ST JUDICIAL DISTRICT",,ANNA PEREZ,DEM,261,9,310,2,582,270,312
El Paso,093-SCOTSDALE ELEMENTARY,"DISTRICT JUDGE, 243RD JUDICIAL DISTRICT",,BILLY DON HICKS,REP,166,12,121,0,299,178,121
El Paso,093-SCOTSDALE ELEMENTARY,"DISTRICT JUDGE, 243RD JUDICIAL DISTRICT",,LUIS AGUILAR,DEM,197,5,252,2,456,202,254
El Paso,093-SCOTSDALE ELEMENTARY,"DISTRICT JUDGE, 346TH JUDICIAL DISTRICT",,ANGIE J. BARILL,DEM,257,8,302,2,569,265,304
El Paso,093-SCOTSDALE ELEMENTARY,"DISTRICT JUDGE, 383RD JUDICIAL DISTRICT",,MIKE HERRERA,DEM,253,9,302,2,566,262,304
El Paso,093-SCOTSDALE ELEMENTARY,"DISTRICT JUDGE, 384TH JUDICIAL DISTRICT",,PATRICK M. GARCIA,DEM,255,9,302,2,568,264,304
El Paso,093-SCOTSDALE ELEMENTARY,"DISTRICT JUDGE, 388TH JUDICIAL DISTRICT",,LAURA STRATHMANN,DEM,251,9,302,2,564,260,304
El Paso,093-SCOTSDALE ELEMENTARY,"DISTRICT JUDGE, 409TH JUDICIAL DISTRICT",,SAM MEDRANO JR,DEM,254,8,300,2,564,262,302
El Paso,093-SCOTSDALE ELEMENTARY,"DISTRICT JUDGE, 448TH JUDICIAL DISTRICT",,SERGIO H. ENRIQUEZ,DEM,246,8,301,2,557,254,303
El Paso,093-SCOTSDALE ELEMENTARY,"CRIMINAL DISTRICT JUDGE, COURT NO. 1",,DIANE NAVARRETE,DEM,252,8,300,2,562,260,302
El Paso,093-SCOTSDALE ELEMENTARY,"FAMILY DISTRICT JUDGE, 65TH JUDICIAL DISTRICT",,YAHARA L. GUTIERREZ,DEM,250,8,303,2,563,258,305
El Paso,093-SCOTSDALE ELEMENTARY,"DISTRICT ATTORNEY, 34TH JUDICIAL DISTRICT",,JAIME ESPARZA,DEM,259,9,303,2,573,268,305
El Paso,093-SCOTSDALE ELEMENTARY,"JUDGE, COUNTY CRIMINAL COURT NO. 3",,CARLOS CARRASCO,DEM,251,8,301,2,562,259,303
El Paso,093-SCOTSDALE ELEMENTARY,"JUDGE, COUNTY CRIMINAL COURT NO. 4",,JESUS HERRERA,DEM,246,8,302,2,558,254,304
El Paso,093-SCOTSDALE ELEMENTARY,COUNTY ATTORNEY,,JO ANNE BERNAL,DEM,253,8,303,2,566,261,305
El Paso,093-SCOTSDALE ELEMENTARY,SHERIFF,,RICHARD D. WILES,DEM,264,9,310,2,585,273,312
El Paso,093-SCOTSDALE ELEMENTARY,COUNTY TAX ASSESSOR COLLECTOR,,VICTOR A. FLORES,DEM,256,10,306,2,574,266,308
El Paso,093-SCOTSDALE ELEMENTARY,"COUNTY COMMISSIONER, PRECINCT NO. 1",,BILL LENDERMAN,REP,123,10,99,0,232,133,99
El Paso,093-SCOTSDALE ELEMENTARY,"COUNTY COMMISSIONER, PRECINCT NO. 1",,CARLOS LEON,DEM,236,7,282,2,527,243,284
El Paso,093-SCOTSDALE ELEMENTARY,"CONSTABLE, PRECINCT NO. 4",,LUIS LOUIE AGUILAR,DEM,248,8,297,2,555,256,299
El Paso,094-EDGEMERE ELEMENTARY,"CITY OF EL PASO, PROPOSITION",,FOR (A FAVOR),NP,437,26,446,2,911,463,448
El Paso,094-EDGEMERE ELEMENTARY,"CITY OF EL PASO, PROPOSITION",,AGAINST (EN CONTRA),NP,203,8,141,0,352,211,141
El Paso,094-EDGEMERE ELEMENTARY,"CITY OF EL PASO, PROPOSITION",,FOR (A FAVOR),NP,408,18,421,2,849,426,423
El Paso,094-EDGEMERE ELEMENTARY,"CITY OF EL PASO, PROPOSITION",,AGAINST (EN CONTRA),NP,217,16,153,0,386,233,153
El Paso,094-EDGEMERE ELEMENTARY,"CITY OF EL PASO, PROPOSITION",,FOR (A FAVOR),NP,340,16,374,1,731,356,375
El Paso,094-EDGEMERE ELEMENTARY,"CITY OF EL PASO, PROPOSITION",,AGAINST (EN CONTRA),NP,288,15,202,0,505,303,202
El Paso,094-EDGEMERE ELEMENTARY,STRAIGHT PARTY,,REPUBLICAN,REP,113,5,94,1,213,118,95
El Paso,094-EDGEMERE ELEMENTARY,STRAIGHT PARTY,,DEMOCRAT,DEM,239,3,264,1,507,242,265
El Paso,094-EDGEMERE ELEMENTARY,STRAIGHT PARTY,,LIBERTARIAN,LIB,4,2,4,0,10,6,4
El Paso,094-EDGEMERE ELEMENTARY,STRAIGHT PARTY,,GREEN,GRN,1,0,6,0,7,1,6
El Paso,094-EDGEMERE ELEMENTARY,US PRESIDENT,,MITT ROMNEY,REP,242,19,192,1,454,261,193
El Paso,094-EDGEMERE ELEMENTARY,US PRESIDENT,,BARACK OBAMA,DEM,402,13,388,1,804,415,389
El Paso,094-EDGEMERE ELEMENTARY,US PRESIDENT,,GARY JOHNSON,LIB,10,2,6,0,18,12,6
El Paso,094-EDGEMERE ELEMENTARY,US PRESIDENT,,JILL STEIN,GRN,2,0,3,0,5,2,3
El Paso,094-EDGEMERE ELEMENTARY,US PRESIDENT,,WRITE-IN,NP,1,0,1,0,2,1,1
El Paso,094-EDGEMERE ELEMENTARY,US SENATOR,,TED CRUZ,REP,253,22,201,1,477,275,202
El Paso,094-EDGEMERE ELEMENTARY,US SENATOR,,PAUL SADLER,DEM,371,11,359,1,742,382,360
El Paso,094-EDGEMERE ELEMENTARY,US SENATOR,,JOHN JAY MYERS,LIB,12,0,8,0,20,12,8
El Paso,094-EDGEMERE ELEMENTARY,US SENATOR,,DAVID B. COLLINS,GRN,7,1,9,0,17,8,9
El Paso,094-EDGEMERE ELEMENTARY,US REP DISTRICT 16,,BARBARA CARRASCO,REP,239,19,199,1,458,258,200
El Paso,094-EDGEMERE ELEMENTARY,US REP DISTRICT 16,,BETO OROURKE,DEM,393,12,373,1,779,405,374
El Paso,094-EDGEMERE ELEMENTARY,US REP DISTRICT 16,,JUNART SODOY,LIB,11,3,12,0,26,14,12
El Paso,094-EDGEMERE ELEMENTARY,RAILROAD COMMISSIONER,,CHRISTI CRADDICK,REP,229,18,167,1,415,247,168
El Paso,094-EDGEMERE ELEMENTARY,RAILROAD COMMISSIONER,,DALE HENRY,DEM,363,11,358,1,733,374,359
El Paso,094-EDGEMERE ELEMENTARY,RAILROAD COMMISSIONER,,VIVEKANANDA (VIK) WA,LIB,11,2,14,0,27,13,14
El Paso,094-EDGEMERE ELEMENTARY,RAILROAD COMMISSIONER,,CHRIS KENNEDY,GRN,21,1,18,0,40,22,18
El Paso,094-EDGEMERE ELEMENTARY,RAILROAD COMMISSIONER,,BARRY SMITHERMAN,REP,248,21,192,1,462,269,193
El Paso,094-EDGEMERE ELEMENTARY,RAILROAD COMMISSIONER,,JAIME O. PEREZ,LIB,214,3,217,1,435,217,218
El Paso,094-EDGEMERE ELEMENTARY,RAILROAD COMMISSIONER,,JOSH WENDEL,GRN,58,3,39,0,100,61,39
El Paso,094-EDGEMERE ELEMENTARY,"JUSTICE, SUPREME COURT, PLACE 2",,DON WILLETT,REP,320,22,268,1,611,342,269
El Paso,094-EDGEMERE ELEMENTARY,"JUSTICE, SUPREME COURT, PLACE 2",,RS ROBERT KOELSCH,LIB,177,4,177,0,358,181,177
El Paso,094-EDGEMERE ELEMENTARY,"JUSTICE, SUPREME COURT, PLACE 4",,JOHN DEVINE,REP,284,22,244,1,551,306,245
El Paso,094-EDGEMERE ELEMENTARY,"JUSTICE, SUPREME COURT, PLACE 4",,TOM OXFORD,LIB,148,4,142,0,294,152,142
El Paso,094-EDGEMERE ELEMENTARY,"JUSTICE, SUPREME COURT, PLACE 4",,CHARLES E. WATERBURY,GRN,66,1,59,0,126,67,59
El Paso,094-EDGEMERE ELEMENTARY,"JUSTICE, SUPREME COURT, PLACE 6",,NATHAN HECHT,REP,206,19,164,1,390,225,165
El Paso,094-EDGEMERE ELEMENTARY,"JUSTICE, SUPREME COURT, PLACE 6",,MICHELE PETTY,DEM,374,10,379,1,764,384,380
El Paso,094-EDGEMERE ELEMENTARY,"JUSTICE, SUPREME COURT, PLACE 6",,MARK ASH,LIB,20,2,15,0,37,22,15
El Paso,094-EDGEMERE ELEMENTARY,"JUSTICE, SUPREME COURT, PLACE 6",,JIM CHISHOLM,GRN,16,0,9,0,25,16,9
El Paso,094-EDGEMERE ELEMENTARY,"PRESIDING JUDGE, COURT OF CRIMINAL APPEALS",,SHARON KELLER,REP,231,20,182,1,434,251,183
El Paso,094-EDGEMERE ELEMENTARY,"PRESIDING JUDGE, COURT OF CRIMINAL APPEALS",,KEITH HAMPTON,DEM,359,8,359,1,727,367,360
El Paso,094-EDGEMERE ELEMENTARY,"PRESIDING JUDGE, COURT OF CRIMINAL APPEALS",,LANCE STOTT,LIB,22,2,21,0,45,24,21
El Paso,094-EDGEMERE ELEMENTARY,"JUDGE, COURT OF CRIMINAL APPEALS, PLACE 7",,BARBARA PARKER HERVE,REP,303,22,276,1,602,325,277
El Paso,094-EDGEMERE ELEMENTARY,"JUDGE, COURT OF CRIMINAL APPEALS, PLACE 7",,MARK W. BENNETT,LIB,195,5,166,0,366,200,166
El Paso,094-EDGEMERE ELEMENTARY,"JUDGE, COURT OF CRIMINAL APPEALS, PLACE 8",,ELSA ALCALA,REP,320,24,294,1,639,344,295
El Paso,094-EDGEMERE ELEMENTARY,"JUDGE, COURT OF CRIMINAL APPEALS, PLACE 8",,WILLIAM BRYAN STRANG,LIB,171,4,155,0,330,175,155
El Paso,094-EDGEMERE ELEMENTARY,MEMBER STATE BOARD OF EDUCATION DISTRICT 1,,CARLOS CHARLIE GARZA,REP,235,18,174,1,428,253,175
El Paso,094-EDGEMERE ELEMENTARY,MEMBER STATE BOARD OF EDUCATION DISTRICT 1,,MARTHA M. DOMINGUEZ,DEM,387,12,394,1,794,399,395
El Paso,094-EDGEMERE ELEMENTARY,STATE SENATOR DISTRICT 29,,DAN CHAVEZ,REP,222,20,159,1,402,242,160
El Paso,094-EDGEMERE ELEMENTARY,STATE SENATOR DISTRICT 29,,JOSE R. RODRIGUEZ,DEM,405,10,407,1,823,415,408
El Paso,094-EDGEMERE ELEMENTARY,STATE REPRESENTATIVE DISTRICT 79,,JOE C. PICKETT,DEM,505,21,463,1,990,526,464
El Paso,094-EDGEMERE ELEMENTARY,"CHIEF JUSTICE, COURT OF APPEALS 8TH DISTRICT",,ANN CRAWFORD MCCLURE,DEM,466,13,448,1,928,479,449
El Paso,094-EDGEMERE ELEMENTARY,"JUSTICE, 8TH COURT OF APPEALS DISTRICT, PLACE 2",,CHRIS ANTCLIFF,REP,236,20,160,1,417,256,161
El Paso,094-EDGEMERE ELEMENTARY,"JUSTICE, 8TH COURT OF APPEALS DISTRICT, PLACE 2",,YVONNE RODRIGUEZ,DEM,385,10,403,1,799,395,404
El Paso,094-EDGEMERE ELEMENTARY,"JUSTICE, 8TH COURT OF APPEALS DISTRICT, PLACE 3",,GUADALUPE LUPE RIVER,DEM,462,14,447,1,924,476,448
El Paso,094-EDGEMERE ELEMENTARY,"DISTRICT JUDGE, 34TH JUDICIAL DISTRICT",,BILL MOODY,DEM,469,17,446,1,933,486,447
El Paso,094-EDGEMERE ELEMENTARY,"DISTRICT JUDGE, 41ST JUDICIAL DISTRICT",,ANNA PEREZ,DEM,452,13,443,1,909,465,444
El Paso,094-EDGEMERE ELEMENTARY,"DISTRICT JUDGE, 243RD JUDICIAL DISTRICT",,BILLY DON HICKS,REP,260,23,184,1,468,283,185
El Paso,094-EDGEMERE ELEMENTARY,"DISTRICT JUDGE, 243RD JUDICIAL DISTRICT",,LUIS AGUILAR,DEM,367,7,380,1,755,374,381
El Paso,094-EDGEMERE ELEMENTARY,"DISTRICT JUDGE, 346TH JUDICIAL DISTRICT",,ANGIE J. BARILL,DEM,459,15,439,1,914,474,440
El Paso,094-EDGEMERE ELEMENTARY,"DISTRICT JUDGE, 383RD JUDICIAL DISTRICT",,MIKE HERRERA,DEM,454,12,448,1,915,466,449
El Paso,094-EDGEMERE ELEMENTARY,"DISTRICT JUDGE, 384TH JUDICIAL DISTRICT",,PATRICK M. GARCIA,DEM,457,13,438,1,909,470,439
El Paso,094-EDGEMERE ELEMENTARY,"DISTRICT JUDGE, 388TH JUDICIAL DISTRICT",,LAURA STRATHMANN,DEM,452,12,441,1,906,464,442
El Paso,094-EDGEMERE ELEMENTARY,"DISTRICT JUDGE, 409TH JUDICIAL DISTRICT",,SAM MEDRANO JR,DEM,450,16,441,1,908,466,442
El Paso,094-EDGEMERE ELEMENTARY,"DISTRICT JUDGE, 448TH JUDICIAL DISTRICT",,SERGIO H. ENRIQUEZ,DEM,450,12,439,1,902,462,440
El Paso,094-EDGEMERE ELEMENTARY,"CRIMINAL DISTRICT JUDGE, COURT NO. 1",,DIANE NAVARRETE,DEM,449,13,436,1,899,462,437
El Paso,094-EDGEMERE ELEMENTARY,"FAMILY DISTRICT JUDGE, 65TH JUDICIAL DISTRICT",,YAHARA L. GUTIERREZ,DEM,447,13,441,1,902,460,442
El Paso,094-EDGEMERE ELEMENTARY,"DISTRICT ATTORNEY, 34TH JUDICIAL DISTRICT",,JAIME ESPARZA,DEM,468,13,445,1,927,481,446
El Paso,094-EDGEMERE ELEMENTARY,"JUDGE, COUNTY CRIMINAL COURT NO. 3",,CARLOS CARRASCO,DEM,448,16,435,1,900,464,436
El Paso,094-EDGEMERE ELEMENTARY,"JUDGE, COUNTY CRIMINAL COURT NO. 4",,JESUS HERRERA,DEM,444,13,439,1,897,457,440
El Paso,094-EDGEMERE ELEMENTARY,COUNTY ATTORNEY,,JO ANNE BERNAL,DEM,456,16,439,1,912,472,440
El Paso,094-EDGEMERE ELEMENTARY,SHERIFF,,RICHARD D. WILES,DEM,470,17,451,1,939,487,452
El Paso,094-EDGEMERE ELEMENTARY,COUNTY TAX ASSESSOR COLLECTOR,,VICTOR A. FLORES,DEM,464,19,440,1,924,483,441
El Paso,094-EDGEMERE ELEMENTARY,"COUNTY COMMISSIONER, PRECINCT NO. 1",,BILL LENDERMAN,REP,216,20,159,1,396,236,160
El Paso,094-EDGEMERE ELEMENTARY,"COUNTY COMMISSIONER, PRECINCT NO. 1",,CARLOS LEON,DEM,408,10,404,1,823,418,405
El Paso,094-EDGEMERE ELEMENTARY,"CONSTABLE, PRECINCT NO. 4",,LUIS LOUIE AGUILAR,DEM,446,14,435,1,896,460,436
El Paso,095-GARY DEL PALACIO REC CTR,"CITY OF EL PASO, PROPOSITION",,FOR (A FAVOR),NP,486,18,438,0,942,504,438
El Paso,095-GARY DEL PALACIO REC CTR,"CITY OF EL PASO, PROPOSITION",,AGAINST (EN CONTRA),NP,232,11,138,0,381,243,138
El Paso,095-GARY DEL PALACIO REC CTR,"CITY OF EL PASO, PROPOSITION",,FOR (A FAVOR),NP,456,14,412,0,882,470,412
El Paso,095-GARY DEL PALACIO REC CTR,"CITY OF EL PASO, PROPOSITION",,AGAINST (EN CONTRA),NP,238,14,152,0,404,252,152
El Paso,095-GARY DEL PALACIO REC CTR,"CITY OF EL PASO, PROPOSITION",,FOR (A FAVOR),NP,388,14,357,0,759,402,357
El Paso,095-GARY DEL PALACIO REC CTR,"CITY OF EL PASO, PROPOSITION",,AGAINST (EN CONTRA),NP,315,14,206,0,535,329,206
El Paso,095-GARY DEL PALACIO REC CTR,STRAIGHT PARTY,,REPUBLICAN,REP,132,14,86,0,232,146,86
El Paso,095-GARY DEL PALACIO REC CTR,STRAIGHT PARTY,,DEMOCRAT,DEM,244,4,234,0,482,248,234
El Paso,095-GARY DEL PALACIO REC CTR,STRAIGHT PARTY,,LIBERTARIAN,LIB,3,0,3,0,6,3,3
El Paso,095-GARY DEL PALACIO REC CTR,STRAIGHT PARTY,,GREEN,GRN,1,0,6,0,7,1,6
El Paso,095-GARY DEL PALACIO REC CTR,US PRESIDENT,,MITT ROMNEY,REP,327,22,171,0,520,349,171
El Paso,095-GARY DEL PALACIO REC CTR,US PRESIDENT,,BARACK OBAMA,DEM,404,9,392,0,805,413,392
El Paso,095-GARY DEL PALACIO REC CTR,US PRESIDENT,,GARY JOHNSON,LIB,3,0,8,0,11,3,8
El Paso,095-GARY DEL PALACIO REC CTR,US PRESIDENT,,JILL STEIN,GRN,3,0,6,0,9,3,6
El Paso,095-GARY DEL PALACIO REC CTR,US PRESIDENT,,WRITE-IN,NP,0,0,0,0,0,0,0
El Paso,095-GARY DEL PALACIO REC CTR,US SENATOR,,TED CRUZ,REP,313,23,198,0,534,336,198
El Paso,095-GARY DEL PALACIO REC CTR,US SENATOR,,PAUL SADLER,DEM,391,9,348,0,748,400,348
El Paso,095-GARY DEL PALACIO REC CTR,US SENATOR,,JOHN JAY MYERS,LIB,13,0,10,0,23,13,10
El Paso,095-GARY DEL PALACIO REC CTR,US SENATOR,,DAVID B. COLLINS,GRN,4,0,11,0,15,4,11
El Paso,095-GARY DEL PALACIO REC CTR,US REP DISTRICT 16,,BARBARA CARRASCO,REP,286,22,196,0,504,308,196
El Paso,095-GARY DEL PALACIO REC CTR,US REP DISTRICT 16,,BETO OROURKE,DEM,433,10,352,0,795,443,352
El Paso,095-GARY DEL PALACIO REC CTR,US REP DISTRICT 16,,JUNART SODOY,LIB,10,0,18,0,28,10,18
El Paso,095-GARY DEL PALACIO REC CTR,RAILROAD COMMISSIONER,,CHRISTI CRADDICK,REP,285,21,159,0,465,306,159
El Paso,095-GARY DEL PALACIO REC CTR,RAILROAD COMMISSIONER,,DALE HENRY,DEM,365,7,341,0,713,372,341
El Paso,095-GARY DEL PALACIO REC CTR,RAILROAD COMMISSIONER,,VIVEKANANDA (VIK) WA,LIB,16,2,20,0,38,18,20
El Paso,095-GARY DEL PALACIO REC CTR,RAILROAD COMMISSIONER,,CHRIS KENNEDY,GRN,29,1,32,0,62,30,32
El Paso,095-GARY DEL PALACIO REC CTR,RAILROAD COMMISSIONER,,BARRY SMITHERMAN,REP,306,23,206,0,535,329,206
El Paso,095-GARY DEL PALACIO REC CTR,RAILROAD COMMISSIONER,,JAIME O. PEREZ,LIB,215,4,202,0,421,219,202
El Paso,095-GARY DEL PALACIO REC CTR,RAILROAD COMMISSIONER,,JOSH WENDEL,GRN,62,0,60,0,122,62,60
El Paso,095-GARY DEL PALACIO REC CTR,"JUSTICE, SUPREME COURT, PLACE 2",,DON WILLETT,REP,347,25,271,0,643,372,271
El Paso,095-GARY DEL PALACIO REC CTR,"JUSTICE, SUPREME COURT, PLACE 2",,RS ROBERT KOELSCH,LIB,208,2,182,0,392,210,182
El Paso,095-GARY DEL PALACIO REC CTR,"JUSTICE, SUPREME COURT, PLACE 4",,JOHN DEVINE,REP,332,24,239,0,595,356,239
El Paso,095-GARY DEL PALACIO REC CTR,"JUSTICE, SUPREME COURT, PLACE 4",,TOM OXFORD,LIB,157,3,143,0,303,160,143
El Paso,095-GARY DEL PALACIO REC CTR,"JUSTICE, SUPREME COURT, PLACE 4",,CHARLES E. WATERBURY,GRN,73,0,72,0,145,73,72
El Paso,095-GARY DEL PALACIO REC CTR,"JUSTICE, SUPREME COURT, PLACE 6",,NATHAN HECHT,REP,266,22,139,0,427,288,139
El Paso,095-GARY DEL PALACIO REC CTR,"JUSTICE, SUPREME COURT, PLACE 6",,MICHELE PETTY,DEM,394,7,361,0,762,401,361
El Paso,095-GARY DEL PALACIO REC CTR,"JUSTICE, SUPREME COURT, PLACE 6",,MARK ASH,LIB,19,2,25,0,46,21,25
El Paso,095-GARY DEL PALACIO REC CTR,"JUSTICE, SUPREME COURT, PLACE 6",,JIM CHISHOLM,GRN,13,0,22,0,35,13,22
El Paso,095-GARY DEL PALACIO REC CTR,"PRESIDING JUDGE, COURT OF CRIMINAL APPEALS",,SHARON KELLER,REP,282,20,183,0,485,302,183
El Paso,095-GARY DEL PALACIO REC CTR,"PRESIDING JUDGE, COURT OF CRIMINAL APPEALS",,KEITH HAMPTON,DEM,383,8,348,0,739,391,348
El Paso,095-GARY DEL PALACIO REC CTR,"PRESIDING JUDGE, COURT OF CRIMINAL APPEALS",,LANCE STOTT,LIB,24,2,19,0,45,26,19
El Paso,095-GARY DEL PALACIO REC CTR,"JUDGE, COURT OF CRIMINAL APPEALS, PLACE 7",,BARBARA PARKER HERVE,REP,358,22,267,0,647,380,267
El Paso,095-GARY DEL PALACIO REC CTR,"JUDGE, COURT OF CRIMINAL APPEALS, PLACE 7",,MARK W. BENNETT,LIB,204,5,184,0,393,209,184
El Paso,095-GARY DEL PALACIO REC CTR,"JUDGE, COURT OF CRIMINAL APPEALS, PLACE 8",,ELSA ALCALA,REP,371,21,282,0,674,392,282
El Paso,095-GARY DEL PALACIO REC CTR,"JUDGE, COURT OF CRIMINAL APPEALS, PLACE 8",,WILLIAM BRYAN STRANG,LIB,195,6,169,0,370,201,169
El Paso,095-GARY DEL PALACIO REC CTR,MEMBER STATE BOARD OF EDUCATION DISTRICT 1,,CARLOS CHARLIE GARZA,REP,298,23,185,0,506,321,185
El Paso,095-GARY DEL PALACIO REC CTR,MEMBER STATE BOARD OF EDUCATION DISTRICT 1,,MARTHA M. DOMINGUEZ,DEM,397,9,366,0,772,406,366
El Paso,095-GARY DEL PALACIO REC CTR,STATE SENATOR DISTRICT 29,,DAN CHAVEZ,REP,270,23,168,0,461,293,168
El Paso,095-GARY DEL PALACIO REC CTR,STATE SENATOR DISTRICT 29,,JOSE R. RODRIGUEZ,DEM,437,7,386,0,830,444,386
El Paso,095-GARY DEL PALACIO REC CTR,STATE REPRESENTATIVE DISTRICT 79,,JOE C. PICKETT,DEM,551,16,453,0,1020,567,453
El Paso,095-GARY DEL PALACIO REC CTR,"CHIEF JUSTICE, COURT OF APPEALS 8TH DISTRICT",,ANN CRAWFORD MCCLURE,DEM,486,14,427,0,927,500,427
El Paso,095-GARY DEL PALACIO REC CTR,"JUSTICE, 8TH COURT OF APPEALS DISTRICT, PLACE 2",,CHRIS ANTCLIFF,REP,295,25,170,0,490,320,170
El Paso,095-GARY DEL PALACIO REC CTR,"JUSTICE, 8TH COURT OF APPEALS DISTRICT, PLACE 2",,YVONNE RODRIGUEZ,DEM,397,6,375,0,778,403,375
El Paso,095-GARY DEL PALACIO REC CTR,"JUSTICE, 8TH COURT OF APPEALS DISTRICT, PLACE 3",,GUADALUPE LUPE RIVER,DEM,493,14,419,0,926,507,419
El Paso,095-GARY DEL PALACIO REC CTR,"DISTRICT JUDGE, 34TH JUDICIAL DISTRICT",,BILL MOODY,DEM,499,14,431,0,944,513,431
El Paso,095-GARY DEL PALACIO REC CTR,"DISTRICT JUDGE, 41ST JUDICIAL DISTRICT",,ANNA PEREZ,DEM,495,14,421,0,930,509,421
El Paso,095-GARY DEL PALACIO REC CTR,"DISTRICT JUDGE, 243RD JUDICIAL DISTRICT",,BILLY DON HICKS,REP,310,24,196,0,530,334,196
El Paso,095-GARY DEL PALACIO REC CTR,"DISTRICT JUDGE, 243RD JUDICIAL DISTRICT",,LUIS AGUILAR,DEM,381,7,352,0,740,388,352
El Paso,095-GARY DEL PALACIO REC CTR,"DISTRICT JUDGE, 346TH JUDICIAL DISTRICT",,ANGIE J. BARILL,DEM,483,15,416,0,914,498,416
El Paso,095-GARY DEL PALACIO REC CTR,"DISTRICT JUDGE, 383RD JUDICIAL DISTRICT",,MIKE HERRERA,DEM,481,14,419,0,914,495,419
El Paso,095-GARY DEL PALACIO REC CTR,"DISTRICT JUDGE, 384TH JUDICIAL DISTRICT",,PATRICK M. GARCIA,DEM,476,14,416,0,906,490,416
El Paso,095-GARY DEL PALACIO REC CTR,"DISTRICT JUDGE, 388TH JUDICIAL DISTRICT",,LAURA STRATHMANN,DEM,482,14,414,0,910,496,414
El Paso,095-GARY DEL PALACIO REC CTR,"DISTRICT JUDGE, 409TH JUDICIAL DISTRICT",,SAM MEDRANO JR,DEM,486,14,414,0,914,500,414
El Paso,095-GARY DEL PALACIO REC CTR,"DISTRICT JUDGE, 448TH JUDICIAL DISTRICT",,SERGIO H. ENRIQUEZ,DEM,474,15,415,0,904,489,415
El Paso,095-GARY DEL PALACIO REC CTR,"CRIMINAL DISTRICT JUDGE, COURT NO. 1",,DIANE NAVARRETE,DEM,478,14,421,0,913,492,421
El Paso,095-GARY DEL PALACIO REC CTR,"FAMILY DISTRICT JUDGE, 65TH JUDICIAL DISTRICT",,YAHARA L. GUTIERREZ,DEM,473,14,415,0,902,487,415
El Paso,095-GARY DEL PALACIO REC CTR,"DISTRICT ATTORNEY, 34TH JUDICIAL DISTRICT",,JAIME ESPARZA,DEM,494,14,418,0,926,508,418
El Paso,095-GARY DEL PALACIO REC CTR,"JUDGE, COUNTY CRIMINAL COURT NO. 3",,CARLOS CARRASCO,DEM,475,14,418,0,907,489,418
El Paso,095-GARY DEL PALACIO REC CTR,"JUDGE, COUNTY CRIMINAL COURT NO. 4",,JESUS HERRERA,DEM,472,14,415,0,901,486,415
El Paso,095-GARY DEL PALACIO REC CTR,COUNTY ATTORNEY,,JO ANNE BERNAL,DEM,482,15,416,0,913,497,416
El Paso,095-GARY DEL PALACIO REC CTR,SHERIFF,,RICHARD D. WILES,DEM,513,15,429,0,957,528,429
El Paso,095-GARY DEL PALACIO REC CTR,COUNTY TAX ASSESSOR COLLECTOR,,VICTOR A. FLORES,DEM,490,19,415,0,924,509,415
El Paso,095-GARY DEL PALACIO REC CTR,"COUNTY COMMISSIONER, PRECINCT NO. 1",,BILL LENDERMAN,REP,259,24,174,0,457,283,174
El Paso,095-GARY DEL PALACIO REC CTR,"COUNTY COMMISSIONER, PRECINCT NO. 1",,CARLOS LEON,DEM,443,8,366,0,817,451,366
El Paso,095-GARY DEL PALACIO REC CTR,"CONSTABLE, PRECINCT NO. 4",,LUIS LOUIE AGUILAR,DEM,474,14,411,0,899,488,411
El Paso,096-EASTPOINT ELEMENTARY,"CITY OF EL PASO, PROPOSITION",,FOR (A FAVOR),NP,611,32,525,0,1168,643,525
El Paso,096-EASTPOINT ELEMENTARY,"CITY OF EL PASO, PROPOSITION",,AGAINST (EN CONTRA),NP,287,12,181,0,480,299,181
El Paso,096-EASTPOINT ELEMENTARY,"CITY OF EL PASO, PROPOSITION",,FOR (A FAVOR),NP,569,27,491,0,1087,596,491
El Paso,096-EASTPOINT ELEMENTARY,"CITY OF EL PASO, PROPOSITION",,AGAINST (EN CONTRA),NP,312,16,204,0,532,328,204
El Paso,096-EASTPOINT ELEMENTARY,"CITY OF EL PASO, PROPOSITION",,FOR (A FAVOR),NP,516,30,436,0,982,546,436
El Paso,096-EASTPOINT ELEMENTARY,"CITY OF EL PASO, PROPOSITION",,AGAINST (EN CONTRA),NP,370,13,249,0,632,383,249
El Paso,096-EASTPOINT ELEMENTARY,STRAIGHT PARTY,,REPUBLICAN,REP,162,17,137,0,316,179,137
El Paso,096-EASTPOINT ELEMENTARY,STRAIGHT PARTY,,DEMOCRAT,DEM,292,5,251,0,548,297,251
El Paso,096-EASTPOINT ELEMENTARY,STRAIGHT PARTY,,LIBERTARIAN,LIB,1,3,2,0,6,4,2
El Paso,096-EASTPOINT ELEMENTARY,STRAIGHT PARTY,,GREEN,GRN,2,0,0,0,2,2,0
El Paso,096-EASTPOINT ELEMENTARY,US PRESIDENT,,MITT ROMNEY,REP,392,35,263,0,690,427,263
El Paso,096-EASTPOINT ELEMENTARY,US PRESIDENT,,BARACK OBAMA,DEM,519,14,433,0,966,533,433
El Paso,096-EASTPOINT ELEMENTARY,US PRESIDENT,,GARY JOHNSON,LIB,2,1,5,0,8,3,5
El Paso,096-EASTPOINT ELEMENTARY,US PRESIDENT,,JILL STEIN,GRN,4,0,4,0,8,4,4
El Paso,096-EASTPOINT ELEMENTARY,US PRESIDENT,,WRITE-IN,NP,1,0,3,0,4,1,3
El Paso,096-EASTPOINT ELEMENTARY,US SENATOR,,TED CRUZ,REP,399,31,281,0,711,430,281
El Paso,096-EASTPOINT ELEMENTARY,US SENATOR,,PAUL SADLER,DEM,471,15,385,0,871,486,385
El Paso,096-EASTPOINT ELEMENTARY,US SENATOR,,JOHN JAY MYERS,LIB,10,0,13,0,23,10,13
El Paso,096-EASTPOINT ELEMENTARY,US SENATOR,,DAVID B. COLLINS,GRN,9,0,6,0,15,9,6
El Paso,096-EASTPOINT ELEMENTARY,US REP DISTRICT 16,,BARBARA CARRASCO,REP,360,27,252,0,639,387,252
El Paso,096-EASTPOINT ELEMENTARY,US REP DISTRICT 16,,BETO OROURKE,DEM,525,20,436,0,981,545,436
El Paso,096-EASTPOINT ELEMENTARY,US REP DISTRICT 16,,JUNART SODOY,LIB,15,0,12,0,27,15,12
El Paso,096-EASTPOINT ELEMENTARY,RAILROAD COMMISSIONER,,CHRISTI CRADDICK,REP,341,25,252,0,618,366,252
El Paso,096-EASTPOINT ELEMENTARY,RAILROAD COMMISSIONER,,DALE HENRY,DEM,461,12,384,0,857,473,384
El Paso,096-EASTPOINT ELEMENTARY,RAILROAD COMMISSIONER,,VIVEKANANDA (VIK) WA,LIB,17,1,14,0,32,18,14
El Paso,096-EASTPOINT ELEMENTARY,RAILROAD COMMISSIONER,,CHRIS KENNEDY,GRN,33,3,21,0,57,36,21
El Paso,096-EASTPOINT ELEMENTARY,RAILROAD COMMISSIONER,,BARRY SMITHERMAN,REP,386,27,284,0,697,413,284
El Paso,096-EASTPOINT ELEMENTARY,RAILROAD COMMISSIONER,,JAIME O. PEREZ,LIB,260,5,226,0,491,265,226
El Paso,096-EASTPOINT ELEMENTARY,RAILROAD COMMISSIONER,,JOSH WENDEL,GRN,60,3,58,0,121,63,58
El Paso,096-EASTPOINT ELEMENTARY,"JUSTICE, SUPREME COURT, PLACE 2",,DON WILLETT,REP,465,30,335,0,830,495,335
El Paso,096-EASTPOINT ELEMENTARY,"JUSTICE, SUPREME COURT, PLACE 2",,RS ROBERT KOELSCH,LIB,224,6,214,0,444,230,214
El Paso,096-EASTPOINT ELEMENTARY,"JUSTICE, SUPREME COURT, PLACE 4",,JOHN DEVINE,REP,429,30,320,0,779,459,320
El Paso,096-EASTPOINT ELEMENTARY,"JUSTICE, SUPREME COURT, PLACE 4",,TOM OXFORD,LIB,170,5,165,0,340,175,165
El Paso,096-EASTPOINT ELEMENTARY,"JUSTICE, SUPREME COURT, PLACE 4",,CHARLES E. WATERBURY,GRN,88,2,73,0,163,90,73
El Paso,096-EASTPOINT ELEMENTARY,"JUSTICE, SUPREME COURT, PLACE 6",,NATHAN HECHT,REP,307,28,222,0,557,335,222
El Paso,096-EASTPOINT ELEMENTARY,"JUSTICE, SUPREME COURT, PLACE 6",,MICHELE PETTY,DEM,496,12,409,0,917,508,409
El Paso,096-EASTPOINT ELEMENTARY,"JUSTICE, SUPREME COURT, PLACE 6",,MARK ASH,LIB,27,1,18,0,46,28,18
El Paso,096-EASTPOINT ELEMENTARY,"JUSTICE, SUPREME COURT, PLACE 6",,JIM CHISHOLM,GRN,28,1,14,0,43,29,14
El Paso,096-EASTPOINT ELEMENTARY,"PRESIDING JUDGE, COURT OF CRIMINAL APPEALS",,SHARON KELLER,REP,347,28,241,0,616,375,241
El Paso,096-EASTPOINT ELEMENTARY,"PRESIDING JUDGE, COURT OF CRIMINAL APPEALS",,KEITH HAMPTON,DEM,482,13,403,0,898,495,403
El Paso,096-EASTPOINT ELEMENTARY,"PRESIDING JUDGE, COURT OF CRIMINAL APPEALS",,LANCE STOTT,LIB,26,1,22,0,49,27,22
El Paso,096-EASTPOINT ELEMENTARY,"JUDGE, COURT OF CRIMINAL APPEALS, PLACE 7",,BARBARA PARKER HERVE,REP,459,32,350,0,841,491,350
El Paso,096-EASTPOINT ELEMENTARY,"JUDGE, COURT OF CRIMINAL APPEALS, PLACE 7",,MARK W. BENNETT,LIB,232,5,207,0,444,237,207
El Paso,096-EASTPOINT ELEMENTARY,"JUDGE, COURT OF CRIMINAL APPEALS, PLACE 8",,ELSA ALCALA,REP,472,32,358,0,862,504,358
El Paso,096-EASTPOINT ELEMENTARY,"JUDGE, COURT OF CRIMINAL APPEALS, PLACE 8",,WILLIAM BRYAN STRANG,LIB,222,5,199,0,426,227,199
El Paso,096-EASTPOINT ELEMENTARY,MEMBER STATE BOARD OF EDUCATION DISTRICT 1,,CARLOS CHARLIE GARZA,REP,354,26,255,0,635,380,255
El Paso,096-EASTPOINT ELEMENTARY,MEMBER STATE BOARD OF EDUCATION DISTRICT 1,,MARTHA M. DOMINGUEZ,DEM,505,16,415,0,936,521,415
El Paso,096-EASTPOINT ELEMENTARY,STATE SENATOR DISTRICT 29,,DAN CHAVEZ,REP,343,29,239,0,611,372,239
El Paso,096-EASTPOINT ELEMENTARY,STATE SENATOR DISTRICT 29,,JOSE R. RODRIGUEZ,DEM,540,15,440,0,995,555,440
El Paso,096-EASTPOINT ELEMENTARY,STATE REPRESENTATIVE DISTRICT 79,,JOE C. PICKETT,DEM,669,26,543,0,1238,695,543
El Paso,096-EASTPOINT ELEMENTARY,"CHIEF JUSTICE, COURT OF APPEALS 8TH DISTRICT",,ANN CRAWFORD MCCLURE,DEM,604,20,507,0,1131,624,507
El Paso,096-EASTPOINT ELEMENTARY,"JUSTICE, 8TH COURT OF APPEALS DISTRICT, PLACE 2",,CHRIS ANTCLIFF,REP,359,25,252,0,636,384,252
El Paso,096-EASTPOINT ELEMENTARY,"JUSTICE, 8TH COURT OF APPEALS DISTRICT, PLACE 2",,YVONNE RODRIGUEZ,DEM,502,16,417,0,935,518,417
El Paso,096-EASTPOINT ELEMENTARY,"JUSTICE, 8TH COURT OF APPEALS DISTRICT, PLACE 3",,GUADALUPE LUPE RIVER,DEM,618,20,501,0,1139,638,501
El Paso,096-EASTPOINT ELEMENTARY,"DISTRICT JUDGE, 34TH JUDICIAL DISTRICT",,BILL MOODY,DEM,615,21,511,0,1147,636,511
El Paso,096-EASTPOINT ELEMENTARY,"DISTRICT JUDGE, 41ST JUDICIAL DISTRICT",,ANNA PEREZ,DEM,596,20,505,0,1121,616,505
El Paso,096-EASTPOINT ELEMENTARY,"DISTRICT JUDGE, 243RD JUDICIAL DISTRICT",,BILLY DON HICKS,REP,394,26,277,0,697,420,277
El Paso,096-EASTPOINT ELEMENTARY,"DISTRICT JUDGE, 243RD JUDICIAL DISTRICT",,LUIS AGUILAR,DEM,482,14,398,0,894,496,398
El Paso,096-EASTPOINT ELEMENTARY,"DISTRICT JUDGE, 346TH JUDICIAL DISTRICT",,ANGIE J. BARILL,DEM,588,22,491,0,1101,610,491
El Paso,096-EASTPOINT ELEMENTARY,"DISTRICT JUDGE, 383RD JUDICIAL DISTRICT",,MIKE HERRERA,DEM,587,22,499,0,1108,609,499
El Paso,096-EASTPOINT ELEMENTARY,"DISTRICT JUDGE, 384TH JUDICIAL DISTRICT",,PATRICK M. GARCIA,DEM,584,22,494,0,1100,606,494
El Paso,096-EASTPOINT ELEMENTARY,"DISTRICT JUDGE, 388TH JUDICIAL DISTRICT",,LAURA STRATHMANN,DEM,597,20,494,0,1111,617,494
El Paso,096-EASTPOINT ELEMENTARY,"DISTRICT JUDGE, 409TH JUDICIAL DISTRICT",,SAM MEDRANO JR,DEM,582,22,496,0,1100,604,496
El Paso,096-EASTPOINT ELEMENTARY,"DISTRICT JUDGE, 448TH JUDICIAL DISTRICT",,SERGIO H. ENRIQUEZ,DEM,572,22,493,0,1087,594,493
El Paso,096-EASTPOINT ELEMENTARY,"CRIMINAL DISTRICT JUDGE, COURT NO. 1",,DIANE NAVARRETE,DEM,575,21,497,0,1093,596,497
El Paso,096-EASTPOINT ELEMENTARY,"FAMILY DISTRICT JUDGE, 65TH JUDICIAL DISTRICT",,YAHARA L. GUTIERREZ,DEM,574,22,495,0,1091,596,495
El Paso,096-EASTPOINT ELEMENTARY,"DISTRICT ATTORNEY, 34TH JUDICIAL DISTRICT",,JAIME ESPARZA,DEM,597,23,508,0,1128,620,508
El Paso,096-EASTPOINT ELEMENTARY,"JUDGE, COUNTY CRIMINAL COURT NO. 3",,CARLOS CARRASCO,DEM,577,21,493,0,1091,598,493
El Paso,096-EASTPOINT ELEMENTARY,"JUDGE, COUNTY CRIMINAL COURT NO. 4",,JESUS HERRERA,DEM,567,23,493,0,1083,590,493
El Paso,096-EASTPOINT ELEMENTARY,COUNTY ATTORNEY,,JO ANNE BERNAL,DEM,590,21,490,0,1101,611,490
El Paso,096-EASTPOINT ELEMENTARY,SHERIFF,,RICHARD D. WILES,DEM,606,23,524,0,1153,629,524
El Paso,096-EASTPOINT ELEMENTARY,COUNTY TAX ASSESSOR COLLECTOR,,VICTOR A. FLORES,DEM,599,26,511,0,1136,625,511
El Paso,096-EASTPOINT ELEMENTARY,"COUNTY COMMISSIONER, PRECINCT NO. 1",,BILL LENDERMAN,REP,329,27,238,0,594,356,238
El Paso,096-EASTPOINT ELEMENTARY,"COUNTY COMMISSIONER, PRECINCT NO. 1",,CARLOS LEON,DEM,536,15,439,0,990,551,439
El Paso,096-EASTPOINT ELEMENTARY,"CONSTABLE, PRECINCT NO. 4",,LUIS LOUIE AGUILAR,DEM,577,21,486,0,1084,598,486
El Paso,097-FIRE STATION 19,"CITY OF EL PASO, PROPOSITION",,FOR (A FAVOR),NP,318,16,360,0,694,334,360
El Paso,097-FIRE STATION 19,"CITY OF EL PASO, PROPOSITION",,AGAINST (EN CONTRA),NP,127,3,108,0,238,130,108
El Paso,097-FIRE STATION 19,"CITY OF EL PASO, PROPOSITION",,FOR (A FAVOR),NP,307,14,336,0,657,321,336
El Paso,097-FIRE STATION 19,"CITY OF EL PASO, PROPOSITION",,AGAINST (EN CONTRA),NP,125,5,127,0,257,130,127
El Paso,097-FIRE STATION 19,"CITY OF EL PASO, PROPOSITION",,FOR (A FAVOR),NP,243,5,291,0,539,248,291
El Paso,097-FIRE STATION 19,"CITY OF EL PASO, PROPOSITION",,AGAINST (EN CONTRA),NP,192,11,169,0,372,203,169
El Paso,097-FIRE STATION 19,STRAIGHT PARTY,,REPUBLICAN,REP,74,10,77,0,161,84,77
El Paso,097-FIRE STATION 19,STRAIGHT PARTY,,DEMOCRAT,DEM,161,6,179,0,346,167,179
El Paso,097-FIRE STATION 19,STRAIGHT PARTY,,LIBERTARIAN,LIB,3,0,2,0,5,3,2
El Paso,097-FIRE STATION 19,STRAIGHT PARTY,,GREEN,GRN,1,0,3,0,4,1,3
El Paso,097-FIRE STATION 19,US PRESIDENT,,MITT ROMNEY,REP,181,16,172,0,369,197,172
El Paso,097-FIRE STATION 19,US PRESIDENT,,BARACK OBAMA,DEM,265,7,297,0,569,272,297
El Paso,097-FIRE STATION 19,US PRESIDENT,,GARY JOHNSON,LIB,4,0,5,0,9,4,5
El Paso,097-FIRE STATION 19,US PRESIDENT,,JILL STEIN,GRN,3,0,4,0,7,3,4
El Paso,097-FIRE STATION 19,US PRESIDENT,,WRITE-IN,NP,1,0,0,0,1,1,0
El Paso,097-FIRE STATION 19,US SENATOR,,TED CRUZ,REP,189,17,174,0,380,206,174
El Paso,097-FIRE STATION 19,US SENATOR,,PAUL SADLER,DEM,244,6,269,0,519,250,269
El Paso,097-FIRE STATION 19,US SENATOR,,JOHN JAY MYERS,LIB,5,0,5,0,10,5,5
El Paso,097-FIRE STATION 19,US SENATOR,,DAVID B. COLLINS,GRN,6,0,9,0,15,6,9
El Paso,097-FIRE STATION 19,US REP DISTRICT 16,,BARBARA CARRASCO,REP,168,12,152,0,332,180,152
El Paso,097-FIRE STATION 19,US REP DISTRICT 16,,BETO OROURKE,DEM,272,11,309,0,592,283,309
El Paso,097-FIRE STATION 19,US REP DISTRICT 16,,JUNART SODOY,LIB,5,0,6,0,11,5,6
El Paso,097-FIRE STATION 19,RAILROAD COMMISSIONER,,CHRISTI CRADDICK,REP,164,12,153,0,329,176,153
El Paso,097-FIRE STATION 19,RAILROAD COMMISSIONER,,DALE HENRY,DEM,242,9,273,0,524,251,273
El Paso,097-FIRE STATION 19,RAILROAD COMMISSIONER,,VIVEKANANDA (VIK) WA,LIB,11,1,3,0,15,12,3
El Paso,097-FIRE STATION 19,RAILROAD COMMISSIONER,,CHRIS KENNEDY,GRN,9,0,15,0,24,9,15
El Paso,097-FIRE STATION 19,RAILROAD COMMISSIONER,,BARRY SMITHERMAN,REP,189,12,193,0,394,201,193
El Paso,097-FIRE STATION 19,RAILROAD COMMISSIONER,,JAIME O. PEREZ,LIB,136,2,148,0,286,138,148
El Paso,097-FIRE STATION 19,RAILROAD COMMISSIONER,,JOSH WENDEL,GRN,32,0,37,0,69,32,37
El Paso,097-FIRE STATION 19,"JUSTICE, SUPREME COURT, PLACE 2",,DON WILLETT,REP,226,12,243,0,481,238,243
El Paso,097-FIRE STATION 19,"JUSTICE, SUPREME COURT, PLACE 2",,RS ROBERT KOELSCH,LIB,119,2,125,0,246,121,125
El Paso,097-FIRE STATION 19,"JUSTICE, SUPREME COURT, PLACE 4",,JOHN DEVINE,REP,213,12,222,0,447,225,222
El Paso,097-FIRE STATION 19,"JUSTICE, SUPREME COURT, PLACE 4",,TOM OXFORD,LIB,93,2,101,0,196,95,101
El Paso,097-FIRE STATION 19,"JUSTICE, SUPREME COURT, PLACE 4",,CHARLES E. WATERBURY,GRN,43,0,46,0,89,43,46
El Paso,097-FIRE STATION 19,"JUSTICE, SUPREME COURT, PLACE 6",,NATHAN HECHT,REP,153,12,146,0,311,165,146
El Paso,097-FIRE STATION 19,"JUSTICE, SUPREME COURT, PLACE 6",,MICHELE PETTY,DEM,250,8,272,0,530,258,272
El Paso,097-FIRE STATION 19,"JUSTICE, SUPREME COURT, PLACE 6",,MARK ASH,LIB,9,0,8,0,17,9,8
El Paso,097-FIRE STATION 19,"JUSTICE, SUPREME COURT, PLACE 6",,JIM CHISHOLM,GRN,12,0,16,0,28,12,16
El Paso,097-FIRE STATION 19,"PRESIDING JUDGE, COURT OF CRIMINAL APPEALS",,SHARON KELLER,REP,160,13,166,0,339,173,166
El Paso,097-FIRE STATION 19,"PRESIDING JUDGE, COURT OF CRIMINAL APPEALS",,KEITH HAMPTON,DEM,247,7,267,0,521,254,267
El Paso,097-FIRE STATION 19,"PRESIDING JUDGE, COURT OF CRIMINAL APPEALS",,LANCE STOTT,LIB,13,0,10,0,23,13,10
El Paso,097-FIRE STATION 19,"JUDGE, COURT OF CRIMINAL APPEALS, PLACE 7",,BARBARA PARKER HERVE,REP,217,11,232,0,460,228,232
El Paso,097-FIRE STATION 19,"JUDGE, COURT OF CRIMINAL APPEALS, PLACE 7",,MARK W. BENNETT,LIB,128,3,143,0,274,131,143
El Paso,097-FIRE STATION 19,"JUDGE, COURT OF CRIMINAL APPEALS, PLACE 8",,ELSA ALCALA,REP,230,11,249,0,490,241,249
El Paso,097-FIRE STATION 19,"JUDGE, COURT OF CRIMINAL APPEALS, PLACE 8",,WILLIAM BRYAN STRANG,LIB,116,3,124,0,243,119,124
El Paso,097-FIRE STATION 19,MEMBER STATE BOARD OF EDUCATION DISTRICT 1,,CARLOS CHARLIE GARZA,REP,172,11,161,0,344,183,161
El Paso,097-FIRE STATION 19,MEMBER STATE BOARD OF EDUCATION DISTRICT 1,,MARTHA M. DOMINGUEZ,DEM,256,9,283,0,548,265,283
El Paso,097-FIRE STATION 19,STATE SENATOR DISTRICT 29,,DAN CHAVEZ,REP,180,12,146,0,338,192,146
El Paso,097-FIRE STATION 19,STATE SENATOR DISTRICT 29,,JOSE R. RODRIGUEZ,DEM,260,8,306,0,574,268,306
El Paso,097-FIRE STATION 19,STATE REPRESENTATIVE DISTRICT 76,,NAOMI R. GONZALEZ,DEM,304,9,330,0,643,313,330
El Paso,097-FIRE STATION 19,"CHIEF JUSTICE, COURT OF APPEALS 8TH DISTRICT",,ANN CRAWFORD MCCLURE,DEM,294,8,327,0,629,302,327
El Paso,097-FIRE STATION 19,"JUSTICE, 8TH COURT OF APPEALS DISTRICT, PLACE 2",,CHRIS ANTCLIFF,REP,179,13,160,0,352,192,160
El Paso,097-FIRE STATION 19,"JUSTICE, 8TH COURT OF APPEALS DISTRICT, PLACE 2",,YVONNE RODRIGUEZ,DEM,249,8,278,0,535,257,278
El Paso,097-FIRE STATION 19,"JUSTICE, 8TH COURT OF APPEALS DISTRICT, PLACE 3",,GUADALUPE LUPE RIVER,DEM,303,9,333,0,645,312,333
El Paso,097-FIRE STATION 19,"DISTRICT JUDGE, 34TH JUDICIAL DISTRICT",,BILL MOODY,DEM,301,9,333,0,643,310,333
El Paso,097-FIRE STATION 19,"DISTRICT JUDGE, 41ST JUDICIAL DISTRICT",,ANNA PEREZ,DEM,295,8,327,0,630,303,327
El Paso,097-FIRE STATION 19,"DISTRICT JUDGE, 243RD JUDICIAL DISTRICT",,BILLY DON HICKS,REP,175,14,164,0,353,189,164
El Paso,097-FIRE STATION 19,"DISTRICT JUDGE, 243RD JUDICIAL DISTRICT",,LUIS AGUILAR,DEM,249,6,277,0,532,255,277
El Paso,097-FIRE STATION 19,"DISTRICT JUDGE, 346TH JUDICIAL DISTRICT",,ANGIE J. BARILL,DEM,292,8,320,0,620,300,320
El Paso,097-FIRE STATION 19,"DISTRICT JUDGE, 383RD JUDICIAL DISTRICT",,MIKE HERRERA,DEM,291,8,319,0,618,299,319
El Paso,097-FIRE STATION 19,"DISTRICT JUDGE, 384TH JUDICIAL DISTRICT",,PATRICK M. GARCIA,DEM,295,8,320,0,623,303,320
El Paso,097-FIRE STATION 19,"DISTRICT JUDGE, 388TH JUDICIAL DISTRICT",,LAURA STRATHMANN,DEM,291,8,332,0,631,299,332
El Paso,097-FIRE STATION 19,"DISTRICT JUDGE, 409TH JUDICIAL DISTRICT",,SAM MEDRANO JR,DEM,287,8,320,0,615,295,320
El Paso,097-FIRE STATION 19,"DISTRICT JUDGE, 448TH JUDICIAL DISTRICT",,SERGIO H. ENRIQUEZ,DEM,289,8,313,0,610,297,313
El Paso,097-FIRE STATION 19,"CRIMINAL DISTRICT JUDGE, COURT NO. 1",,DIANE NAVARRETE,DEM,290,8,317,0,615,298,317
El Paso,097-FIRE STATION 19,"FAMILY DISTRICT JUDGE, 65TH JUDICIAL DISTRICT",,YAHARA L. GUTIERREZ,DEM,293,8,320,0,621,301,320
El Paso,097-FIRE STATION 19,"DISTRICT ATTORNEY, 34TH JUDICIAL DISTRICT",,JAIME ESPARZA,DEM,286,8,328,0,622,294,328
El Paso,097-FIRE STATION 19,"JUDGE, COUNTY CRIMINAL COURT NO. 3",,CARLOS CARRASCO,DEM,288,8,316,0,612,296,316
El Paso,097-FIRE STATION 19,"JUDGE, COUNTY CRIMINAL COURT NO. 4",,JESUS HERRERA,DEM,286,8,316,0,610,294,316
El Paso,097-FIRE STATION 19,COUNTY ATTORNEY,,JO ANNE BERNAL,DEM,294,8,323,0,625,302,323
El Paso,097-FIRE STATION 19,SHERIFF,,RICHARD D. WILES,DEM,310,8,339,0,657,318,339
El Paso,097-FIRE STATION 19,COUNTY TAX ASSESSOR COLLECTOR,,VICTOR A. FLORES,DEM,307,10,334,0,651,317,334
El Paso,097-FIRE STATION 19,"COUNTY COMMISSIONER, PRECINCT NO. 1",,BILL LENDERMAN,REP,144,13,146,0,303,157,146
El Paso,097-FIRE STATION 19,"COUNTY COMMISSIONER, PRECINCT NO. 1",,CARLOS LEON,DEM,281,7,298,0,586,288,298
El Paso,097-FIRE STATION 19,"CONSTABLE, PRECINCT NO. 4",,LUIS LOUIE AGUILAR,DEM,295,8,319,0,622,303,319
El Paso,098-EASTWOOD HEIGHTS ELEMENTARY,"CITY OF EL PASO, PROPOSITION",,FOR (A FAVOR),NP,438,19,327,0,784,457,327
El Paso,098-EASTWOOD HEIGHTS ELEMENTARY,"CITY OF EL PASO, PROPOSITION",,AGAINST (EN CONTRA),NP,210,13,102,0,325,223,102
El Paso,098-EASTWOOD HEIGHTS ELEMENTARY,"CITY OF EL PASO, PROPOSITION",,FOR (A FAVOR),NP,401,17,306,0,724,418,306
El Paso,098-EASTWOOD HEIGHTS ELEMENTARY,"CITY OF EL PASO, PROPOSITION",,AGAINST (EN CONTRA),NP,235,15,117,0,367,250,117
El Paso,098-EASTWOOD HEIGHTS ELEMENTARY,"CITY OF EL PASO, PROPOSITION",,FOR (A FAVOR),NP,377,16,264,0,657,393,264
El Paso,098-EASTWOOD HEIGHTS ELEMENTARY,"CITY OF EL PASO, PROPOSITION",,AGAINST (EN CONTRA),NP,262,16,154,0,432,278,154
El Paso,098-EASTWOOD HEIGHTS ELEMENTARY,STRAIGHT PARTY,,REPUBLICAN,REP,139,11,76,0,226,150,76
El Paso,098-EASTWOOD HEIGHTS ELEMENTARY,STRAIGHT PARTY,,DEMOCRAT,DEM,171,5,135,0,311,176,135
El Paso,098-EASTWOOD HEIGHTS ELEMENTARY,STRAIGHT PARTY,,LIBERTARIAN,LIB,2,0,4,0,6,2,4
El Paso,098-EASTWOOD HEIGHTS ELEMENTARY,STRAIGHT PARTY,,GREEN,GRN,0,0,0,0,0,0,0
El Paso,098-EASTWOOD HEIGHTS ELEMENTARY,US PRESIDENT,,MITT ROMNEY,REP,319,25,163,0,507,344,163
El Paso,098-EASTWOOD HEIGHTS ELEMENTARY,US PRESIDENT,,BARACK OBAMA,DEM,332,9,260,0,601,341,260
El Paso,098-EASTWOOD HEIGHTS ELEMENTARY,US PRESIDENT,,GARY JOHNSON,LIB,5,0,6,0,11,5,6
El Paso,098-EASTWOOD HEIGHTS ELEMENTARY,US PRESIDENT,,JILL STEIN,GRN,1,0,0,0,1,1,0
El Paso,098-EASTWOOD HEIGHTS ELEMENTARY,US PRESIDENT,,WRITE-IN,NP,2,0,1,0,3,2,1
El Paso,098-EASTWOOD HEIGHTS ELEMENTARY,US SENATOR,,TED CRUZ,REP,334,24,188,0,546,358,188
El Paso,098-EASTWOOD HEIGHTS ELEMENTARY,US SENATOR,,PAUL SADLER,DEM,289,8,215,0,512,297,215
El Paso,098-EASTWOOD HEIGHTS ELEMENTARY,US SENATOR,,JOHN JAY MYERS,LIB,8,1,11,0,20,9,11
El Paso,098-EASTWOOD HEIGHTS ELEMENTARY,US SENATOR,,DAVID B. COLLINS,GRN,7,0,3,0,10,7,3
El Paso,098-EASTWOOD HEIGHTS ELEMENTARY,US REP DISTRICT 16,,BARBARA CARRASCO,REP,282,22,163,0,467,304,163
El Paso,098-EASTWOOD HEIGHTS ELEMENTARY,US REP DISTRICT 16,,BETO OROURKE,DEM,362,11,248,0,621,373,248
El Paso,098-EASTWOOD HEIGHTS ELEMENTARY,US REP DISTRICT 16,,JUNART SODOY,LIB,6,0,7,0,13,6,7
El Paso,098-EASTWOOD HEIGHTS ELEMENTARY,RAILROAD COMMISSIONER,,CHRISTI CRADDICK,REP,295,22,148,0,465,317,148
El Paso,098-EASTWOOD HEIGHTS ELEMENTARY,RAILROAD COMMISSIONER,,DALE HENRY,DEM,291,8,223,0,522,299,223
El Paso,098-EASTWOOD HEIGHTS ELEMENTARY,RAILROAD COMMISSIONER,,VIVEKANANDA (VIK) WA,LIB,8,0,12,0,20,8,12
El Paso,098-EASTWOOD HEIGHTS ELEMENTARY,RAILROAD COMMISSIONER,,CHRIS KENNEDY,GRN,26,1,19,0,46,27,19
El Paso,098-EASTWOOD HEIGHTS ELEMENTARY,RAILROAD COMMISSIONER,,BARRY SMITHERMAN,REP,329,22,166,0,517,351,166
El Paso,098-EASTWOOD HEIGHTS ELEMENTARY,RAILROAD COMMISSIONER,,JAIME O. PEREZ,LIB,151,4,152,0,307,155,152
El Paso,098-EASTWOOD HEIGHTS ELEMENTARY,RAILROAD COMMISSIONER,,JOSH WENDEL,GRN,50,1,25,0,76,51,25
El Paso,098-EASTWOOD HEIGHTS ELEMENTARY,"JUSTICE, SUPREME COURT, PLACE 2",,DON WILLETT,REP,376,26,215,0,617,402,215
El Paso,098-EASTWOOD HEIGHTS ELEMENTARY,"JUSTICE, SUPREME COURT, PLACE 2",,RS ROBERT KOELSCH,LIB,140,3,120,0,263,143,120
El Paso,098-EASTWOOD HEIGHTS ELEMENTARY,"JUSTICE, SUPREME COURT, PLACE 4",,JOHN DEVINE,REP,359,26,200,0,585,385,200
El Paso,098-EASTWOOD HEIGHTS ELEMENTARY,"JUSTICE, SUPREME COURT, PLACE 4",,TOM OXFORD,LIB,102,2,95,0,199,104,95
El Paso,098-EASTWOOD HEIGHTS ELEMENTARY,"JUSTICE, SUPREME COURT, PLACE 4",,CHARLES E. WATERBURY,GRN,56,1,39,0,96,57,39
El Paso,098-EASTWOOD HEIGHTS ELEMENTARY,"JUSTICE, SUPREME COURT, PLACE 6",,NATHAN HECHT,REP,272,24,142,0,438,296,142
El Paso,098-EASTWOOD HEIGHTS ELEMENTARY,"JUSTICE, SUPREME COURT, PLACE 6",,MICHELE PETTY,DEM,312,8,239,0,559,320,239
El Paso,098-EASTWOOD HEIGHTS ELEMENTARY,"JUSTICE, SUPREME COURT, PLACE 6",,MARK ASH,LIB,20,0,15,0,35,20,15
El Paso,098-EASTWOOD HEIGHTS ELEMENTARY,"JUSTICE, SUPREME COURT, PLACE 6",,JIM CHISHOLM,GRN,23,0,9,0,32,23,9
El Paso,098-EASTWOOD HEIGHTS ELEMENTARY,"PRESIDING JUDGE, COURT OF CRIMINAL APPEALS",,SHARON KELLER,REP,296,24,164,0,484,320,164
El Paso,098-EASTWOOD HEIGHTS ELEMENTARY,"PRESIDING JUDGE, COURT OF CRIMINAL APPEALS",,KEITH HAMPTON,DEM,301,8,225,0,534,309,225
El Paso,098-EASTWOOD HEIGHTS ELEMENTARY,"PRESIDING JUDGE, COURT OF CRIMINAL APPEALS",,LANCE STOTT,LIB,29,0,15,0,44,29,15
El Paso,098-EASTWOOD HEIGHTS ELEMENTARY,"JUDGE, COURT OF CRIMINAL APPEALS, PLACE 7",,BARBARA PARKER HERVE,REP,364,25,214,0,603,389,214
El Paso,098-EASTWOOD HEIGHTS ELEMENTARY,"JUDGE, COURT OF CRIMINAL APPEALS, PLACE 7",,MARK W. BENNETT,LIB,147,4,114,0,265,151,114
El Paso,098-EASTWOOD HEIGHTS ELEMENTARY,"JUDGE, COURT OF CRIMINAL APPEALS, PLACE 8",,ELSA ALCALA,REP,374,25,235,0,634,399,235
El Paso,098-EASTWOOD HEIGHTS ELEMENTARY,"JUDGE, COURT OF CRIMINAL APPEALS, PLACE 8",,WILLIAM BRYAN STRANG,LIB,142,4,96,0,242,146,96
El Paso,098-EASTWOOD HEIGHTS ELEMENTARY,MEMBER STATE BOARD OF EDUCATION DISTRICT 1,,CARLOS CHARLIE GARZA,REP,309,21,154,0,484,330,154
El Paso,098-EASTWOOD HEIGHTS ELEMENTARY,MEMBER STATE BOARD OF EDUCATION DISTRICT 1,,MARTHA M. DOMINGUEZ,DEM,316,10,243,0,569,326,243
El Paso,098-EASTWOOD HEIGHTS ELEMENTARY,STATE SENATOR DISTRICT 29,,DAN CHAVEZ,REP,270,22,150,0,442,292,150
El Paso,098-EASTWOOD HEIGHTS ELEMENTARY,STATE SENATOR DISTRICT 29,,JOSE R. RODRIGUEZ,DEM,364,9,259,0,632,373,259
El Paso,098-EASTWOOD HEIGHTS ELEMENTARY,STATE REPRESENTATIVE DISTRICT 76,,NAOMI R. GONZALEZ,DEM,405,14,293,0,712,419,293
El Paso,098-EASTWOOD HEIGHTS ELEMENTARY,"CHIEF JUSTICE, COURT OF APPEALS 8TH DISTRICT",,ANN CRAWFORD MCCLURE,DEM,392,13,294,0,699,405,294
El Paso,098-EASTWOOD HEIGHTS ELEMENTARY,"JUSTICE, 8TH COURT OF APPEALS DISTRICT, PLACE 2",,CHRIS ANTCLIFF,REP,323,23,159,0,505,346,159
El Paso,098-EASTWOOD HEIGHTS ELEMENTARY,"JUSTICE, 8TH COURT OF APPEALS DISTRICT, PLACE 2",,YVONNE RODRIGUEZ,DEM,298,9,237,0,544,307,237
El Paso,098-EASTWOOD HEIGHTS ELEMENTARY,"JUSTICE, 8TH COURT OF APPEALS DISTRICT, PLACE 3",,GUADALUPE LUPE RIVER,DEM,401,13,299,0,713,414,299
El Paso,098-EASTWOOD HEIGHTS ELEMENTARY,"DISTRICT JUDGE, 34TH JUDICIAL DISTRICT",,BILL MOODY,DEM,404,14,307,0,725,418,307
El Paso,098-EASTWOOD HEIGHTS ELEMENTARY,"DISTRICT JUDGE, 41ST JUDICIAL DISTRICT",,ANNA PEREZ,DEM,399,13,299,0,711,412,299
El Paso,098-EASTWOOD HEIGHTS ELEMENTARY,"DISTRICT JUDGE, 243RD JUDICIAL DISTRICT",,BILLY DON HICKS,REP,323,24,168,0,515,347,168
El Paso,098-EASTWOOD HEIGHTS ELEMENTARY,"DISTRICT JUDGE, 243RD JUDICIAL DISTRICT",,LUIS AGUILAR,DEM,302,8,238,0,548,310,238
El Paso,098-EASTWOOD HEIGHTS ELEMENTARY,"DISTRICT JUDGE, 346TH JUDICIAL DISTRICT",,ANGIE J. BARILL,DEM,383,13,295,0,691,396,295
El Paso,098-EASTWOOD HEIGHTS ELEMENTARY,"DISTRICT JUDGE, 383RD JUDICIAL DISTRICT",,MIKE HERRERA,DEM,389,13,299,0,701,402,299
El Paso,098-EASTWOOD HEIGHTS ELEMENTARY,"DISTRICT JUDGE, 384TH JUDICIAL DISTRICT",,PATRICK M. GARCIA,DEM,379,13,290,0,682,392,290
El Paso,098-EASTWOOD HEIGHTS ELEMENTARY,"DISTRICT JUDGE, 388TH JUDICIAL DISTRICT",,LAURA STRATHMANN,DEM,389,13,301,0,703,402,301
El Paso,098-EASTWOOD HEIGHTS ELEMENTARY,"DISTRICT JUDGE, 409TH JUDICIAL DISTRICT",,SAM MEDRANO JR,DEM,391,15,303,0,709,406,303
El Paso,098-EASTWOOD HEIGHTS ELEMENTARY,"DISTRICT JUDGE, 448TH JUDICIAL DISTRICT",,SERGIO H. ENRIQUEZ,DEM,377,13,293,0,683,390,293
El Paso,098-EASTWOOD HEIGHTS ELEMENTARY,"CRIMINAL DISTRICT JUDGE, COURT NO. 1",,DIANE NAVARRETE,DEM,382,13,294,0,689,395,294
El Paso,098-EASTWOOD HEIGHTS ELEMENTARY,"FAMILY DISTRICT JUDGE, 65TH JUDICIAL DISTRICT",,YAHARA L. GUTIERREZ,DEM,380,13,296,0,689,393,296
El Paso,098-EASTWOOD HEIGHTS ELEMENTARY,"DISTRICT ATTORNEY, 34TH JUDICIAL DISTRICT",,JAIME ESPARZA,DEM,402,16,305,0,723,418,305
El Paso,098-EASTWOOD HEIGHTS ELEMENTARY,"JUDGE, COUNTY CRIMINAL COURT NO. 3",,CARLOS CARRASCO,DEM,381,13,293,0,687,394,293
El Paso,098-EASTWOOD HEIGHTS ELEMENTARY,"JUDGE, COUNTY CRIMINAL COURT NO. 4",,JESUS HERRERA,DEM,377,13,295,0,685,390,295
El Paso,098-EASTWOOD HEIGHTS ELEMENTARY,COUNTY ATTORNEY,,JO ANNE BERNAL,DEM,390,13,295,0,698,403,295
El Paso,098-EASTWOOD HEIGHTS ELEMENTARY,SHERIFF,,RICHARD D. WILES,DEM,415,17,307,0,739,432,307
El Paso,098-EASTWOOD HEIGHTS ELEMENTARY,COUNTY TAX ASSESSOR COLLECTOR,,VICTOR A. FLORES,DEM,400,17,304,0,721,417,304
El Paso,098-EASTWOOD HEIGHTS ELEMENTARY,"COUNTY COMMISSIONER, PRECINCT NO. 1",,BILL LENDERMAN,REP,282,23,149,0,454,305,149
El Paso,098-EASTWOOD HEIGHTS ELEMENTARY,"COUNTY COMMISSIONER, PRECINCT NO. 1",,CARLOS LEON,DEM,342,9,257,0,608,351,257
El Paso,098-EASTWOOD HEIGHTS ELEMENTARY,"CONSTABLE, PRECINCT NO. 4",,LUIS LOUIE AGUILAR,DEM,382,13,294,0,689,395,294
El Paso,099-PEBBLE HILLS ELEMENTARY,"CITY OF EL PASO, PROPOSITION",,FOR (A FAVOR),NP,242,3,198,0,443,245,198
El Paso,099-PEBBLE HILLS ELEMENTARY,"CITY OF EL PASO, PROPOSITION",,AGAINST (EN CONTRA),NP,73,2,57,0,132,75,57
El Paso,099-PEBBLE HILLS ELEMENTARY,"CITY OF EL PASO, PROPOSITION",,FOR (A FAVOR),NP,229,2,186,0,417,231,186
El Paso,099-PEBBLE HILLS ELEMENTARY,"CITY OF EL PASO, PROPOSITION",,AGAINST (EN CONTRA),NP,73,3,66,0,142,76,66
El Paso,099-PEBBLE HILLS ELEMENTARY,"CITY OF EL PASO, PROPOSITION",,FOR (A FAVOR),NP,178,4,162,0,344,182,162
El Paso,099-PEBBLE HILLS ELEMENTARY,"CITY OF EL PASO, PROPOSITION",,AGAINST (EN CONTRA),NP,129,1,90,0,220,130,90
El Paso,099-PEBBLE HILLS ELEMENTARY,STRAIGHT PARTY,,REPUBLICAN,REP,52,4,40,0,96,56,40
El Paso,099-PEBBLE HILLS ELEMENTARY,STRAIGHT PARTY,,DEMOCRAT,DEM,155,0,128,0,283,155,128
El Paso,099-PEBBLE HILLS ELEMENTARY,STRAIGHT PARTY,,LIBERTARIAN,LIB,4,0,7,0,11,4,7
El Paso,099-PEBBLE HILLS ELEMENTARY,STRAIGHT PARTY,,GREEN,GRN,0,0,0,0,0,0,0
El Paso,099-PEBBLE HILLS ELEMENTARY,US PRESIDENT,,MITT ROMNEY,REP,99,5,69,0,173,104,69
El Paso,099-PEBBLE HILLS ELEMENTARY,US PRESIDENT,,BARACK OBAMA,DEM,222,0,190,0,412,222,190
El Paso,099-PEBBLE HILLS ELEMENTARY,US PRESIDENT,,GARY JOHNSON,LIB,3,0,4,0,7,3,4
El Paso,099-PEBBLE HILLS ELEMENTARY,US PRESIDENT,,JILL STEIN,GRN,1,0,0,0,1,1,0
El Paso,099-PEBBLE HILLS ELEMENTARY,US PRESIDENT,,WRITE-IN,NP,0,0,1,0,1,0,1
El Paso,099-PEBBLE HILLS ELEMENTARY,US SENATOR,,TED CRUZ,REP,110,5,71,0,186,115,71
El Paso,099-PEBBLE HILLS ELEMENTARY,US SENATOR,,PAUL SADLER,DEM,203,0,182,0,385,203,182
El Paso,099-PEBBLE HILLS ELEMENTARY,US SENATOR,,JOHN JAY MYERS,LIB,6,0,7,0,13,6,7
El Paso,099-PEBBLE HILLS ELEMENTARY,US SENATOR,,DAVID B. COLLINS,GRN,3,0,2,0,5,3,2
El Paso,099-PEBBLE HILLS ELEMENTARY,US REP DISTRICT 16,,BARBARA CARRASCO,REP,99,5,78,0,182,104,78
El Paso,099-PEBBLE HILLS ELEMENTARY,US REP DISTRICT 16,,BETO OROURKE,DEM,217,0,181,0,398,217,181
El Paso,099-PEBBLE HILLS ELEMENTARY,US REP DISTRICT 16,,JUNART SODOY,LIB,5,0,6,0,11,5,6
El Paso,099-PEBBLE HILLS ELEMENTARY,RAILROAD COMMISSIONER,,CHRISTI CRADDICK,REP,89,5,61,0,155,94,61
El Paso,099-PEBBLE HILLS ELEMENTARY,RAILROAD COMMISSIONER,,DALE HENRY,DEM,207,0,179,0,386,207,179
El Paso,099-PEBBLE HILLS ELEMENTARY,RAILROAD COMMISSIONER,,VIVEKANANDA (VIK) WA,LIB,6,0,5,0,11,6,5
El Paso,099-PEBBLE HILLS ELEMENTARY,RAILROAD COMMISSIONER,,CHRIS KENNEDY,GRN,15,0,11,0,26,15,11
El Paso,099-PEBBLE HILLS ELEMENTARY,RAILROAD COMMISSIONER,,BARRY SMITHERMAN,REP,112,5,81,0,198,117,81
El Paso,099-PEBBLE HILLS ELEMENTARY,RAILROAD COMMISSIONER,,JAIME O. PEREZ,LIB,110,0,112,0,222,110,112
El Paso,099-PEBBLE HILLS ELEMENTARY,RAILROAD COMMISSIONER,,JOSH WENDEL,GRN,28,0,22,0,50,28,22
El Paso,099-PEBBLE HILLS ELEMENTARY,"JUSTICE, SUPREME COURT, PLACE 2",,DON WILLETT,REP,140,5,113,0,258,145,113
El Paso,099-PEBBLE HILLS ELEMENTARY,"JUSTICE, SUPREME COURT, PLACE 2",,RS ROBERT KOELSCH,LIB,106,0,99,0,205,106,99
El Paso,099-PEBBLE HILLS ELEMENTARY,"JUSTICE, SUPREME COURT, PLACE 4",,JOHN DEVINE,REP,121,5,101,0,227,126,101
El Paso,099-PEBBLE HILLS ELEMENTARY,"JUSTICE, SUPREME COURT, PLACE 4",,TOM OXFORD,LIB,82,0,77,0,159,82,77
El Paso,099-PEBBLE HILLS ELEMENTARY,"JUSTICE, SUPREME COURT, PLACE 4",,CHARLES E. WATERBURY,GRN,38,0,30,0,68,38,30
El Paso,099-PEBBLE HILLS ELEMENTARY,"JUSTICE, SUPREME COURT, PLACE 6",,NATHAN HECHT,REP,85,5,57,0,147,90,57
El Paso,099-PEBBLE HILLS ELEMENTARY,"JUSTICE, SUPREME COURT, PLACE 6",,MICHELE PETTY,DEM,211,0,184,0,395,211,184
El Paso,099-PEBBLE HILLS ELEMENTARY,"JUSTICE, SUPREME COURT, PLACE 6",,MARK ASH,LIB,12,0,10,0,22,12,10
El Paso,099-PEBBLE HILLS ELEMENTARY,"JUSTICE, SUPREME COURT, PLACE 6",,JIM CHISHOLM,GRN,11,0,3,0,14,11,3
El Paso,099-PEBBLE HILLS ELEMENTARY,"PRESIDING JUDGE, COURT OF CRIMINAL APPEALS",,SHARON KELLER,REP,94,5,69,0,168,99,69
El Paso,099-PEBBLE HILLS ELEMENTARY,"PRESIDING JUDGE, COURT OF CRIMINAL APPEALS",,KEITH HAMPTON,DEM,210,0,177,0,387,210,177
El Paso,099-PEBBLE HILLS ELEMENTARY,"PRESIDING JUDGE, COURT OF CRIMINAL APPEALS",,LANCE STOTT,LIB,13,0,8,0,21,13,8
El Paso,099-PEBBLE HILLS ELEMENTARY,"JUDGE, COURT OF CRIMINAL APPEALS, PLACE 7",,BARBARA PARKER HERVE,REP,136,5,113,0,254,141,113
El Paso,099-PEBBLE HILLS ELEMENTARY,"JUDGE, COURT OF CRIMINAL APPEALS, PLACE 7",,MARK W. BENNETT,LIB,109,0,98,0,207,109,98
El Paso,099-PEBBLE HILLS ELEMENTARY,"JUDGE, COURT OF CRIMINAL APPEALS, PLACE 8",,ELSA ALCALA,REP,149,5,125,0,279,154,125
El Paso,099-PEBBLE HILLS ELEMENTARY,"JUDGE, COURT OF CRIMINAL APPEALS, PLACE 8",,WILLIAM BRYAN STRANG,LIB,99,0,85,0,184,99,85
El Paso,099-PEBBLE HILLS ELEMENTARY,MEMBER STATE BOARD OF EDUCATION DISTRICT 1,,CARLOS CHARLIE GARZA,REP,98,5,69,0,172,103,69
El Paso,099-PEBBLE HILLS ELEMENTARY,MEMBER STATE BOARD OF EDUCATION DISTRICT 1,,MARTHA M. DOMINGUEZ,DEM,220,0,180,0,400,220,180
El Paso,099-PEBBLE HILLS ELEMENTARY,STATE SENATOR DISTRICT 29,,DAN CHAVEZ,REP,96,5,63,0,164,101,63
El Paso,099-PEBBLE HILLS ELEMENTARY,STATE SENATOR DISTRICT 29,,JOSE R. RODRIGUEZ,DEM,222,0,194,0,416,222,194
El Paso,099-PEBBLE HILLS ELEMENTARY,STATE REPRESENTATIVE DISTRICT 79,,JOE C. PICKETT,DEM,258,0,218,0,476,258,218
El Paso,099-PEBBLE HILLS ELEMENTARY,"CHIEF JUSTICE, COURT OF APPEALS 8TH DISTRICT",,ANN CRAWFORD MCCLURE,DEM,246,0,209,0,455,246,209
El Paso,099-PEBBLE HILLS ELEMENTARY,"JUSTICE, 8TH COURT OF APPEALS DISTRICT, PLACE 2",,CHRIS ANTCLIFF,REP,96,5,69,0,170,101,69
El Paso,099-PEBBLE HILLS ELEMENTARY,"JUSTICE, 8TH COURT OF APPEALS DISTRICT, PLACE 2",,YVONNE RODRIGUEZ,DEM,221,0,184,0,405,221,184
El Paso,099-PEBBLE HILLS ELEMENTARY,"JUSTICE, 8TH COURT OF APPEALS DISTRICT, PLACE 3",,GUADALUPE LUPE RIVER,DEM,247,0,212,0,459,247,212
El Paso,099-PEBBLE HILLS ELEMENTARY,"DISTRICT JUDGE, 34TH JUDICIAL DISTRICT",,BILL MOODY,DEM,251,0,211,0,462,251,211
El Paso,099-PEBBLE HILLS ELEMENTARY,"DISTRICT JUDGE, 41ST JUDICIAL DISTRICT",,ANNA PEREZ,DEM,245,0,210,0,455,245,210
El Paso,099-PEBBLE HILLS ELEMENTARY,"DISTRICT JUDGE, 243RD JUDICIAL DISTRICT",,BILLY DON HICKS,REP,88,5,71,0,164,93,71
El Paso,099-PEBBLE HILLS ELEMENTARY,"DISTRICT JUDGE, 243RD JUDICIAL DISTRICT",,LUIS AGUILAR,DEM,231,0,179,0,410,231,179
El Paso,099-PEBBLE HILLS ELEMENTARY,"DISTRICT JUDGE, 346TH JUDICIAL DISTRICT",,ANGIE J. BARILL,DEM,244,0,201,0,445,244,201
El Paso,099-PEBBLE HILLS ELEMENTARY,"DISTRICT JUDGE, 383RD JUDICIAL DISTRICT",,MIKE HERRERA,DEM,245,0,202,0,447,245,202
El Paso,099-PEBBLE HILLS ELEMENTARY,"DISTRICT JUDGE, 384TH JUDICIAL DISTRICT",,PATRICK M. GARCIA,DEM,245,0,203,0,448,245,203
El Paso,099-PEBBLE HILLS ELEMENTARY,"DISTRICT JUDGE, 388TH JUDICIAL DISTRICT",,LAURA STRATHMANN,DEM,245,0,203,0,448,245,203
El Paso,099-PEBBLE HILLS ELEMENTARY,"DISTRICT JUDGE, 409TH JUDICIAL DISTRICT",,SAM MEDRANO JR,DEM,244,0,203,0,447,244,203
El Paso,099-PEBBLE HILLS ELEMENTARY,"DISTRICT JUDGE, 448TH JUDICIAL DISTRICT",,SERGIO H. ENRIQUEZ,DEM,244,0,202,0,446,244,202
El Paso,099-PEBBLE HILLS ELEMENTARY,"CRIMINAL DISTRICT JUDGE, COURT NO. 1",,DIANE NAVARRETE,DEM,245,0,202,0,447,245,202
El Paso,099-PEBBLE HILLS ELEMENTARY,"FAMILY DISTRICT JUDGE, 65TH JUDICIAL DISTRICT",,YAHARA L. GUTIERREZ,DEM,242,0,201,0,443,242,201
El Paso,099-PEBBLE HILLS ELEMENTARY,"DISTRICT ATTORNEY, 34TH JUDICIAL DISTRICT",,JAIME ESPARZA,DEM,246,0,202,0,448,246,202
El Paso,099-PEBBLE HILLS ELEMENTARY,"JUDGE, COUNTY CRIMINAL COURT NO. 3",,CARLOS CARRASCO,DEM,238,0,203,0,441,238,203
El Paso,099-PEBBLE HILLS ELEMENTARY,"JUDGE, COUNTY CRIMINAL COURT NO. 4",,JESUS HERRERA,DEM,242,0,204,0,446,242,204
El Paso,099-PEBBLE HILLS ELEMENTARY,COUNTY ATTORNEY,,JO ANNE BERNAL,DEM,244,0,204,0,448,244,204
El Paso,099-PEBBLE HILLS ELEMENTARY,SHERIFF,,RICHARD D. WILES,DEM,255,0,212,0,467,255,212
El Paso,099-PEBBLE HILLS ELEMENTARY,COUNTY TAX ASSESSOR COLLECTOR,,VICTOR A. FLORES,DEM,247,1,208,0,456,248,208
El Paso,099-PEBBLE HILLS ELEMENTARY,"COUNTY COMMISSIONER, PRECINCT NO. 1",,BILL LENDERMAN,REP,95,4,59,0,158,99,59
El Paso,099-PEBBLE HILLS ELEMENTARY,"COUNTY COMMISSIONER, PRECINCT NO. 1",,CARLOS LEON,DEM,224,0,190,0,414,224,190
El Paso,099-PEBBLE HILLS ELEMENTARY,"CONSTABLE, PRECINCT NO. 4",,LUIS LOUIE AGUILAR,DEM,245,0,204,0,449,245,204
El Paso,100-PEBBLE HILLS ELEMENTARY,"CITY OF EL PASO, PROPOSITION",,FOR (A FAVOR),NP,555,22,425,2,1004,577,427
El Paso,100-PEBBLE HILLS ELEMENTARY,"CITY OF EL PASO, PROPOSITION",,AGAINST (EN CONTRA),NP,212,5,114,0,331,217,114
El Paso,100-PEBBLE HILLS ELEMENTARY,"CITY OF EL PASO, PROPOSITION",,FOR (A FAVOR),NP,519,19,393,2,933,538,395
El Paso,100-PEBBLE HILLS ELEMENTARY,"CITY OF EL PASO, PROPOSITION",,AGAINST (EN CONTRA),NP,233,8,138,0,379,241,138
El Paso,100-PEBBLE HILLS ELEMENTARY,"CITY OF EL PASO, PROPOSITION",,FOR (A FAVOR),NP,463,15,329,1,808,478,330
El Paso,100-PEBBLE HILLS ELEMENTARY,"CITY OF EL PASO, PROPOSITION",,AGAINST (EN CONTRA),NP,294,10,200,1,505,304,201
El Paso,100-PEBBLE HILLS ELEMENTARY,STRAIGHT PARTY,,REPUBLICAN,REP,111,10,96,1,218,121,97
El Paso,100-PEBBLE HILLS ELEMENTARY,STRAIGHT PARTY,,DEMOCRAT,DEM,321,7,248,1,577,328,249
El Paso,100-PEBBLE HILLS ELEMENTARY,STRAIGHT PARTY,,LIBERTARIAN,LIB,7,1,3,0,11,8,3
El Paso,100-PEBBLE HILLS ELEMENTARY,STRAIGHT PARTY,,GREEN,GRN,1,0,1,0,2,1,1
El Paso,100-PEBBLE HILLS ELEMENTARY,US PRESIDENT,,MITT ROMNEY,REP,269,12,192,1,474,281,193
El Paso,100-PEBBLE HILLS ELEMENTARY,US PRESIDENT,,BARACK OBAMA,DEM,500,16,361,1,878,516,362
El Paso,100-PEBBLE HILLS ELEMENTARY,US PRESIDENT,,GARY JOHNSON,LIB,11,0,5,0,16,11,5
El Paso,100-PEBBLE HILLS ELEMENTARY,US PRESIDENT,,JILL STEIN,GRN,2,0,1,0,3,2,1
El Paso,100-PEBBLE HILLS ELEMENTARY,US PRESIDENT,,WRITE-IN,NP,0,0,2,0,2,0,2
El Paso,100-PEBBLE HILLS ELEMENTARY,US SENATOR,,TED CRUZ,REP,290,12,210,1,513,302,211
El Paso,100-PEBBLE HILLS ELEMENTARY,US SENATOR,,PAUL SADLER,DEM,460,14,320,1,795,474,321
El Paso,100-PEBBLE HILLS ELEMENTARY,US SENATOR,,JOHN JAY MYERS,LIB,16,1,12,0,29,17,12
El Paso,100-PEBBLE HILLS ELEMENTARY,US SENATOR,,DAVID B. COLLINS,GRN,6,0,5,0,11,6,5
El Paso,100-PEBBLE HILLS ELEMENTARY,US REP DISTRICT 16,,BARBARA CARRASCO,REP,279,12,183,1,475,291,184
El Paso,100-PEBBLE HILLS ELEMENTARY,US REP DISTRICT 16,,BETO OROURKE,DEM,491,13,353,1,858,504,354
El Paso,100-PEBBLE HILLS ELEMENTARY,US REP DISTRICT 16,,JUNART SODOY,LIB,13,2,13,0,28,15,13
El Paso,100-PEBBLE HILLS ELEMENTARY,RAILROAD COMMISSIONER,,CHRISTI CRADDICK,REP,245,11,178,0,434,256,178
El Paso,100-PEBBLE HILLS ELEMENTARY,RAILROAD COMMISSIONER,,DALE HENRY,DEM,453,14,319,2,788,467,321
El Paso,100-PEBBLE HILLS ELEMENTARY,RAILROAD COMMISSIONER,,VIVEKANANDA (VIK) WA,LIB,21,1,14,0,36,22,14
El Paso,100-PEBBLE HILLS ELEMENTARY,RAILROAD COMMISSIONER,,CHRIS KENNEDY,GRN,30,1,21,0,52,31,21
El Paso,100-PEBBLE HILLS ELEMENTARY,RAILROAD COMMISSIONER,,BARRY SMITHERMAN,REP,274,12,220,0,506,286,220
El Paso,100-PEBBLE HILLS ELEMENTARY,RAILROAD COMMISSIONER,,JAIME O. PEREZ,LIB,282,11,181,2,476,293,183
El Paso,100-PEBBLE HILLS ELEMENTARY,RAILROAD COMMISSIONER,,JOSH WENDEL,GRN,75,1,44,0,120,76,44
El Paso,100-PEBBLE HILLS ELEMENTARY,"JUSTICE, SUPREME COURT, PLACE 2",,DON WILLETT,REP,365,14,274,1,654,379,275
El Paso,100-PEBBLE HILLS ELEMENTARY,"JUSTICE, SUPREME COURT, PLACE 2",,RS ROBERT KOELSCH,LIB,248,9,156,0,413,257,156
El Paso,100-PEBBLE HILLS ELEMENTARY,"JUSTICE, SUPREME COURT, PLACE 4",,JOHN DEVINE,REP,327,12,250,1,590,339,251
El Paso,100-PEBBLE HILLS ELEMENTARY,"JUSTICE, SUPREME COURT, PLACE 4",,TOM OXFORD,LIB,201,8,126,1,336,209,127
El Paso,100-PEBBLE HILLS ELEMENTARY,"JUSTICE, SUPREME COURT, PLACE 4",,CHARLES E. WATERBURY,GRN,85,4,58,0,147,89,58
El Paso,100-PEBBLE HILLS ELEMENTARY,"JUSTICE, SUPREME COURT, PLACE 6",,NATHAN HECHT,REP,223,12,158,0,393,235,158
El Paso,100-PEBBLE HILLS ELEMENTARY,"JUSTICE, SUPREME COURT, PLACE 6",,MICHELE PETTY,DEM,479,13,347,2,841,492,349
El Paso,100-PEBBLE HILLS ELEMENTARY,"JUSTICE, SUPREME COURT, PLACE 6",,MARK ASH,LIB,31,0,19,0,50,31,19
El Paso,100-PEBBLE HILLS ELEMENTARY,"JUSTICE, SUPREME COURT, PLACE 6",,JIM CHISHOLM,GRN,17,2,10,0,29,19,10
El Paso,100-PEBBLE HILLS ELEMENTARY,"PRESIDING JUDGE, COURT OF CRIMINAL APPEALS",,SHARON KELLER,REP,253,11,184,1,449,264,185
El Paso,100-PEBBLE HILLS ELEMENTARY,"PRESIDING JUDGE, COURT OF CRIMINAL APPEALS",,KEITH HAMPTON,DEM,466,15,332,1,814,481,333
El Paso,100-PEBBLE HILLS ELEMENTARY,"PRESIDING JUDGE, COURT OF CRIMINAL APPEALS",,LANCE STOTT,LIB,35,1,18,0,54,36,18
El Paso,100-PEBBLE HILLS ELEMENTARY,"JUDGE, COURT OF CRIMINAL APPEALS, PLACE 7",,BARBARA PARKER HERVE,REP,362,13,275,1,651,375,276
El Paso,100-PEBBLE HILLS ELEMENTARY,"JUDGE, COURT OF CRIMINAL APPEALS, PLACE 7",,MARK W. BENNETT,LIB,250,10,146,1,407,260,147
El Paso,100-PEBBLE HILLS ELEMENTARY,"JUDGE, COURT OF CRIMINAL APPEALS, PLACE 8",,ELSA ALCALA,REP,376,13,291,1,681,389,292
El Paso,100-PEBBLE HILLS ELEMENTARY,"JUDGE, COURT OF CRIMINAL APPEALS, PLACE 8",,WILLIAM BRYAN STRANG,LIB,239,11,135,1,386,250,136
El Paso,100-PEBBLE HILLS ELEMENTARY,MEMBER STATE BOARD OF EDUCATION DISTRICT 1,,CARLOS CHARLIE GARZA,REP,261,11,189,1,462,272,190
El Paso,100-PEBBLE HILLS ELEMENTARY,MEMBER STATE BOARD OF EDUCATION DISTRICT 1,,MARTHA M. DOMINGUEZ,DEM,497,15,342,1,855,512,343
El Paso,100-PEBBLE HILLS ELEMENTARY,STATE SENATOR DISTRICT 29,,DAN CHAVEZ,REP,255,12,180,1,448,267,181
El Paso,100-PEBBLE HILLS ELEMENTARY,STATE SENATOR DISTRICT 29,,JOSE R. RODRIGUEZ,DEM,512,14,354,1,881,526,355
El Paso,100-PEBBLE HILLS ELEMENTARY,STATE REPRESENTATIVE DISTRICT 79,,JOE C. PICKETT,DEM,623,17,435,2,1077,640,437
El Paso,100-PEBBLE HILLS ELEMENTARY,"CHIEF JUSTICE, COURT OF APPEALS 8TH DISTRICT",,ANN CRAWFORD MCCLURE,DEM,575,18,405,2,1000,593,407
El Paso,100-PEBBLE HILLS ELEMENTARY,"JUSTICE, 8TH COURT OF APPEALS DISTRICT, PLACE 2",,CHRIS ANTCLIFF,REP,259,12,182,1,454,271,183
El Paso,100-PEBBLE HILLS ELEMENTARY,"JUSTICE, 8TH COURT OF APPEALS DISTRICT, PLACE 2",,YVONNE RODRIGUEZ,DEM,492,14,343,1,850,506,344
El Paso,100-PEBBLE HILLS ELEMENTARY,"JUSTICE, 8TH COURT OF APPEALS DISTRICT, PLACE 3",,GUADALUPE LUPE RIVER,DEM,569,17,405,2,993,586,407
El Paso,100-PEBBLE HILLS ELEMENTARY,"DISTRICT JUDGE, 34TH JUDICIAL DISTRICT",,BILL MOODY,DEM,570,18,411,2,1001,588,413
El Paso,100-PEBBLE HILLS ELEMENTARY,"DISTRICT JUDGE, 41ST JUDICIAL DISTRICT",,ANNA PEREZ,DEM,567,18,405,2,992,585,407
El Paso,100-PEBBLE HILLS ELEMENTARY,"DISTRICT JUDGE, 243RD JUDICIAL DISTRICT",,BILLY DON HICKS,REP,270,13,191,1,475,283,192
El Paso,100-PEBBLE HILLS ELEMENTARY,"DISTRICT JUDGE, 243RD JUDICIAL DISTRICT",,LUIS AGUILAR,DEM,475,13,345,1,834,488,346
El Paso,100-PEBBLE HILLS ELEMENTARY,"DISTRICT JUDGE, 346TH JUDICIAL DISTRICT",,ANGIE J. BARILL,DEM,557,18,402,2,979,575,404
El Paso,100-PEBBLE HILLS ELEMENTARY,"DISTRICT JUDGE, 383RD JUDICIAL DISTRICT",,MIKE HERRERA,DEM,554,18,409,2,983,572,411
El Paso,100-PEBBLE HILLS ELEMENTARY,"DISTRICT JUDGE, 384TH JUDICIAL DISTRICT",,PATRICK M. GARCIA,DEM,550,18,402,2,972,568,404
El Paso,100-PEBBLE HILLS ELEMENTARY,"DISTRICT JUDGE, 388TH JUDICIAL DISTRICT",,LAURA STRATHMANN,DEM,552,18,404,2,976,570,406
El Paso,100-PEBBLE HILLS ELEMENTARY,"DISTRICT JUDGE, 409TH JUDICIAL DISTRICT",,SAM MEDRANO JR,DEM,555,18,407,2,982,573,409
El Paso,100-PEBBLE HILLS ELEMENTARY,"DISTRICT JUDGE, 448TH JUDICIAL DISTRICT",,SERGIO H. ENRIQUEZ,DEM,553,18,407,2,980,571,409
El Paso,100-PEBBLE HILLS ELEMENTARY,"CRIMINAL DISTRICT JUDGE, COURT NO. 1",,DIANE NAVARRETE,DEM,552,18,400,2,972,570,402
El Paso,100-PEBBLE HILLS ELEMENTARY,"FAMILY DISTRICT JUDGE, 65TH JUDICIAL DISTRICT",,YAHARA L. GUTIERREZ,DEM,550,18,397,2,967,568,399
El Paso,100-PEBBLE HILLS ELEMENTARY,"DISTRICT ATTORNEY, 34TH JUDICIAL DISTRICT",,JAIME ESPARZA,DEM,564,18,418,2,1002,582,420
El Paso,100-PEBBLE HILLS ELEMENTARY,"JUDGE, COUNTY CRIMINAL COURT NO. 3",,CARLOS CARRASCO,DEM,555,18,407,2,982,573,409
El Paso,100-PEBBLE HILLS ELEMENTARY,"JUDGE, COUNTY CRIMINAL COURT NO. 4",,JESUS HERRERA,DEM,553,18,404,2,977,571,406
El Paso,100-PEBBLE HILLS ELEMENTARY,COUNTY ATTORNEY,,JO ANNE BERNAL,DEM,558,18,407,2,985,576,409
El Paso,100-PEBBLE HILLS ELEMENTARY,SHERIFF,,RICHARD D. WILES,DEM,582,17,420,2,1021,599,422
El Paso,100-PEBBLE HILLS ELEMENTARY,COUNTY TAX ASSESSOR COLLECTOR,,VICTOR A. FLORES,DEM,568,18,414,2,1002,586,416
El Paso,100-PEBBLE HILLS ELEMENTARY,"COUNTY COMMISSIONER, PRECINCT NO. 1",,BILL LENDERMAN,REP,238,12,175,1,426,250,176
El Paso,100-PEBBLE HILLS ELEMENTARY,"COUNTY COMMISSIONER, PRECINCT NO. 1",,CARLOS LEON,DEM,512,13,359,1,885,525,360
El Paso,100-PEBBLE HILLS ELEMENTARY,"CONSTABLE, PRECINCT NO. 4",,LUIS LOUIE AGUILAR,DEM,551,18,408,2,979,569,410
El Paso,101-EASTSIDE SR CTR,"CITY OF EL PASO, PROPOSITION",,FOR (A FAVOR),NP,547,21,313,0,881,568,313
El Paso,101-EASTSIDE SR CTR,"CITY OF EL PASO, PROPOSITION",,AGAINST (EN CONTRA),NP,231,3,125,0,359,234,125
El Paso,101-EASTSIDE SR CTR,"CITY OF EL PASO, PROPOSITION",,FOR (A FAVOR),NP,508,19,284,0,811,527,284
El Paso,101-EASTSIDE SR CTR,"CITY OF EL PASO, PROPOSITION",,AGAINST (EN CONTRA),NP,252,5,143,0,400,257,143
El Paso,101-EASTSIDE SR CTR,"CITY OF EL PASO, PROPOSITION",,FOR (A FAVOR),NP,415,14,256,0,685,429,256
El Paso,101-EASTSIDE SR CTR,"CITY OF EL PASO, PROPOSITION",,AGAINST (EN CONTRA),NP,338,10,176,0,524,348,176
El Paso,101-EASTSIDE SR CTR,STRAIGHT PARTY,,REPUBLICAN,REP,134,14,78,0,226,148,78
El Paso,101-EASTSIDE SR CTR,STRAIGHT PARTY,,DEMOCRAT,DEM,286,2,184,0,472,288,184
El Paso,101-EASTSIDE SR CTR,STRAIGHT PARTY,,LIBERTARIAN,LIB,1,0,6,0,7,1,6
El Paso,101-EASTSIDE SR CTR,STRAIGHT PARTY,,GREEN,GRN,1,0,2,0,3,1,2
El Paso,101-EASTSIDE SR CTR,US PRESIDENT,,MITT ROMNEY,REP,317,21,164,0,502,338,164
El Paso,101-EASTSIDE SR CTR,US PRESIDENT,,BARACK OBAMA,DEM,467,12,276,0,755,479,276
El Paso,101-EASTSIDE SR CTR,US PRESIDENT,,GARY JOHNSON,LIB,4,0,7,0,11,4,7
El Paso,101-EASTSIDE SR CTR,US PRESIDENT,,JILL STEIN,GRN,5,0,2,0,7,5,2
El Paso,101-EASTSIDE SR CTR,US PRESIDENT,,WRITE-IN,NP,0,0,1,0,1,0,1
El Paso,101-EASTSIDE SR CTR,US SENATOR,,TED CRUZ,REP,307,18,170,0,495,325,170
El Paso,101-EASTSIDE SR CTR,US SENATOR,,PAUL SADLER,DEM,437,7,253,0,697,444,253
El Paso,101-EASTSIDE SR CTR,US SENATOR,,JOHN JAY MYERS,LIB,15,2,12,0,29,17,12
El Paso,101-EASTSIDE SR CTR,US SENATOR,,DAVID B. COLLINS,GRN,11,0,4,0,15,11,4
El Paso,101-EASTSIDE SR CTR,US REP DISTRICT 16,,BARBARA CARRASCO,REP,287,16,157,0,460,303,157
El Paso,101-EASTSIDE SR CTR,US REP DISTRICT 16,,BETO OROURKE,DEM,486,11,277,0,774,497,277
El Paso,101-EASTSIDE SR CTR,US REP DISTRICT 16,,JUNART SODOY,LIB,7,1,9,0,17,8,9
El Paso,101-EASTSIDE SR CTR,RAILROAD COMMISSIONER,,CHRISTI CRADDICK,REP,287,20,148,0,455,307,148
El Paso,101-EASTSIDE SR CTR,RAILROAD COMMISSIONER,,DALE HENRY,DEM,416,6,252,0,674,422,252
El Paso,101-EASTSIDE SR CTR,RAILROAD COMMISSIONER,,VIVEKANANDA (VIK) WA,LIB,14,1,17,0,32,15,17
El Paso,101-EASTSIDE SR CTR,RAILROAD COMMISSIONER,,CHRIS KENNEDY,GRN,33,0,12,0,45,33,12
El Paso,101-EASTSIDE SR CTR,RAILROAD COMMISSIONER,,BARRY SMITHERMAN,REP,326,22,165,0,513,348,165
El Paso,101-EASTSIDE SR CTR,RAILROAD COMMISSIONER,,JAIME O. PEREZ,LIB,236,4,157,0,397,240,157
El Paso,101-EASTSIDE SR CTR,RAILROAD COMMISSIONER,,JOSH WENDEL,GRN,56,0,38,0,94,56,38
El Paso,101-EASTSIDE SR CTR,"JUSTICE, SUPREME COURT, PLACE 2",,DON WILLETT,REP,404,22,221,0,647,426,221
El Paso,101-EASTSIDE SR CTR,"JUSTICE, SUPREME COURT, PLACE 2",,RS ROBERT KOELSCH,LIB,195,3,132,0,330,198,132
El Paso,101-EASTSIDE SR CTR,"JUSTICE, SUPREME COURT, PLACE 4",,JOHN DEVINE,REP,380,20,206,0,606,400,206
El Paso,101-EASTSIDE SR CTR,"JUSTICE, SUPREME COURT, PLACE 4",,TOM OXFORD,LIB,148,3,113,0,264,151,113
El Paso,101-EASTSIDE SR CTR,"JUSTICE, SUPREME COURT, PLACE 4",,CHARLES E. WATERBURY,GRN,70,3,35,0,108,73,35
El Paso,101-EASTSIDE SR CTR,"JUSTICE, SUPREME COURT, PLACE 6",,NATHAN HECHT,REP,259,21,134,0,414,280,134
El Paso,101-EASTSIDE SR CTR,"JUSTICE, SUPREME COURT, PLACE 6",,MICHELE PETTY,DEM,453,5,263,0,721,458,263
El Paso,101-EASTSIDE SR CTR,"JUSTICE, SUPREME COURT, PLACE 6",,MARK ASH,LIB,21,1,20,0,42,22,20
El Paso,101-EASTSIDE SR CTR,"JUSTICE, SUPREME COURT, PLACE 6",,JIM CHISHOLM,GRN,16,0,12,0,28,16,12
El Paso,101-EASTSIDE SR CTR,"PRESIDING JUDGE, COURT OF CRIMINAL APPEALS",,SHARON KELLER,REP,284,20,145,0,449,304,145
El Paso,101-EASTSIDE SR CTR,"PRESIDING JUDGE, COURT OF CRIMINAL APPEALS",,KEITH HAMPTON,DEM,440,5,267,0,712,445,267
El Paso,101-EASTSIDE SR CTR,"PRESIDING JUDGE, COURT OF CRIMINAL APPEALS",,LANCE STOTT,LIB,17,2,17,0,36,19,17
El Paso,101-EASTSIDE SR CTR,"JUDGE, COURT OF CRIMINAL APPEALS, PLACE 7",,BARBARA PARKER HERVE,REP,394,22,219,0,635,416,219
El Paso,101-EASTSIDE SR CTR,"JUDGE, COURT OF CRIMINAL APPEALS, PLACE 7",,MARK W. BENNETT,LIB,198,4,134,0,336,202,134
El Paso,101-EASTSIDE SR CTR,"JUDGE, COURT OF CRIMINAL APPEALS, PLACE 8",,ELSA ALCALA,REP,392,20,218,0,630,412,218
El Paso,101-EASTSIDE SR CTR,"JUDGE, COURT OF CRIMINAL APPEALS, PLACE 8",,WILLIAM BRYAN STRANG,LIB,197,6,131,0,334,203,131
El Paso,101-EASTSIDE SR CTR,MEMBER STATE BOARD OF EDUCATION DISTRICT 1,,CARLOS CHARLIE GARZA,REP,296,19,153,0,468,315,153
El Paso,101-EASTSIDE SR CTR,MEMBER STATE BOARD OF EDUCATION DISTRICT 1,,MARTHA M. DOMINGUEZ,DEM,458,9,279,0,746,467,279
El Paso,101-EASTSIDE SR CTR,STATE SENATOR DISTRICT 29,,DAN CHAVEZ,REP,271,22,150,0,443,293,150
El Paso,101-EASTSIDE SR CTR,STATE SENATOR DISTRICT 29,,JOSE R. RODRIGUEZ,DEM,497,5,286,0,788,502,286
El Paso,101-EASTSIDE SR CTR,STATE REPRESENTATIVE DISTRICT 79,,JOE C. PICKETT,DEM,612,12,359,0,983,624,359
El Paso,101-EASTSIDE SR CTR,"CHIEF JUSTICE, COURT OF APPEALS 8TH DISTRICT",,ANN CRAWFORD MCCLURE,DEM,558,10,338,0,906,568,338
El Paso,101-EASTSIDE SR CTR,"JUSTICE, 8TH COURT OF APPEALS DISTRICT, PLACE 2",,CHRIS ANTCLIFF,REP,301,21,151,0,473,322,151
El Paso,101-EASTSIDE SR CTR,"JUSTICE, 8TH COURT OF APPEALS DISTRICT, PLACE 2",,YVONNE RODRIGUEZ,DEM,458,6,282,0,746,464,282
El Paso,101-EASTSIDE SR CTR,"JUSTICE, 8TH COURT OF APPEALS DISTRICT, PLACE 3",,GUADALUPE LUPE RIVER,DEM,562,9,339,0,910,571,339
El Paso,101-EASTSIDE SR CTR,"DISTRICT JUDGE, 34TH JUDICIAL DISTRICT",,BILL MOODY,DEM,565,9,339,0,913,574,339
El Paso,101-EASTSIDE SR CTR,"DISTRICT JUDGE, 41ST JUDICIAL DISTRICT",,ANNA PEREZ,DEM,550,9,331,0,890,559,331
El Paso,101-EASTSIDE SR CTR,"DISTRICT JUDGE, 243RD JUDICIAL DISTRICT",,BILLY DON HICKS,REP,310,22,158,0,490,332,158
El Paso,101-EASTSIDE SR CTR,"DISTRICT JUDGE, 243RD JUDICIAL DISTRICT",,LUIS AGUILAR,DEM,447,5,274,0,726,452,274
El Paso,101-EASTSIDE SR CTR,"DISTRICT JUDGE, 346TH JUDICIAL DISTRICT",,ANGIE J. BARILL,DEM,546,9,332,0,887,555,332
El Paso,101-EASTSIDE SR CTR,"DISTRICT JUDGE, 383RD JUDICIAL DISTRICT",,MIKE HERRERA,DEM,535,9,332,0,876,544,332
El Paso,101-EASTSIDE SR CTR,"DISTRICT JUDGE, 384TH JUDICIAL DISTRICT",,PATRICK M. GARCIA,DEM,537,9,334,0,880,546,334
El Paso,101-EASTSIDE SR CTR,"DISTRICT JUDGE, 388TH JUDICIAL DISTRICT",,LAURA STRATHMANN,DEM,540,9,333,0,882,549,333
El Paso,101-EASTSIDE SR CTR,"DISTRICT JUDGE, 409TH JUDICIAL DISTRICT",,SAM MEDRANO JR,DEM,535,9,328,0,872,544,328
El Paso,101-EASTSIDE SR CTR,"DISTRICT JUDGE, 448TH JUDICIAL DISTRICT",,SERGIO H. ENRIQUEZ,DEM,533,9,333,0,875,542,333
El Paso,101-EASTSIDE SR CTR,"CRIMINAL DISTRICT JUDGE, COURT NO. 1",,DIANE NAVARRETE,DEM,538,9,332,0,879,547,332
El Paso,101-EASTSIDE SR CTR,"FAMILY DISTRICT JUDGE, 65TH JUDICIAL DISTRICT",,YAHARA L. GUTIERREZ,DEM,537,9,331,0,877,546,331
El Paso,101-EASTSIDE SR CTR,"DISTRICT ATTORNEY, 34TH JUDICIAL DISTRICT",,JAIME ESPARZA,DEM,548,9,322,0,879,557,322
El Paso,101-EASTSIDE SR CTR,"JUDGE, COUNTY CRIMINAL COURT NO. 3",,CARLOS CARRASCO,DEM,528,9,328,0,865,537,328
El Paso,101-EASTSIDE SR CTR,"JUDGE, COUNTY CRIMINAL COURT NO. 4",,JESUS HERRERA,DEM,519,9,323,0,851,528,323
El Paso,101-EASTSIDE SR CTR,COUNTY ATTORNEY,,JO ANNE BERNAL,DEM,541,10,324,0,875,551,324
El Paso,101-EASTSIDE SR CTR,SHERIFF,,RICHARD D. WILES,DEM,564,10,330,0,904,574,330
El Paso,101-EASTSIDE SR CTR,COUNTY TAX ASSESSOR COLLECTOR,,VICTOR A. FLORES,DEM,562,14,332,0,908,576,332
El Paso,101-EASTSIDE SR CTR,"COUNTY COMMISSIONER, PRECINCT NO. 1",,BILL LENDERMAN,REP,261,20,135,0,416,281,135
El Paso,101-EASTSIDE SR CTR,"COUNTY COMMISSIONER, PRECINCT NO. 1",,CARLOS LEON,DEM,487,6,297,0,790,493,297
El Paso,101-EASTSIDE SR CTR,"CONSTABLE, PRECINCT NO. 4",,LUIS LOUIE AGUILAR,DEM,532,9,327,0,868,541,327
El Paso,102-YWCA EAST,"CITY OF EL PASO, PROPOSITION",,FOR (A FAVOR),NP,437,14,342,0,793,451,342
El Paso,102-YWCA EAST,"CITY OF EL PASO, PROPOSITION",,AGAINST (EN CONTRA),NP,161,10,99,1,271,171,100
El Paso,102-YWCA EAST,"CITY OF EL PASO, PROPOSITION",,FOR (A FAVOR),NP,400,11,335,0,746,411,335
El Paso,102-YWCA EAST,"CITY OF EL PASO, PROPOSITION",,AGAINST (EN CONTRA),NP,170,11,99,1,281,181,100
El Paso,102-YWCA EAST,"CITY OF EL PASO, PROPOSITION",,FOR (A FAVOR),NP,328,9,264,0,601,337,264
El Paso,102-YWCA EAST,"CITY OF EL PASO, PROPOSITION",,AGAINST (EN CONTRA),NP,257,12,169,1,439,269,170
El Paso,102-YWCA EAST,STRAIGHT PARTY,,REPUBLICAN,REP,109,12,54,0,175,121,54
El Paso,102-YWCA EAST,STRAIGHT PARTY,,DEMOCRAT,DEM,262,5,236,0,503,267,236
El Paso,102-YWCA EAST,STRAIGHT PARTY,,LIBERTARIAN,LIB,4,1,1,0,6,5,1
El Paso,102-YWCA EAST,STRAIGHT PARTY,,GREEN,GRN,1,0,2,0,3,1,2
El Paso,102-YWCA EAST,US PRESIDENT,,MITT ROMNEY,REP,203,16,127,0,346,219,127
El Paso,102-YWCA EAST,US PRESIDENT,,BARACK OBAMA,DEM,394,8,323,0,725,402,323
El Paso,102-YWCA EAST,US PRESIDENT,,GARY JOHNSON,LIB,10,0,5,1,16,10,6
El Paso,102-YWCA EAST,US PRESIDENT,,JILL STEIN,GRN,3,0,0,0,3,3,0
El Paso,102-YWCA EAST,US PRESIDENT,,WRITE-IN,NP,0,0,0,0,0,0,0
El Paso,102-YWCA EAST,US SENATOR,,TED CRUZ,REP,210,14,136,0,360,224,136
El Paso,102-YWCA EAST,US SENATOR,,PAUL SADLER,DEM,365,8,294,0,667,373,294
El Paso,102-YWCA EAST,US SENATOR,,JOHN JAY MYERS,LIB,15,0,11,1,27,15,12
El Paso,102-YWCA EAST,US SENATOR,,DAVID B. COLLINS,GRN,6,1,6,0,13,7,6
El Paso,102-YWCA EAST,US REP DISTRICT 16,,BARBARA CARRASCO,REP,193,16,123,0,332,209,123
El Paso,102-YWCA EAST,US REP DISTRICT 16,,BETO OROURKE,DEM,407,6,320,0,733,413,320
El Paso,102-YWCA EAST,US REP DISTRICT 16,,JUNART SODOY,LIB,11,1,6,1,19,12,7
El Paso,102-YWCA EAST,RAILROAD COMMISSIONER,,CHRISTI CRADDICK,REP,185,13,112,0,310,198,112
El Paso,102-YWCA EAST,RAILROAD COMMISSIONER,,DALE HENRY,DEM,375,9,304,0,688,384,304
El Paso,102-YWCA EAST,RAILROAD COMMISSIONER,,VIVEKANANDA (VIK) WA,LIB,17,0,8,1,26,17,9
El Paso,102-YWCA EAST,RAILROAD COMMISSIONER,,CHRIS KENNEDY,GRN,13,1,16,0,30,14,16
El Paso,102-YWCA EAST,RAILROAD COMMISSIONER,,BARRY SMITHERMAN,REP,212,17,120,0,349,229,120
El Paso,102-YWCA EAST,RAILROAD COMMISSIONER,,JAIME O. PEREZ,LIB,220,0,184,1,405,220,185
El Paso,102-YWCA EAST,RAILROAD COMMISSIONER,,JOSH WENDEL,GRN,45,3,29,0,77,48,29
El Paso,102-YWCA EAST,"JUSTICE, SUPREME COURT, PLACE 2",,DON WILLETT,REP,278,17,187,0,482,295,187
El Paso,102-YWCA EAST,"JUSTICE, SUPREME COURT, PLACE 2",,RS ROBERT KOELSCH,LIB,177,3,139,1,320,180,140
El Paso,102-YWCA EAST,"JUSTICE, SUPREME COURT, PLACE 4",,JOHN DEVINE,REP,252,17,176,0,445,269,176
El Paso,102-YWCA EAST,"JUSTICE, SUPREME COURT, PLACE 4",,TOM OXFORD,LIB,142,2,101,1,246,144,102
El Paso,102-YWCA EAST,"JUSTICE, SUPREME COURT, PLACE 4",,CHARLES E. WATERBURY,GRN,61,1,45,0,107,62,45
El Paso,102-YWCA EAST,"JUSTICE, SUPREME COURT, PLACE 6",,NATHAN HECHT,REP,175,16,100,0,291,191,100
El Paso,102-YWCA EAST,"JUSTICE, SUPREME COURT, PLACE 6",,MICHELE PETTY,DEM,380,7,311,0,698,387,311
El Paso,102-YWCA EAST,"JUSTICE, SUPREME COURT, PLACE 6",,MARK ASH,LIB,19,0,13,1,33,19,14
El Paso,102-YWCA EAST,"JUSTICE, SUPREME COURT, PLACE 6",,JIM CHISHOLM,GRN,11,0,12,0,23,11,12
El Paso,102-YWCA EAST,"PRESIDING JUDGE, COURT OF CRIMINAL APPEALS",,SHARON KELLER,REP,192,15,123,0,330,207,123
El Paso,102-YWCA EAST,"PRESIDING JUDGE, COURT OF CRIMINAL APPEALS",,KEITH HAMPTON,DEM,380,8,294,0,682,388,294
El Paso,102-YWCA EAST,"PRESIDING JUDGE, COURT OF CRIMINAL APPEALS",,LANCE STOTT,LIB,18,0,19,1,38,18,20
El Paso,102-YWCA EAST,"JUDGE, COURT OF CRIMINAL APPEALS, PLACE 7",,BARBARA PARKER HERVE,REP,269,17,185,0,471,286,185
El Paso,102-YWCA EAST,"JUDGE, COURT OF CRIMINAL APPEALS, PLACE 7",,MARK W. BENNETT,LIB,184,2,142,1,329,186,143
El Paso,102-YWCA EAST,"JUDGE, COURT OF CRIMINAL APPEALS, PLACE 8",,ELSA ALCALA,REP,276,17,196,0,489,293,196
El Paso,102-YWCA EAST,"JUDGE, COURT OF CRIMINAL APPEALS, PLACE 8",,WILLIAM BRYAN STRANG,LIB,175,2,122,1,300,177,123
El Paso,102-YWCA EAST,MEMBER STATE BOARD OF EDUCATION DISTRICT 1,,CARLOS CHARLIE GARZA,REP,195,17,124,0,336,212,124
El Paso,102-YWCA EAST,MEMBER STATE BOARD OF EDUCATION DISTRICT 1,,MARTHA M. DOMINGUEZ,DEM,396,6,314,0,716,402,314
El Paso,102-YWCA EAST,STATE SENATOR DISTRICT 29,,DAN CHAVEZ,REP,186,15,116,0,317,201,116
El Paso,102-YWCA EAST,STATE SENATOR DISTRICT 29,,JOSE R. RODRIGUEZ,DEM,414,7,326,0,747,421,326
El Paso,102-YWCA EAST,STATE REPRESENTATIVE DISTRICT 79,,JOE C. PICKETT,DEM,492,8,370,0,870,500,370
El Paso,102-YWCA EAST,"CHIEF JUSTICE, COURT OF APPEALS 8TH DISTRICT",,ANN CRAWFORD MCCLURE,DEM,460,8,352,0,820,468,352
El Paso,102-YWCA EAST,"JUSTICE, 8TH COURT OF APPEALS DISTRICT, PLACE 2",,CHRIS ANTCLIFF,REP,194,16,107,0,317,210,107
El Paso,102-YWCA EAST,"JUSTICE, 8TH COURT OF APPEALS DISTRICT, PLACE 2",,YVONNE RODRIGUEZ,DEM,393,7,323,0,723,400,323
El Paso,102-YWCA EAST,"JUSTICE, 8TH COURT OF APPEALS DISTRICT, PLACE 3",,GUADALUPE LUPE RIVER,DEM,461,8,350,0,819,469,350
El Paso,102-YWCA EAST,"DISTRICT JUDGE, 34TH JUDICIAL DISTRICT",,BILL MOODY,DEM,454,8,357,0,819,462,357
El Paso,102-YWCA EAST,"DISTRICT JUDGE, 41ST JUDICIAL DISTRICT",,ANNA PEREZ,DEM,456,8,350,0,814,464,350
El Paso,102-YWCA EAST,"DISTRICT JUDGE, 243RD JUDICIAL DISTRICT",,BILLY DON HICKS,REP,221,16,123,0,360,237,123
El Paso,102-YWCA EAST,"DISTRICT JUDGE, 243RD JUDICIAL DISTRICT",,LUIS AGUILAR,DEM,373,7,311,0,691,380,311
El Paso,102-YWCA EAST,"DISTRICT JUDGE, 346TH JUDICIAL DISTRICT",,ANGIE J. BARILL,DEM,444,8,342,0,794,452,342
El Paso,102-YWCA EAST,"DISTRICT JUDGE, 383RD JUDICIAL DISTRICT",,MIKE HERRERA,DEM,459,8,346,0,813,467,346
El Paso,102-YWCA EAST,"DISTRICT JUDGE, 384TH JUDICIAL DISTRICT",,PATRICK M. GARCIA,DEM,444,8,344,0,796,452,344
El Paso,102-YWCA EAST,"DISTRICT JUDGE, 388TH JUDICIAL DISTRICT",,LAURA STRATHMANN,DEM,447,8,345,0,800,455,345
El Paso,102-YWCA EAST,"DISTRICT JUDGE, 409TH JUDICIAL DISTRICT",,SAM MEDRANO JR,DEM,447,8,351,0,806,455,351
El Paso,102-YWCA EAST,"DISTRICT JUDGE, 448TH JUDICIAL DISTRICT",,SERGIO H. ENRIQUEZ,DEM,449,8,343,0,800,457,343
El Paso,102-YWCA EAST,"CRIMINAL DISTRICT JUDGE, COURT NO. 1",,DIANE NAVARRETE,DEM,450,8,343,0,801,458,343
El Paso,102-YWCA EAST,"FAMILY DISTRICT JUDGE, 65TH JUDICIAL DISTRICT",,YAHARA L. GUTIERREZ,DEM,446,8,347,0,801,454,347
El Paso,102-YWCA EAST,"DISTRICT ATTORNEY, 34TH JUDICIAL DISTRICT",,JAIME ESPARZA,DEM,454,8,341,0,803,462,341
El Paso,102-YWCA EAST,"JUDGE, COUNTY CRIMINAL COURT NO. 3",,CARLOS CARRASCO,DEM,447,8,342,0,797,455,342
El Paso,102-YWCA EAST,"JUDGE, COUNTY CRIMINAL COURT NO. 4",,JESUS HERRERA,DEM,443,8,337,0,788,451,337
El Paso,102-YWCA EAST,COUNTY ATTORNEY,,JO ANNE BERNAL,DEM,445,8,344,0,797,453,344
El Paso,102-YWCA EAST,SHERIFF,,RICHARD D. WILES,DEM,470,8,351,0,829,478,351
El Paso,102-YWCA EAST,COUNTY TAX ASSESSOR COLLECTOR,,VICTOR A. FLORES,DEM,458,11,343,0,812,469,343
El Paso,102-YWCA EAST,"COUNTY COMMISSIONER, PRECINCT NO. 1",,BILL LENDERMAN,REP,173,16,103,0,292,189,103
El Paso,102-YWCA EAST,"COUNTY COMMISSIONER, PRECINCT NO. 1",,CARLOS LEON,DEM,416,7,326,0,749,423,326
El Paso,102-YWCA EAST,"CONSTABLE, PRECINCT NO. 4",,LUIS LOUIE AGUILAR,DEM,442,8,346,0,796,450,346
El Paso,103-VISTA HILLS ELEMENTARY,"CITY OF EL PASO, PROPOSITION",,FOR (A FAVOR),NP,395,17,293,0,705,412,293
El Paso,103-VISTA HILLS ELEMENTARY,"CITY OF EL PASO, PROPOSITION",,AGAINST (EN CONTRA),NP,214,21,88,0,323,235,88
El Paso,103-VISTA HILLS ELEMENTARY,"CITY OF EL PASO, PROPOSITION",,FOR (A FAVOR),NP,359,13,267,0,639,372,267
El Paso,103-VISTA HILLS ELEMENTARY,"CITY OF EL PASO, PROPOSITION",,AGAINST (EN CONTRA),NP,234,25,113,0,372,259,113
El Paso,103-VISTA HILLS ELEMENTARY,"CITY OF EL PASO, PROPOSITION",,FOR (A FAVOR),NP,320,15,248,0,583,335,248
El Paso,103-VISTA HILLS ELEMENTARY,"CITY OF EL PASO, PROPOSITION",,AGAINST (EN CONTRA),NP,271,21,128,0,420,292,128
El Paso,103-VISTA HILLS ELEMENTARY,STRAIGHT PARTY,,REPUBLICAN,REP,121,19,73,0,213,140,73
El Paso,103-VISTA HILLS ELEMENTARY,STRAIGHT PARTY,,DEMOCRAT,DEM,158,2,123,0,283,160,123
El Paso,103-VISTA HILLS ELEMENTARY,STRAIGHT PARTY,,LIBERTARIAN,LIB,1,1,3,0,5,2,3
El Paso,103-VISTA HILLS ELEMENTARY,STRAIGHT PARTY,,GREEN,GRN,1,0,0,0,1,1,0
El Paso,103-VISTA HILLS ELEMENTARY,US PRESIDENT,,MITT ROMNEY,REP,279,38,166,0,483,317,166
El Paso,103-VISTA HILLS ELEMENTARY,US PRESIDENT,,BARACK OBAMA,DEM,330,6,210,0,546,336,210
El Paso,103-VISTA HILLS ELEMENTARY,US PRESIDENT,,GARY JOHNSON,LIB,4,0,8,0,12,4,8
El Paso,103-VISTA HILLS ELEMENTARY,US PRESIDENT,,JILL STEIN,GRN,0,0,1,0,1,0,1
El Paso,103-VISTA HILLS ELEMENTARY,US PRESIDENT,,WRITE-IN,NP,0,0,0,0,0,0,0
El Paso,103-VISTA HILLS ELEMENTARY,US SENATOR,,TED CRUZ,REP,302,35,181,0,518,337,181
El Paso,103-VISTA HILLS ELEMENTARY,US SENATOR,,PAUL SADLER,DEM,292,7,188,0,487,299,188
El Paso,103-VISTA HILLS ELEMENTARY,US SENATOR,,JOHN JAY MYERS,LIB,3,0,9,0,12,3,9
El Paso,103-VISTA HILLS ELEMENTARY,US SENATOR,,DAVID B. COLLINS,GRN,3,0,2,0,5,3,2
El Paso,103-VISTA HILLS ELEMENTARY,US REP DISTRICT 16,,BARBARA CARRASCO,REP,277,31,145,0,453,308,145
El Paso,103-VISTA HILLS ELEMENTARY,US REP DISTRICT 16,,BETO OROURKE,DEM,325,11,233,0,569,336,233
El Paso,103-VISTA HILLS ELEMENTARY,US REP DISTRICT 16,,JUNART SODOY,LIB,4,0,3,0,7,4,3
El Paso,103-VISTA HILLS ELEMENTARY,RAILROAD COMMISSIONER,,CHRISTI CRADDICK,REP,265,32,141,0,438,297,141
El Paso,103-VISTA HILLS ELEMENTARY,RAILROAD COMMISSIONER,,DALE HENRY,DEM,276,6,199,0,481,282,199
El Paso,103-VISTA HILLS ELEMENTARY,RAILROAD COMMISSIONER,,VIVEKANANDA (VIK) WA,LIB,8,2,9,0,19,10,9
El Paso,103-VISTA HILLS ELEMENTARY,RAILROAD COMMISSIONER,,CHRIS KENNEDY,GRN,22,0,17,0,39,22,17
El Paso,103-VISTA HILLS ELEMENTARY,RAILROAD COMMISSIONER,,BARRY SMITHERMAN,REP,294,31,164,0,489,325,164
El Paso,103-VISTA HILLS ELEMENTARY,RAILROAD COMMISSIONER,,JAIME O. PEREZ,LIB,150,3,126,0,279,153,126
El Paso,103-VISTA HILLS ELEMENTARY,RAILROAD COMMISSIONER,,JOSH WENDEL,GRN,51,1,29,0,81,52,29
El Paso,103-VISTA HILLS ELEMENTARY,"JUSTICE, SUPREME COURT, PLACE 2",,DON WILLETT,REP,348,33,206,0,587,381,206
El Paso,103-VISTA HILLS ELEMENTARY,"JUSTICE, SUPREME COURT, PLACE 2",,RS ROBERT KOELSCH,LIB,125,2,109,0,236,127,109
El Paso,103-VISTA HILLS ELEMENTARY,"JUSTICE, SUPREME COURT, PLACE 4",,JOHN DEVINE,REP,317,31,189,0,537,348,189
El Paso,103-VISTA HILLS ELEMENTARY,"JUSTICE, SUPREME COURT, PLACE 4",,TOM OXFORD,LIB,102,2,99,0,203,104,99
El Paso,103-VISTA HILLS ELEMENTARY,"JUSTICE, SUPREME COURT, PLACE 4",,CHARLES E. WATERBURY,GRN,49,1,24,0,74,50,24
El Paso,103-VISTA HILLS ELEMENTARY,"JUSTICE, SUPREME COURT, PLACE 6",,NATHAN HECHT,REP,245,29,132,0,406,274,132
El Paso,103-VISTA HILLS ELEMENTARY,"JUSTICE, SUPREME COURT, PLACE 6",,MICHELE PETTY,DEM,294,5,211,0,510,299,211
El Paso,103-VISTA HILLS ELEMENTARY,"JUSTICE, SUPREME COURT, PLACE 6",,MARK ASH,LIB,17,1,14,0,32,18,14
El Paso,103-VISTA HILLS ELEMENTARY,"JUSTICE, SUPREME COURT, PLACE 6",,JIM CHISHOLM,GRN,16,1,8,0,25,17,8
El Paso,103-VISTA HILLS ELEMENTARY,"PRESIDING JUDGE, COURT OF CRIMINAL APPEALS",,SHARON KELLER,REP,263,31,147,0,441,294,147
El Paso,103-VISTA HILLS ELEMENTARY,"PRESIDING JUDGE, COURT OF CRIMINAL APPEALS",,KEITH HAMPTON,DEM,291,5,202,0,498,296,202
El Paso,103-VISTA HILLS ELEMENTARY,"PRESIDING JUDGE, COURT OF CRIMINAL APPEALS",,LANCE STOTT,LIB,14,1,16,0,31,15,16
El Paso,103-VISTA HILLS ELEMENTARY,"JUDGE, COURT OF CRIMINAL APPEALS, PLACE 7",,BARBARA PARKER HERVE,REP,341,33,199,0,573,374,199
El Paso,103-VISTA HILLS ELEMENTARY,"JUDGE, COURT OF CRIMINAL APPEALS, PLACE 7",,MARK W. BENNETT,LIB,140,2,118,0,260,142,118
El Paso,103-VISTA HILLS ELEMENTARY,"JUDGE, COURT OF CRIMINAL APPEALS, PLACE 8",,ELSA ALCALA,REP,345,31,209,0,585,376,209
El Paso,103-VISTA HILLS ELEMENTARY,"JUDGE, COURT OF CRIMINAL APPEALS, PLACE 8",,WILLIAM BRYAN STRANG,LIB,133,4,109,0,246,137,109
El Paso,103-VISTA HILLS ELEMENTARY,MEMBER STATE BOARD OF EDUCATION DISTRICT 1,,CARLOS CHARLIE GARZA,REP,270,33,151,0,454,303,151
El Paso,103-VISTA HILLS ELEMENTARY,MEMBER STATE BOARD OF EDUCATION DISTRICT 1,,MARTHA M. DOMINGUEZ,DEM,308,7,217,0,532,315,217
El Paso,103-VISTA HILLS ELEMENTARY,STATE SENATOR DISTRICT 29,,DAN CHAVEZ,REP,244,34,144,0,422,278,144
El Paso,103-VISTA HILLS ELEMENTARY,STATE SENATOR DISTRICT 29,,JOSE R. RODRIGUEZ,DEM,346,6,228,0,580,352,228
El Paso,103-VISTA HILLS ELEMENTARY,STATE REPRESENTATIVE DISTRICT 79,,JOE C. PICKETT,DEM,438,16,290,0,744,454,290
El Paso,103-VISTA HILLS ELEMENTARY,"CHIEF JUSTICE, COURT OF APPEALS 8TH DISTRICT",,ANN CRAWFORD MCCLURE,DEM,385,11,265,0,661,396,265
El Paso,103-VISTA HILLS ELEMENTARY,"JUSTICE, 8TH COURT OF APPEALS DISTRICT, PLACE 2",,CHRIS ANTCLIFF,REP,284,31,145,0,460,315,145
El Paso,103-VISTA HILLS ELEMENTARY,"JUSTICE, 8TH COURT OF APPEALS DISTRICT, PLACE 2",,YVONNE RODRIGUEZ,DEM,293,6,224,0,523,299,224
El Paso,103-VISTA HILLS ELEMENTARY,"JUSTICE, 8TH COURT OF APPEALS DISTRICT, PLACE 3",,GUADALUPE LUPE RIVER,DEM,387,11,267,0,665,398,267
El Paso,103-VISTA HILLS ELEMENTARY,"DISTRICT JUDGE, 34TH JUDICIAL DISTRICT",,BILL MOODY,DEM,395,11,269,0,675,406,269
El Paso,103-VISTA HILLS ELEMENTARY,"DISTRICT JUDGE, 41ST JUDICIAL DISTRICT",,ANNA PEREZ,DEM,385,10,262,0,657,395,262
El Paso,103-VISTA HILLS ELEMENTARY,"DISTRICT JUDGE, 243RD JUDICIAL DISTRICT",,BILLY DON HICKS,REP,286,32,163,0,481,318,163
El Paso,103-VISTA HILLS ELEMENTARY,"DISTRICT JUDGE, 243RD JUDICIAL DISTRICT",,LUIS AGUILAR,DEM,290,6,213,0,509,296,213
El Paso,103-VISTA HILLS ELEMENTARY,"DISTRICT JUDGE, 346TH JUDICIAL DISTRICT",,ANGIE J. BARILL,DEM,380,9,258,0,647,389,258
El Paso,103-VISTA HILLS ELEMENTARY,"DISTRICT JUDGE, 383RD JUDICIAL DISTRICT",,MIKE HERRERA,DEM,378,9,263,0,650,387,263
El Paso,103-VISTA HILLS ELEMENTARY,"DISTRICT JUDGE, 384TH JUDICIAL DISTRICT",,PATRICK M. GARCIA,DEM,382,9,262,0,653,391,262
El Paso,103-VISTA HILLS ELEMENTARY,"DISTRICT JUDGE, 388TH JUDICIAL DISTRICT",,LAURA STRATHMANN,DEM,384,9,263,0,656,393,263
El Paso,103-VISTA HILLS ELEMENTARY,"DISTRICT JUDGE, 409TH JUDICIAL DISTRICT",,SAM MEDRANO JR,DEM,381,9,266,0,656,390,266
El Paso,103-VISTA HILLS ELEMENTARY,"DISTRICT JUDGE, 448TH JUDICIAL DISTRICT",,SERGIO H. ENRIQUEZ,DEM,372,9,260,0,641,381,260
El Paso,103-VISTA HILLS ELEMENTARY,"CRIMINAL DISTRICT JUDGE, COURT NO. 1",,DIANE NAVARRETE,DEM,382,9,258,0,649,391,258
El Paso,103-VISTA HILLS ELEMENTARY,"FAMILY DISTRICT JUDGE, 65TH JUDICIAL DISTRICT",,YAHARA L. GUTIERREZ,DEM,385,11,256,0,652,396,256
El Paso,103-VISTA HILLS ELEMENTARY,"DISTRICT ATTORNEY, 34TH JUDICIAL DISTRICT",,JAIME ESPARZA,DEM,398,11,267,0,676,409,267
El Paso,103-VISTA HILLS ELEMENTARY,"JUDGE, COUNTY CRIMINAL COURT NO. 3",,CARLOS CARRASCO,DEM,376,10,259,0,645,386,259
El Paso,103-VISTA HILLS ELEMENTARY,"JUDGE, COUNTY CRIMINAL COURT NO. 4",,JESUS HERRERA,DEM,378,9,259,0,646,387,259
El Paso,103-VISTA HILLS ELEMENTARY,COUNTY ATTORNEY,,JO ANNE BERNAL,DEM,394,10,255,0,659,404,255
El Paso,103-VISTA HILLS ELEMENTARY,SHERIFF,,RICHARD D. WILES,DEM,404,12,266,0,682,416,266
El Paso,103-VISTA HILLS ELEMENTARY,COUNTY TAX ASSESSOR COLLECTOR,,VICTOR A. FLORES,DEM,394,15,269,0,678,409,269
El Paso,103-VISTA HILLS ELEMENTARY,"COUNTY COMMISSIONER, PRECINCT NO. 1",,BILL LENDERMAN,REP,254,31,137,0,422,285,137
El Paso,103-VISTA HILLS ELEMENTARY,"COUNTY COMMISSIONER, PRECINCT NO. 1",,CARLOS LEON,DEM,341,5,229,0,575,346,229
El Paso,103-VISTA HILLS ELEMENTARY,"CONSTABLE, PRECINCT NO. 4",,LUIS LOUIE AGUILAR,DEM,377,11,259,0,647,388,259
El Paso,104-FIRE STATION 24,"CITY OF EL PASO, PROPOSITION",,FOR (A FAVOR),NP,554,27,391,1,973,581,392
El Paso,104-FIRE STATION 24,"CITY OF EL PASO, PROPOSITION",,AGAINST (EN CONTRA),NP,250,9,101,0,360,259,101
El Paso,104-FIRE STATION 24,"CITY OF EL PASO, PROPOSITION",,FOR (A FAVOR),NP,495,27,365,1,888,522,366
El Paso,104-FIRE STATION 24,"CITY OF EL PASO, PROPOSITION",,AGAINST (EN CONTRA),NP,288,8,114,0,410,296,114
El Paso,104-FIRE STATION 24,"CITY OF EL PASO, PROPOSITION",,FOR (A FAVOR),NP,454,22,323,1,800,476,324
El Paso,104-FIRE STATION 24,"CITY OF EL PASO, PROPOSITION",,AGAINST (EN CONTRA),NP,338,13,163,0,514,351,163
El Paso,104-FIRE STATION 24,STRAIGHT PARTY,,REPUBLICAN,REP,147,12,86,0,245,159,86
El Paso,104-FIRE STATION 24,STRAIGHT PARTY,,DEMOCRAT,DEM,250,9,178,1,438,259,179
El Paso,104-FIRE STATION 24,STRAIGHT PARTY,,LIBERTARIAN,LIB,2,0,3,0,5,2,3
El Paso,104-FIRE STATION 24,STRAIGHT PARTY,,GREEN,GRN,1,0,2,0,3,1,2
El Paso,104-FIRE STATION 24,US PRESIDENT,,MITT ROMNEY,REP,357,23,186,0,566,380,186
El Paso,104-FIRE STATION 24,US PRESIDENT,,BARACK OBAMA,DEM,456,18,312,1,787,474,313
El Paso,104-FIRE STATION 24,US PRESIDENT,,GARY JOHNSON,LIB,7,0,5,0,12,7,5
El Paso,104-FIRE STATION 24,US PRESIDENT,,JILL STEIN,GRN,0,0,0,0,0,0,0
El Paso,104-FIRE STATION 24,US PRESIDENT,,WRITE-IN,NP,2,0,2,0,4,2,2
El Paso,104-FIRE STATION 24,US SENATOR,,TED CRUZ,REP,355,23,204,0,582,378,204
El Paso,104-FIRE STATION 24,US SENATOR,,PAUL SADLER,DEM,430,16,259,1,706,446,260
El Paso,104-FIRE STATION 24,US SENATOR,,JOHN JAY MYERS,LIB,13,0,15,0,28,13,15
El Paso,104-FIRE STATION 24,US SENATOR,,DAVID B. COLLINS,GRN,7,0,9,0,16,7,9
El Paso,104-FIRE STATION 24,US REP DISTRICT 16,,BARBARA CARRASCO,REP,311,17,171,0,499,328,171
El Paso,104-FIRE STATION 24,US REP DISTRICT 16,,BETO OROURKE,DEM,494,22,316,1,833,516,317
El Paso,104-FIRE STATION 24,US REP DISTRICT 16,,JUNART SODOY,LIB,11,0,10,0,21,11,10
El Paso,104-FIRE STATION 24,RAILROAD COMMISSIONER,,CHRISTI CRADDICK,REP,321,22,177,0,520,343,177
El Paso,104-FIRE STATION 24,RAILROAD COMMISSIONER,,DALE HENRY,DEM,418,15,270,1,704,433,271
El Paso,104-FIRE STATION 24,RAILROAD COMMISSIONER,,VIVEKANANDA (VIK) WA,LIB,15,0,14,0,29,15,14
El Paso,104-FIRE STATION 24,RAILROAD COMMISSIONER,,CHRIS KENNEDY,GRN,21,0,13,0,34,21,13
El Paso,104-FIRE STATION 24,RAILROAD COMMISSIONER,,BARRY SMITHERMAN,REP,331,24,194,0,549,355,194
El Paso,104-FIRE STATION 24,RAILROAD COMMISSIONER,,JAIME O. PEREZ,LIB,273,3,169,0,445,276,169
El Paso,104-FIRE STATION 24,RAILROAD COMMISSIONER,,JOSH WENDEL,GRN,62,0,48,0,110,62,48
El Paso,104-FIRE STATION 24,"JUSTICE, SUPREME COURT, PLACE 2",,DON WILLETT,REP,422,23,255,0,700,445,255
El Paso,104-FIRE STATION 24,"JUSTICE, SUPREME COURT, PLACE 2",,RS ROBERT KOELSCH,LIB,220,3,149,0,372,223,149
El Paso,104-FIRE STATION 24,"JUSTICE, SUPREME COURT, PLACE 4",,JOHN DEVINE,REP,394,23,239,0,656,417,239
El Paso,104-FIRE STATION 24,"JUSTICE, SUPREME COURT, PLACE 4",,TOM OXFORD,LIB,184,3,107,0,294,187,107
El Paso,104-FIRE STATION 24,"JUSTICE, SUPREME COURT, PLACE 4",,CHARLES E. WATERBURY,GRN,66,0,52,0,118,66,52
El Paso,104-FIRE STATION 24,"JUSTICE, SUPREME COURT, PLACE 6",,NATHAN HECHT,REP,280,22,155,0,457,302,155
El Paso,104-FIRE STATION 24,"JUSTICE, SUPREME COURT, PLACE 6",,MICHELE PETTY,DEM,445,15,291,1,752,460,292
El Paso,104-FIRE STATION 24,"JUSTICE, SUPREME COURT, PLACE 6",,MARK ASH,LIB,32,0,16,0,48,32,16
El Paso,104-FIRE STATION 24,"JUSTICE, SUPREME COURT, PLACE 6",,JIM CHISHOLM,GRN,18,0,14,0,32,18,14
El Paso,104-FIRE STATION 24,"PRESIDING JUDGE, COURT OF CRIMINAL APPEALS",,SHARON KELLER,REP,317,22,174,0,513,339,174
El Paso,104-FIRE STATION 24,"PRESIDING JUDGE, COURT OF CRIMINAL APPEALS",,KEITH HAMPTON,DEM,435,15,277,1,728,450,278
El Paso,104-FIRE STATION 24,"PRESIDING JUDGE, COURT OF CRIMINAL APPEALS",,LANCE STOTT,LIB,29,0,22,0,51,29,22
El Paso,104-FIRE STATION 24,"JUDGE, COURT OF CRIMINAL APPEALS, PLACE 7",,BARBARA PARKER HERVE,REP,420,25,250,0,695,445,250
El Paso,104-FIRE STATION 24,"JUDGE, COURT OF CRIMINAL APPEALS, PLACE 7",,MARK W. BENNETT,LIB,235,2,143,0,380,237,143
El Paso,104-FIRE STATION 24,"JUDGE, COURT OF CRIMINAL APPEALS, PLACE 8",,ELSA ALCALA,REP,435,26,262,0,723,461,262
El Paso,104-FIRE STATION 24,"JUDGE, COURT OF CRIMINAL APPEALS, PLACE 8",,WILLIAM BRYAN STRANG,LIB,206,2,133,0,341,208,133
El Paso,104-FIRE STATION 24,MEMBER STATE BOARD OF EDUCATION DISTRICT 1,,CARLOS CHARLIE GARZA,REP,321,22,176,0,519,343,176
El Paso,104-FIRE STATION 24,MEMBER STATE BOARD OF EDUCATION DISTRICT 1,,MARTHA M. DOMINGUEZ,DEM,453,16,298,1,768,469,299
El Paso,104-FIRE STATION 24,STATE SENATOR DISTRICT 29,,DAN CHAVEZ,REP,301,22,170,0,493,323,170
El Paso,104-FIRE STATION 24,STATE SENATOR DISTRICT 29,,JOSE R. RODRIGUEZ,DEM,501,17,312,1,831,518,313
El Paso,104-FIRE STATION 24,STATE REPRESENTATIVE DISTRICT 79,,JOE C. PICKETT,DEM,617,25,376,1,1019,642,377
El Paso,104-FIRE STATION 24,"CHIEF JUSTICE, COURT OF APPEALS 8TH DISTRICT",,ANN CRAWFORD MCCLURE,DEM,550,22,354,1,927,572,355
El Paso,104-FIRE STATION 24,"JUSTICE, 8TH COURT OF APPEALS DISTRICT, PLACE 2",,CHRIS ANTCLIFF,REP,334,22,177,0,533,356,177
El Paso,104-FIRE STATION 24,"JUSTICE, 8TH COURT OF APPEALS DISTRICT, PLACE 2",,YVONNE RODRIGUEZ,DEM,457,17,301,1,776,474,302
El Paso,104-FIRE STATION 24,"JUSTICE, 8TH COURT OF APPEALS DISTRICT, PLACE 3",,GUADALUPE LUPE RIVER,DEM,557,22,367,1,947,579,368
El Paso,104-FIRE STATION 24,"DISTRICT JUDGE, 34TH JUDICIAL DISTRICT",,BILL MOODY,DEM,557,21,357,1,936,578,358
El Paso,104-FIRE STATION 24,"DISTRICT JUDGE, 41ST JUDICIAL DISTRICT",,ANNA PEREZ,DEM,548,21,362,1,932,569,363
El Paso,104-FIRE STATION 24,"DISTRICT JUDGE, 243RD JUDICIAL DISTRICT",,BILLY DON HICKS,REP,363,22,188,0,573,385,188
El Paso,104-FIRE STATION 24,"DISTRICT JUDGE, 243RD JUDICIAL DISTRICT",,LUIS AGUILAR,DEM,430,15,290,1,736,445,291
El Paso,104-FIRE STATION 24,"DISTRICT JUDGE, 346TH JUDICIAL DISTRICT",,ANGIE J. BARILL,DEM,541,20,355,1,917,561,356
El Paso,104-FIRE STATION 24,"DISTRICT JUDGE, 383RD JUDICIAL DISTRICT",,MIKE HERRERA,DEM,535,19,363,1,918,554,364
El Paso,104-FIRE STATION 24,"DISTRICT JUDGE, 384TH JUDICIAL DISTRICT",,PATRICK M. GARCIA,DEM,539,20,355,1,915,559,356
El Paso,104-FIRE STATION 24,"DISTRICT JUDGE, 388TH JUDICIAL DISTRICT",,LAURA STRATHMANN,DEM,540,19,356,1,916,559,357
El Paso,104-FIRE STATION 24,"DISTRICT JUDGE, 409TH JUDICIAL DISTRICT",,SAM MEDRANO JR,DEM,543,19,357,1,920,562,358
El Paso,104-FIRE STATION 24,"DISTRICT JUDGE, 448TH JUDICIAL DISTRICT",,SERGIO H. ENRIQUEZ,DEM,535,19,353,1,908,554,354
El Paso,104-FIRE STATION 24,"CRIMINAL DISTRICT JUDGE, COURT NO. 1",,DIANE NAVARRETE,DEM,542,20,356,1,919,562,357
El Paso,104-FIRE STATION 24,"FAMILY DISTRICT JUDGE, 65TH JUDICIAL DISTRICT",,YAHARA L. GUTIERREZ,DEM,539,20,356,1,916,559,357
El Paso,104-FIRE STATION 24,"DISTRICT ATTORNEY, 34TH JUDICIAL DISTRICT",,JAIME ESPARZA,DEM,540,23,362,1,926,563,363
El Paso,104-FIRE STATION 24,"JUDGE, COUNTY CRIMINAL COURT NO. 3",,CARLOS CARRASCO,DEM,529,21,355,1,906,550,356
El Paso,104-FIRE STATION 24,"JUDGE, COUNTY CRIMINAL COURT NO. 4",,JESUS HERRERA,DEM,527,20,353,1,901,547,354
El Paso,104-FIRE STATION 24,COUNTY ATTORNEY,,JO ANNE BERNAL,DEM,546,22,356,1,925,568,357
El Paso,104-FIRE STATION 24,SHERIFF,,RICHARD D. WILES,DEM,574,25,365,1,965,599,366
El Paso,104-FIRE STATION 24,COUNTY TAX ASSESSOR COLLECTOR,,VICTOR A. FLORES,DEM,559,26,367,1,953,585,368
El Paso,104-FIRE STATION 24,"COUNTY COMMISSIONER, PRECINCT NO. 1",,BILL LENDERMAN,REP,278,19,161,0,458,297,161
El Paso,104-FIRE STATION 24,"COUNTY COMMISSIONER, PRECINCT NO. 1",,CARLOS LEON,DEM,520,19,320,1,860,539,321
El Paso,104-FIRE STATION 24,"CONSTABLE, PRECINCT NO. 4",,LUIS LOUIE AGUILAR,DEM,518,20,346,1,885,538,347
El Paso,105-INDIAN RIDGE MIDDLE,"CITY OF EL PASO, PROPOSITION",,FOR (A FAVOR),NP,515,24,425,0,964,539,425
El Paso,105-INDIAN RIDGE MIDDLE,"CITY OF EL PASO, PROPOSITION",,AGAINST (EN CONTRA),NP,230,6,120,0,356,236,120
El Paso,105-INDIAN RIDGE MIDDLE,"CITY OF EL PASO, PROPOSITION",,FOR (A FAVOR),NP,485,22,392,0,899,507,392
El Paso,105-INDIAN RIDGE MIDDLE,"CITY OF EL PASO, PROPOSITION",,AGAINST (EN CONTRA),NP,248,7,146,0,401,255,146
El Paso,105-INDIAN RIDGE MIDDLE,"CITY OF EL PASO, PROPOSITION",,FOR (A FAVOR),NP,434,15,343,0,792,449,343
El Paso,105-INDIAN RIDGE MIDDLE,"CITY OF EL PASO, PROPOSITION",,AGAINST (EN CONTRA),NP,307,11,194,0,512,318,194
El Paso,105-INDIAN RIDGE MIDDLE,STRAIGHT PARTY,,REPUBLICAN,REP,126,6,80,0,212,132,80
El Paso,105-INDIAN RIDGE MIDDLE,STRAIGHT PARTY,,DEMOCRAT,DEM,291,11,248,0,550,302,248
El Paso,105-INDIAN RIDGE MIDDLE,STRAIGHT PARTY,,LIBERTARIAN,LIB,6,0,1,0,7,6,1
El Paso,105-INDIAN RIDGE MIDDLE,STRAIGHT PARTY,,GREEN,GRN,1,0,2,0,3,1,2
El Paso,105-INDIAN RIDGE MIDDLE,US PRESIDENT,,MITT ROMNEY,REP,266,16,163,0,445,282,163
El Paso,105-INDIAN RIDGE MIDDLE,US PRESIDENT,,BARACK OBAMA,DEM,488,15,378,0,881,503,378
El Paso,105-INDIAN RIDGE MIDDLE,US PRESIDENT,,GARY JOHNSON,LIB,10,0,10,0,20,10,10
El Paso,105-INDIAN RIDGE MIDDLE,US PRESIDENT,,JILL STEIN,GRN,2,0,1,0,3,2,1
El Paso,105-INDIAN RIDGE MIDDLE,US PRESIDENT,,WRITE-IN,NP,2,0,0,0,2,2,0
El Paso,105-INDIAN RIDGE MIDDLE,US SENATOR,,TED CRUZ,REP,287,16,189,0,492,303,189
El Paso,105-INDIAN RIDGE MIDDLE,US SENATOR,,PAUL SADLER,DEM,450,15,335,0,800,465,335
El Paso,105-INDIAN RIDGE MIDDLE,US SENATOR,,JOHN JAY MYERS,LIB,15,0,9,0,24,15,9
El Paso,105-INDIAN RIDGE MIDDLE,US SENATOR,,DAVID B. COLLINS,GRN,8,0,7,0,15,8,7
El Paso,105-INDIAN RIDGE MIDDLE,US REP DISTRICT 16,,BARBARA CARRASCO,REP,266,14,158,0,438,280,158
El Paso,105-INDIAN RIDGE MIDDLE,US REP DISTRICT 16,,BETO OROURKE,DEM,477,17,381,0,875,494,381
El Paso,105-INDIAN RIDGE MIDDLE,US REP DISTRICT 16,,JUNART SODOY,LIB,20,0,6,0,26,20,6
El Paso,105-INDIAN RIDGE MIDDLE,RAILROAD COMMISSIONER,,CHRISTI CRADDICK,REP,263,16,154,0,433,279,154
El Paso,105-INDIAN RIDGE MIDDLE,RAILROAD COMMISSIONER,,DALE HENRY,DEM,442,13,342,0,797,455,342
El Paso,105-INDIAN RIDGE MIDDLE,RAILROAD COMMISSIONER,,VIVEKANANDA (VIK) WA,LIB,19,0,10,0,29,19,10
El Paso,105-INDIAN RIDGE MIDDLE,RAILROAD COMMISSIONER,,CHRIS KENNEDY,GRN,23,1,18,0,42,24,18
El Paso,105-INDIAN RIDGE MIDDLE,RAILROAD COMMISSIONER,,BARRY SMITHERMAN,REP,293,15,187,0,495,308,187
El Paso,105-INDIAN RIDGE MIDDLE,RAILROAD COMMISSIONER,,JAIME O. PEREZ,LIB,263,5,229,0,497,268,229
El Paso,105-INDIAN RIDGE MIDDLE,RAILROAD COMMISSIONER,,JOSH WENDEL,GRN,61,3,39,0,103,64,39
El Paso,105-INDIAN RIDGE MIDDLE,"JUSTICE, SUPREME COURT, PLACE 2",,DON WILLETT,REP,347,16,255,0,618,363,255
El Paso,105-INDIAN RIDGE MIDDLE,"JUSTICE, SUPREME COURT, PLACE 2",,RS ROBERT KOELSCH,LIB,256,6,194,0,456,262,194
El Paso,105-INDIAN RIDGE MIDDLE,"JUSTICE, SUPREME COURT, PLACE 4",,JOHN DEVINE,REP,336,15,235,0,586,351,235
El Paso,105-INDIAN RIDGE MIDDLE,"JUSTICE, SUPREME COURT, PLACE 4",,TOM OXFORD,LIB,194,6,143,0,343,200,143
El Paso,105-INDIAN RIDGE MIDDLE,"JUSTICE, SUPREME COURT, PLACE 4",,CHARLES E. WATERBURY,GRN,77,2,63,0,142,79,63
El Paso,105-INDIAN RIDGE MIDDLE,"JUSTICE, SUPREME COURT, PLACE 6",,NATHAN HECHT,REP,234,15,137,0,386,249,137
El Paso,105-INDIAN RIDGE MIDDLE,"JUSTICE, SUPREME COURT, PLACE 6",,MICHELE PETTY,DEM,467,14,362,0,843,481,362
El Paso,105-INDIAN RIDGE MIDDLE,"JUSTICE, SUPREME COURT, PLACE 6",,MARK ASH,LIB,21,1,13,0,35,22,13
El Paso,105-INDIAN RIDGE MIDDLE,"JUSTICE, SUPREME COURT, PLACE 6",,JIM CHISHOLM,GRN,12,0,13,0,25,12,13
El Paso,105-INDIAN RIDGE MIDDLE,"PRESIDING JUDGE, COURT OF CRIMINAL APPEALS",,SHARON KELLER,REP,270,14,160,0,444,284,160
El Paso,105-INDIAN RIDGE MIDDLE,"PRESIDING JUDGE, COURT OF CRIMINAL APPEALS",,KEITH HAMPTON,DEM,443,13,350,0,806,456,350
El Paso,105-INDIAN RIDGE MIDDLE,"PRESIDING JUDGE, COURT OF CRIMINAL APPEALS",,LANCE STOTT,LIB,25,3,13,0,41,28,13
El Paso,105-INDIAN RIDGE MIDDLE,"JUDGE, COURT OF CRIMINAL APPEALS, PLACE 7",,BARBARA PARKER HERVE,REP,374,15,252,0,641,389,252
El Paso,105-INDIAN RIDGE MIDDLE,"JUDGE, COURT OF CRIMINAL APPEALS, PLACE 7",,MARK W. BENNETT,LIB,232,7,190,0,429,239,190
El Paso,105-INDIAN RIDGE MIDDLE,"JUDGE, COURT OF CRIMINAL APPEALS, PLACE 8",,ELSA ALCALA,REP,387,15,287,0,689,402,287
El Paso,105-INDIAN RIDGE MIDDLE,"JUDGE, COURT OF CRIMINAL APPEALS, PLACE 8",,WILLIAM BRYAN STRANG,LIB,217,7,160,0,384,224,160
El Paso,105-INDIAN RIDGE MIDDLE,MEMBER STATE BOARD OF EDUCATION DISTRICT 1,,CARLOS CHARLIE GARZA,REP,270,15,149,0,434,285,149
El Paso,105-INDIAN RIDGE MIDDLE,MEMBER STATE BOARD OF EDUCATION DISTRICT 1,,MARTHA M. DOMINGUEZ,DEM,469,15,377,0,861,484,377
El Paso,105-INDIAN RIDGE MIDDLE,STATE SENATOR DISTRICT 29,,DAN CHAVEZ,REP,243,16,149,0,408,259,149
El Paso,105-INDIAN RIDGE MIDDLE,STATE SENATOR DISTRICT 29,,JOSE R. RODRIGUEZ,DEM,507,15,382,0,904,522,382
El Paso,105-INDIAN RIDGE MIDDLE,STATE REPRESENTATIVE DISTRICT 79,,JOE C. PICKETT,DEM,616,21,446,0,1083,637,446
El Paso,105-INDIAN RIDGE MIDDLE,"CHIEF JUSTICE, COURT OF APPEALS 8TH DISTRICT",,ANN CRAWFORD MCCLURE,DEM,568,19,419,0,1006,587,419
El Paso,105-INDIAN RIDGE MIDDLE,"JUSTICE, 8TH COURT OF APPEALS DISTRICT, PLACE 2",,CHRIS ANTCLIFF,REP,263,16,153,0,432,279,153
El Paso,105-INDIAN RIDGE MIDDLE,"JUSTICE, 8TH COURT OF APPEALS DISTRICT, PLACE 2",,YVONNE RODRIGUEZ,DEM,478,15,368,0,861,493,368
El Paso,105-INDIAN RIDGE MIDDLE,"JUSTICE, 8TH COURT OF APPEALS DISTRICT, PLACE 3",,GUADALUPE LUPE RIVER,DEM,573,20,430,0,1023,593,430
El Paso,105-INDIAN RIDGE MIDDLE,"DISTRICT JUDGE, 34TH JUDICIAL DISTRICT",,BILL MOODY,DEM,573,21,423,0,1017,594,423
El Paso,105-INDIAN RIDGE MIDDLE,"DISTRICT JUDGE, 41ST JUDICIAL DISTRICT",,ANNA PEREZ,DEM,566,19,424,0,1009,585,424
El Paso,105-INDIAN RIDGE MIDDLE,"DISTRICT JUDGE, 243RD JUDICIAL DISTRICT",,BILLY DON HICKS,REP,275,15,172,0,462,290,172
El Paso,105-INDIAN RIDGE MIDDLE,"DISTRICT JUDGE, 243RD JUDICIAL DISTRICT",,LUIS AGUILAR,DEM,463,15,359,0,837,478,359
El Paso,105-INDIAN RIDGE MIDDLE,"DISTRICT JUDGE, 346TH JUDICIAL DISTRICT",,ANGIE J. BARILL,DEM,563,19,425,0,1007,582,425
El Paso,105-INDIAN RIDGE MIDDLE,"DISTRICT JUDGE, 383RD JUDICIAL DISTRICT",,MIKE HERRERA,DEM,555,19,425,0,999,574,425
El Paso,105-INDIAN RIDGE MIDDLE,"DISTRICT JUDGE, 384TH JUDICIAL DISTRICT",,PATRICK M. GARCIA,DEM,554,19,422,0,995,573,422
El Paso,105-INDIAN RIDGE MIDDLE,"DISTRICT JUDGE, 388TH JUDICIAL DISTRICT",,LAURA STRATHMANN,DEM,557,19,423,0,999,576,423
El Paso,105-INDIAN RIDGE MIDDLE,"DISTRICT JUDGE, 409TH JUDICIAL DISTRICT",,SAM MEDRANO JR,DEM,559,20,419,0,998,579,419
El Paso,105-INDIAN RIDGE MIDDLE,"DISTRICT JUDGE, 448TH JUDICIAL DISTRICT",,SERGIO H. ENRIQUEZ,DEM,555,19,424,0,998,574,424
El Paso,105-INDIAN RIDGE MIDDLE,"CRIMINAL DISTRICT JUDGE, COURT NO. 1",,DIANE NAVARRETE,DEM,558,19,420,0,997,577,420
El Paso,105-INDIAN RIDGE MIDDLE,"FAMILY DISTRICT JUDGE, 65TH JUDICIAL DISTRICT",,YAHARA L. GUTIERREZ,DEM,550,19,419,0,988,569,419
El Paso,105-INDIAN RIDGE MIDDLE,"DISTRICT ATTORNEY, 34TH JUDICIAL DISTRICT",,JAIME ESPARZA,DEM,557,20,420,0,997,577,420
El Paso,105-INDIAN RIDGE MIDDLE,"JUDGE, COUNTY CRIMINAL COURT NO. 3",,CARLOS CARRASCO,DEM,556,19,413,0,988,575,413
El Paso,105-INDIAN RIDGE MIDDLE,"JUDGE, COUNTY CRIMINAL COURT NO. 4",,JESUS HERRERA,DEM,556,20,410,0,986,576,410
El Paso,105-INDIAN RIDGE MIDDLE,COUNTY ATTORNEY,,JO ANNE BERNAL,DEM,561,20,415,0,996,581,415
El Paso,105-INDIAN RIDGE MIDDLE,SHERIFF,,RICHARD D. WILES,DEM,582,21,427,0,1030,603,427
El Paso,105-INDIAN RIDGE MIDDLE,COUNTY TAX ASSESSOR COLLECTOR,,VICTOR A. FLORES,DEM,578,21,427,0,1026,599,427
El Paso,105-INDIAN RIDGE MIDDLE,"COUNTY COMMISSIONER, PRECINCT NO. 1",,BILL LENDERMAN,REP,252,15,145,0,412,267,145
El Paso,105-INDIAN RIDGE MIDDLE,"COUNTY COMMISSIONER, PRECINCT NO. 1",,CARLOS LEON,DEM,490,15,385,0,890,505,385
El Paso,105-INDIAN RIDGE MIDDLE,"CONSTABLE, PRECINCT NO. 4",,LUIS LOUIE AGUILAR,DEM,557,19,414,0,990,576,414
El Paso,106-GLEN COVE ELEMENTARY,"CITY OF EL PASO, PROPOSITION",,FOR (A FAVOR),NP,517,13,497,2,1029,530,499
El Paso,106-GLEN COVE ELEMENTARY,"CITY OF EL PASO, PROPOSITION",,AGAINST (EN CONTRA),NP,172,1,105,0,278,173,105
El Paso,106-GLEN COVE ELEMENTARY,"CITY OF EL PASO, PROPOSITION",,FOR (A FAVOR),NP,479,12,463,2,956,491,465
El Paso,106-GLEN COVE ELEMENTARY,"CITY OF EL PASO, PROPOSITION",,AGAINST (EN CONTRA),NP,189,2,132,0,323,191,132
El Paso,106-GLEN COVE ELEMENTARY,"CITY OF EL PASO, PROPOSITION",,FOR (A FAVOR),NP,427,8,395,1,831,435,396
El Paso,106-GLEN COVE ELEMENTARY,"CITY OF EL PASO, PROPOSITION",,AGAINST (EN CONTRA),NP,252,6,191,1,450,258,192
El Paso,106-GLEN COVE ELEMENTARY,STRAIGHT PARTY,,REPUBLICAN,REP,110,3,78,0,191,113,78
El Paso,106-GLEN COVE ELEMENTARY,STRAIGHT PARTY,,DEMOCRAT,DEM,295,4,327,2,628,299,329
El Paso,106-GLEN COVE ELEMENTARY,STRAIGHT PARTY,,LIBERTARIAN,LIB,3,0,8,0,11,3,8
El Paso,106-GLEN COVE ELEMENTARY,STRAIGHT PARTY,,GREEN,GRN,0,0,4,0,4,0,4
El Paso,106-GLEN COVE ELEMENTARY,US PRESIDENT,,MITT ROMNEY,REP,232,8,138,0,378,240,138
El Paso,106-GLEN COVE ELEMENTARY,US PRESIDENT,,BARACK OBAMA,DEM,476,6,465,2,949,482,467
El Paso,106-GLEN COVE ELEMENTARY,US PRESIDENT,,GARY JOHNSON,LIB,2,0,8,0,10,2,8
El Paso,106-GLEN COVE ELEMENTARY,US PRESIDENT,,JILL STEIN,GRN,0,0,5,0,5,0,5
El Paso,106-GLEN COVE ELEMENTARY,US PRESIDENT,,WRITE-IN,NP,1,0,0,0,1,1,0
El Paso,106-GLEN COVE ELEMENTARY,US SENATOR,,TED CRUZ,REP,247,8,156,0,411,255,156
El Paso,106-GLEN COVE ELEMENTARY,US SENATOR,,PAUL SADLER,DEM,428,6,415,2,851,434,417
El Paso,106-GLEN COVE ELEMENTARY,US SENATOR,,JOHN JAY MYERS,LIB,8,0,14,0,22,8,14
El Paso,106-GLEN COVE ELEMENTARY,US SENATOR,,DAVID B. COLLINS,GRN,4,0,13,0,17,4,13
El Paso,106-GLEN COVE ELEMENTARY,US REP DISTRICT 16,,BARBARA CARRASCO,REP,237,6,159,0,402,243,159
El Paso,106-GLEN COVE ELEMENTARY,US REP DISTRICT 16,,BETO OROURKE,DEM,459,8,431,2,900,467,433
El Paso,106-GLEN COVE ELEMENTARY,US REP DISTRICT 16,,JUNART SODOY,LIB,6,0,12,0,18,6,12
El Paso,106-GLEN COVE ELEMENTARY,RAILROAD COMMISSIONER,,CHRISTI CRADDICK,REP,211,7,126,0,344,218,126
El Paso,106-GLEN COVE ELEMENTARY,RAILROAD COMMISSIONER,,DALE HENRY,DEM,428,5,415,2,850,433,417
El Paso,106-GLEN COVE ELEMENTARY,RAILROAD COMMISSIONER,,VIVEKANANDA (VIK) WA,LIB,10,0,17,0,27,10,17
El Paso,106-GLEN COVE ELEMENTARY,RAILROAD COMMISSIONER,,CHRIS KENNEDY,GRN,26,2,23,0,51,28,23
El Paso,106-GLEN COVE ELEMENTARY,RAILROAD COMMISSIONER,,BARRY SMITHERMAN,REP,252,8,162,1,423,260,163
El Paso,106-GLEN COVE ELEMENTARY,RAILROAD COMMISSIONER,,JAIME O. PEREZ,LIB,250,4,260,0,514,254,260
El Paso,106-GLEN COVE ELEMENTARY,RAILROAD COMMISSIONER,,JOSH WENDEL,GRN,54,0,44,0,98,54,44
El Paso,106-GLEN COVE ELEMENTARY,"JUSTICE, SUPREME COURT, PLACE 2",,DON WILLETT,REP,334,8,238,1,581,342,239
El Paso,106-GLEN COVE ELEMENTARY,"JUSTICE, SUPREME COURT, PLACE 2",,RS ROBERT KOELSCH,LIB,206,3,217,0,426,209,217
El Paso,106-GLEN COVE ELEMENTARY,"JUSTICE, SUPREME COURT, PLACE 4",,JOHN DEVINE,REP,296,8,209,0,513,304,209
El Paso,106-GLEN COVE ELEMENTARY,"JUSTICE, SUPREME COURT, PLACE 4",,TOM OXFORD,LIB,178,3,188,1,370,181,189
El Paso,106-GLEN COVE ELEMENTARY,"JUSTICE, SUPREME COURT, PLACE 4",,CHARLES E. WATERBURY,GRN,63,1,56,0,120,64,56
El Paso,106-GLEN COVE ELEMENTARY,"JUSTICE, SUPREME COURT, PLACE 6",,NATHAN HECHT,REP,195,7,123,0,325,202,123
El Paso,106-GLEN COVE ELEMENTARY,"JUSTICE, SUPREME COURT, PLACE 6",,MICHELE PETTY,DEM,447,7,420,2,876,454,422
El Paso,106-GLEN COVE ELEMENTARY,"JUSTICE, SUPREME COURT, PLACE 6",,MARK ASH,LIB,13,0,18,0,31,13,18
El Paso,106-GLEN COVE ELEMENTARY,"JUSTICE, SUPREME COURT, PLACE 6",,JIM CHISHOLM,GRN,18,0,18,0,36,18,18
El Paso,106-GLEN COVE ELEMENTARY,"PRESIDING JUDGE, COURT OF CRIMINAL APPEALS",,SHARON KELLER,REP,224,8,139,0,371,232,139
El Paso,106-GLEN COVE ELEMENTARY,"PRESIDING JUDGE, COURT OF CRIMINAL APPEALS",,KEITH HAMPTON,DEM,424,5,419,2,850,429,421
El Paso,106-GLEN COVE ELEMENTARY,"PRESIDING JUDGE, COURT OF CRIMINAL APPEALS",,LANCE STOTT,LIB,20,1,20,0,41,21,20
El Paso,106-GLEN COVE ELEMENTARY,"JUDGE, COURT OF CRIMINAL APPEALS, PLACE 7",,BARBARA PARKER HERVE,REP,330,8,248,0,586,338,248
El Paso,106-GLEN COVE ELEMENTARY,"JUDGE, COURT OF CRIMINAL APPEALS, PLACE 7",,MARK W. BENNETT,LIB,195,3,208,1,407,198,209
El Paso,106-GLEN COVE ELEMENTARY,"JUDGE, COURT OF CRIMINAL APPEALS, PLACE 8",,ELSA ALCALA,REP,331,8,271,0,610,339,271
El Paso,106-GLEN COVE ELEMENTARY,"JUDGE, COURT OF CRIMINAL APPEALS, PLACE 8",,WILLIAM BRYAN STRANG,LIB,197,3,185,1,386,200,186
El Paso,106-GLEN COVE ELEMENTARY,MEMBER STATE BOARD OF EDUCATION DISTRICT 1,,CARLOS CHARLIE GARZA,REP,226,7,148,0,381,233,148
El Paso,106-GLEN COVE ELEMENTARY,MEMBER STATE BOARD OF EDUCATION DISTRICT 1,,MARTHA M. DOMINGUEZ,DEM,456,7,433,2,898,463,435
El Paso,106-GLEN COVE ELEMENTARY,STATE SENATOR DISTRICT 29,,DAN CHAVEZ,REP,211,5,147,0,363,216,147
El Paso,106-GLEN COVE ELEMENTARY,STATE SENATOR DISTRICT 29,,JOSE R. RODRIGUEZ,DEM,485,8,446,2,941,493,448
El Paso,106-GLEN COVE ELEMENTARY,STATE REPRESENTATIVE DISTRICT 79,,JOE C. PICKETT,DEM,569,8,517,2,1096,577,519
El Paso,106-GLEN COVE ELEMENTARY,"CHIEF JUSTICE, COURT OF APPEALS 8TH DISTRICT",,ANN CRAWFORD MCCLURE,DEM,531,8,490,2,1031,539,492
El Paso,106-GLEN COVE ELEMENTARY,"JUSTICE, 8TH COURT OF APPEALS DISTRICT, PLACE 2",,CHRIS ANTCLIFF,REP,219,6,127,0,352,225,127
El Paso,106-GLEN COVE ELEMENTARY,"JUSTICE, 8TH COURT OF APPEALS DISTRICT, PLACE 2",,YVONNE RODRIGUEZ,DEM,467,7,449,2,925,474,451
El Paso,106-GLEN COVE ELEMENTARY,"JUSTICE, 8TH COURT OF APPEALS DISTRICT, PLACE 3",,GUADALUPE LUPE RIVER,DEM,540,8,494,2,1044,548,496
El Paso,106-GLEN COVE ELEMENTARY,"DISTRICT JUDGE, 34TH JUDICIAL DISTRICT",,BILL MOODY,DEM,538,8,487,2,1035,546,489
El Paso,106-GLEN COVE ELEMENTARY,"DISTRICT JUDGE, 41ST JUDICIAL DISTRICT",,ANNA PEREZ,DEM,527,8,490,2,1027,535,492
El Paso,106-GLEN COVE ELEMENTARY,"DISTRICT JUDGE, 243RD JUDICIAL DISTRICT",,BILLY DON HICKS,REP,237,8,154,0,399,245,154
El Paso,106-GLEN COVE ELEMENTARY,"DISTRICT JUDGE, 243RD JUDICIAL DISTRICT",,LUIS AGUILAR,DEM,450,6,430,2,888,456,432
El Paso,106-GLEN COVE ELEMENTARY,"DISTRICT JUDGE, 346TH JUDICIAL DISTRICT",,ANGIE J. BARILL,DEM,518,7,483,2,1010,525,485
El Paso,106-GLEN COVE ELEMENTARY,"DISTRICT JUDGE, 383RD JUDICIAL DISTRICT",,MIKE HERRERA,DEM,520,7,482,2,1011,527,484
El Paso,106-GLEN COVE ELEMENTARY,"DISTRICT JUDGE, 384TH JUDICIAL DISTRICT",,PATRICK M. GARCIA,DEM,515,8,480,2,1005,523,482
El Paso,106-GLEN COVE ELEMENTARY,"DISTRICT JUDGE, 388TH JUDICIAL DISTRICT",,LAURA STRATHMANN,DEM,518,8,479,2,1007,526,481
El Paso,106-GLEN COVE ELEMENTARY,"DISTRICT JUDGE, 409TH JUDICIAL DISTRICT",,SAM MEDRANO JR,DEM,521,8,482,2,1013,529,484
El Paso,106-GLEN COVE ELEMENTARY,"DISTRICT JUDGE, 448TH JUDICIAL DISTRICT",,SERGIO H. ENRIQUEZ,DEM,509,8,480,2,999,517,482
El Paso,106-GLEN COVE ELEMENTARY,"CRIMINAL DISTRICT JUDGE, COURT NO. 1",,DIANE NAVARRETE,DEM,509,8,481,2,1000,517,483
El Paso,106-GLEN COVE ELEMENTARY,"FAMILY DISTRICT JUDGE, 65TH JUDICIAL DISTRICT",,YAHARA L. GUTIERREZ,DEM,512,8,481,2,1003,520,483
El Paso,106-GLEN COVE ELEMENTARY,"DISTRICT ATTORNEY, 34TH JUDICIAL DISTRICT",,JAIME ESPARZA,DEM,516,8,476,2,1002,524,478
El Paso,106-GLEN COVE ELEMENTARY,"JUDGE, COUNTY CRIMINAL COURT NO. 3",,CARLOS CARRASCO,DEM,517,8,478,2,1005,525,480
El Paso,106-GLEN COVE ELEMENTARY,"JUDGE, COUNTY CRIMINAL COURT NO. 4",,JESUS HERRERA,DEM,516,8,474,2,1000,524,476
El Paso,106-GLEN COVE ELEMENTARY,COUNTY ATTORNEY,,JO ANNE BERNAL,DEM,524,8,478,2,1012,532,480
El Paso,106-GLEN COVE ELEMENTARY,SHERIFF,,RICHARD D. WILES,DEM,529,8,486,2,1025,537,488
El Paso,106-GLEN COVE ELEMENTARY,COUNTY TAX ASSESSOR COLLECTOR,,VICTOR A. FLORES,DEM,523,9,487,2,1021,532,489
El Paso,106-GLEN COVE ELEMENTARY,"COUNTY COMMISSIONER, PRECINCT NO. 1",,BILL LENDERMAN,REP,200,7,129,0,336,207,129
El Paso,106-GLEN COVE ELEMENTARY,"COUNTY COMMISSIONER, PRECINCT NO. 1",,CARLOS LEON,DEM,479,7,454,2,942,486,456
El Paso,106-GLEN COVE ELEMENTARY,"CONSTABLE, PRECINCT NO. 4",,LUIS LOUIE AGUILAR,DEM,520,8,478,2,1008,528,480
El Paso,107-HANKS HIGH,"CITY OF EL PASO, PROPOSITION",,FOR (A FAVOR),NP,409,6,344,0,759,415,344
El Paso,107-HANKS HIGH,"CITY OF EL PASO, PROPOSITION",,AGAINST (EN CONTRA),NP,189,9,78,0,276,198,78
El Paso,107-HANKS HIGH,"CITY OF EL PASO, PROPOSITION",,FOR (A FAVOR),NP,371,4,312,0,687,375,312
El Paso,107-HANKS HIGH,"CITY OF EL PASO, PROPOSITION",,AGAINST (EN CONTRA),NP,207,11,107,0,325,218,107
El Paso,107-HANKS HIGH,"CITY OF EL PASO, PROPOSITION",,FOR (A FAVOR),NP,338,4,280,0,622,342,280
El Paso,107-HANKS HIGH,"CITY OF EL PASO, PROPOSITION",,AGAINST (EN CONTRA),NP,240,8,141,0,389,248,141
El Paso,107-HANKS HIGH,STRAIGHT PARTY,,REPUBLICAN,REP,103,9,66,0,178,112,66
El Paso,107-HANKS HIGH,STRAIGHT PARTY,,DEMOCRAT,DEM,226,1,195,0,422,227,195
El Paso,107-HANKS HIGH,STRAIGHT PARTY,,LIBERTARIAN,LIB,3,0,0,0,3,3,0
El Paso,107-HANKS HIGH,STRAIGHT PARTY,,GREEN,GRN,0,0,2,0,2,0,2
El Paso,107-HANKS HIGH,US PRESIDENT,,MITT ROMNEY,REP,234,14,128,0,376,248,128
El Paso,107-HANKS HIGH,US PRESIDENT,,BARACK OBAMA,DEM,366,1,283,0,650,367,283
El Paso,107-HANKS HIGH,US PRESIDENT,,GARY JOHNSON,LIB,1,0,6,0,7,1,6
El Paso,107-HANKS HIGH,US PRESIDENT,,JILL STEIN,GRN,0,0,3,0,3,0,3
El Paso,107-HANKS HIGH,US PRESIDENT,,WRITE-IN,NP,0,0,3,0,3,0,3
El Paso,107-HANKS HIGH,US SENATOR,,TED CRUZ,REP,229,13,147,0,389,242,147
El Paso,107-HANKS HIGH,US SENATOR,,PAUL SADLER,DEM,343,1,250,0,594,344,250
El Paso,107-HANKS HIGH,US SENATOR,,JOHN JAY MYERS,LIB,7,0,8,0,15,7,8
El Paso,107-HANKS HIGH,US SENATOR,,DAVID B. COLLINS,GRN,2,1,6,0,9,3,6
El Paso,107-HANKS HIGH,US REP DISTRICT 16,,BARBARA CARRASCO,REP,218,14,136,0,368,232,136
El Paso,107-HANKS HIGH,US REP DISTRICT 16,,BETO OROURKE,DEM,375,1,277,0,653,376,277
El Paso,107-HANKS HIGH,US REP DISTRICT 16,,JUNART SODOY,LIB,2,0,5,0,7,2,5
El Paso,107-HANKS HIGH,RAILROAD COMMISSIONER,,CHRISTI CRADDICK,REP,211,13,129,0,353,224,129
El Paso,107-HANKS HIGH,RAILROAD COMMISSIONER,,DALE HENRY,DEM,333,1,255,0,589,334,255
El Paso,107-HANKS HIGH,RAILROAD COMMISSIONER,,VIVEKANANDA (VIK) WA,LIB,9,0,10,0,19,9,10
El Paso,107-HANKS HIGH,RAILROAD COMMISSIONER,,CHRIS KENNEDY,GRN,18,1,11,0,30,19,11
El Paso,107-HANKS HIGH,RAILROAD COMMISSIONER,,BARRY SMITHERMAN,REP,232,13,170,0,415,245,170
El Paso,107-HANKS HIGH,RAILROAD COMMISSIONER,,JAIME O. PEREZ,LIB,201,2,145,0,348,203,145
El Paso,107-HANKS HIGH,RAILROAD COMMISSIONER,,JOSH WENDEL,GRN,30,0,31,0,61,30,31
El Paso,107-HANKS HIGH,"JUSTICE, SUPREME COURT, PLACE 2",,DON WILLETT,REP,291,14,195,0,500,305,195
El Paso,107-HANKS HIGH,"JUSTICE, SUPREME COURT, PLACE 2",,RS ROBERT KOELSCH,LIB,163,1,138,0,302,164,138
El Paso,107-HANKS HIGH,"JUSTICE, SUPREME COURT, PLACE 4",,JOHN DEVINE,REP,269,14,190,0,473,283,190
El Paso,107-HANKS HIGH,"JUSTICE, SUPREME COURT, PLACE 4",,TOM OXFORD,LIB,135,1,108,0,244,136,108
El Paso,107-HANKS HIGH,"JUSTICE, SUPREME COURT, PLACE 4",,CHARLES E. WATERBURY,GRN,48,0,34,0,82,48,34
El Paso,107-HANKS HIGH,"JUSTICE, SUPREME COURT, PLACE 6",,NATHAN HECHT,REP,188,12,111,0,311,200,111
El Paso,107-HANKS HIGH,"JUSTICE, SUPREME COURT, PLACE 6",,MICHELE PETTY,DEM,357,1,270,0,628,358,270
El Paso,107-HANKS HIGH,"JUSTICE, SUPREME COURT, PLACE 6",,MARK ASH,LIB,10,0,14,0,24,10,14
El Paso,107-HANKS HIGH,"JUSTICE, SUPREME COURT, PLACE 6",,JIM CHISHOLM,GRN,15,1,6,0,22,16,6
El Paso,107-HANKS HIGH,"PRESIDING JUDGE, COURT OF CRIMINAL APPEALS",,SHARON KELLER,REP,204,14,132,0,350,218,132
El Paso,107-HANKS HIGH,"PRESIDING JUDGE, COURT OF CRIMINAL APPEALS",,KEITH HAMPTON,DEM,348,1,252,0,601,349,252
El Paso,107-HANKS HIGH,"PRESIDING JUDGE, COURT OF CRIMINAL APPEALS",,LANCE STOTT,LIB,16,0,17,0,33,16,17
El Paso,107-HANKS HIGH,"JUDGE, COURT OF CRIMINAL APPEALS, PLACE 7",,BARBARA PARKER HERVE,REP,274,14,196,0,484,288,196
El Paso,107-HANKS HIGH,"JUDGE, COURT OF CRIMINAL APPEALS, PLACE 7",,MARK W. BENNETT,LIB,177,1,133,0,311,178,133
El Paso,107-HANKS HIGH,"JUDGE, COURT OF CRIMINAL APPEALS, PLACE 8",,ELSA ALCALA,REP,293,13,205,0,511,306,205
El Paso,107-HANKS HIGH,"JUDGE, COURT OF CRIMINAL APPEALS, PLACE 8",,WILLIAM BRYAN STRANG,LIB,157,2,125,0,284,159,125
El Paso,107-HANKS HIGH,MEMBER STATE BOARD OF EDUCATION DISTRICT 1,,CARLOS CHARLIE GARZA,REP,214,14,117,0,345,228,117
El Paso,107-HANKS HIGH,MEMBER STATE BOARD OF EDUCATION DISTRICT 1,,MARTHA M. DOMINGUEZ,DEM,350,1,288,0,639,351,288
El Paso,107-HANKS HIGH,STATE SENATOR DISTRICT 29,,DAN CHAVEZ,REP,208,13,124,0,345,221,124
El Paso,107-HANKS HIGH,STATE SENATOR DISTRICT 29,,JOSE R. RODRIGUEZ,DEM,372,2,285,0,659,374,285
El Paso,107-HANKS HIGH,STATE REPRESENTATIVE DISTRICT 79,,JOE C. PICKETT,DEM,473,7,331,0,811,480,331
El Paso,107-HANKS HIGH,"CHIEF JUSTICE, COURT OF APPEALS 8TH DISTRICT",,ANN CRAWFORD MCCLURE,DEM,415,4,310,0,729,419,310
El Paso,107-HANKS HIGH,"JUSTICE, 8TH COURT OF APPEALS DISTRICT, PLACE 2",,CHRIS ANTCLIFF,REP,212,13,129,0,354,225,129
El Paso,107-HANKS HIGH,"JUSTICE, 8TH COURT OF APPEALS DISTRICT, PLACE 2",,YVONNE RODRIGUEZ,DEM,355,2,274,0,631,357,274
El Paso,107-HANKS HIGH,"JUSTICE, 8TH COURT OF APPEALS DISTRICT, PLACE 3",,GUADALUPE LUPE RIVER,DEM,428,3,317,0,748,431,317
El Paso,107-HANKS HIGH,"DISTRICT JUDGE, 34TH JUDICIAL DISTRICT",,BILL MOODY,DEM,425,3,314,0,742,428,314
El Paso,107-HANKS HIGH,"DISTRICT JUDGE, 41ST JUDICIAL DISTRICT",,ANNA PEREZ,DEM,425,3,314,0,742,428,314
El Paso,107-HANKS HIGH,"DISTRICT JUDGE, 243RD JUDICIAL DISTRICT",,BILLY DON HICKS,REP,229,13,122,0,364,242,122
El Paso,107-HANKS HIGH,"DISTRICT JUDGE, 243RD JUDICIAL DISTRICT",,LUIS AGUILAR,DEM,343,2,282,0,627,345,282
El Paso,107-HANKS HIGH,"DISTRICT JUDGE, 346TH JUDICIAL DISTRICT",,ANGIE J. BARILL,DEM,421,3,307,0,731,424,307
El Paso,107-HANKS HIGH,"DISTRICT JUDGE, 383RD JUDICIAL DISTRICT",,MIKE HERRERA,DEM,419,3,306,0,728,422,306
El Paso,107-HANKS HIGH,"DISTRICT JUDGE, 384TH JUDICIAL DISTRICT",,PATRICK M. GARCIA,DEM,415,3,299,0,717,418,299
El Paso,107-HANKS HIGH,"DISTRICT JUDGE, 388TH JUDICIAL DISTRICT",,LAURA STRATHMANN,DEM,420,3,298,0,721,423,298
El Paso,107-HANKS HIGH,"DISTRICT JUDGE, 409TH JUDICIAL DISTRICT",,SAM MEDRANO JR,DEM,417,3,299,0,719,420,299
El Paso,107-HANKS HIGH,"DISTRICT JUDGE, 448TH JUDICIAL DISTRICT",,SERGIO H. ENRIQUEZ,DEM,412,3,298,0,713,415,298
El Paso,107-HANKS HIGH,"CRIMINAL DISTRICT JUDGE, COURT NO. 1",,DIANE NAVARRETE,DEM,414,3,298,0,715,417,298
El Paso,107-HANKS HIGH,"FAMILY DISTRICT JUDGE, 65TH JUDICIAL DISTRICT",,YAHARA L. GUTIERREZ,DEM,415,3,299,0,717,418,299
El Paso,107-HANKS HIGH,"DISTRICT ATTORNEY, 34TH JUDICIAL DISTRICT",,JAIME ESPARZA,DEM,418,4,306,0,728,422,306
El Paso,107-HANKS HIGH,"JUDGE, COUNTY CRIMINAL COURT NO. 3",,CARLOS CARRASCO,DEM,414,3,301,0,718,417,301
El Paso,107-HANKS HIGH,"JUDGE, COUNTY CRIMINAL COURT NO. 4",,JESUS HERRERA,DEM,415,3,300,0,718,418,300
El Paso,107-HANKS HIGH,COUNTY ATTORNEY,,JO ANNE BERNAL,DEM,413,3,305,0,721,416,305
El Paso,107-HANKS HIGH,SHERIFF,,RICHARD D. WILES,DEM,440,4,312,0,756,444,312
El Paso,107-HANKS HIGH,COUNTY TAX ASSESSOR COLLECTOR,,VICTOR A. FLORES,DEM,426,5,309,0,740,431,309
El Paso,107-HANKS HIGH,"COUNTY COMMISSIONER, PRECINCT NO. 1",,BILL LENDERMAN,REP,199,12,118,0,329,211,118
El Paso,107-HANKS HIGH,"COUNTY COMMISSIONER, PRECINCT NO. 1",,CARLOS LEON,DEM,368,3,286,0,657,371,286
El Paso,107-HANKS HIGH,"CONSTABLE, PRECINCT NO. 4",,LUIS LOUIE AGUILAR,DEM,413,3,307,0,723,416,307
El Paso,108-TIERRA DEL SOL ELEMENTARY,"CITY OF EL PASO, PROPOSITION",,FOR (A FAVOR),NP,455,31,250,0,736,486,250
El Paso,108-TIERRA DEL SOL ELEMENTARY,"CITY OF EL PASO, PROPOSITION",,AGAINST (EN CONTRA),NP,251,14,78,0,343,265,78
El Paso,108-TIERRA DEL SOL ELEMENTARY,"CITY OF EL PASO, PROPOSITION",,FOR (A FAVOR),NP,446,29,236,0,711,475,236
El Paso,108-TIERRA DEL SOL ELEMENTARY,"CITY OF EL PASO, PROPOSITION",,AGAINST (EN CONTRA),NP,250,16,92,0,358,266,92
El Paso,108-TIERRA DEL SOL ELEMENTARY,"CITY OF EL PASO, PROPOSITION",,FOR (A FAVOR),NP,384,17,224,0,625,401,224
El Paso,108-TIERRA DEL SOL ELEMENTARY,"CITY OF EL PASO, PROPOSITION",,AGAINST (EN CONTRA),NP,316,25,104,0,445,341,104
El Paso,108-TIERRA DEL SOL ELEMENTARY,STRAIGHT PARTY,,REPUBLICAN,REP,169,16,66,0,251,185,66
El Paso,108-TIERRA DEL SOL ELEMENTARY,STRAIGHT PARTY,,DEMOCRAT,DEM,169,10,106,0,285,179,106
El Paso,108-TIERRA DEL SOL ELEMENTARY,STRAIGHT PARTY,,LIBERTARIAN,LIB,3,1,0,0,4,4,0
El Paso,108-TIERRA DEL SOL ELEMENTARY,STRAIGHT PARTY,,GREEN,GRN,2,0,2,0,4,2,2
El Paso,108-TIERRA DEL SOL ELEMENTARY,US PRESIDENT,,MITT ROMNEY,REP,375,31,156,0,562,406,156
El Paso,108-TIERRA DEL SOL ELEMENTARY,US PRESIDENT,,BARACK OBAMA,DEM,343,13,179,0,535,356,179
El Paso,108-TIERRA DEL SOL ELEMENTARY,US PRESIDENT,,GARY JOHNSON,LIB,3,0,3,0,6,3,3
El Paso,108-TIERRA DEL SOL ELEMENTARY,US PRESIDENT,,JILL STEIN,GRN,1,1,0,0,2,2,0
El Paso,108-TIERRA DEL SOL ELEMENTARY,US PRESIDENT,,WRITE-IN,NP,0,0,0,0,0,0,0
El Paso,108-TIERRA DEL SOL ELEMENTARY,US SENATOR,,TED CRUZ,REP,397,30,158,0,585,427,158
El Paso,108-TIERRA DEL SOL ELEMENTARY,US SENATOR,,PAUL SADLER,DEM,302,15,158,0,475,317,158
El Paso,108-TIERRA DEL SOL ELEMENTARY,US SENATOR,,JOHN JAY MYERS,LIB,9,0,7,0,16,9,7
El Paso,108-TIERRA DEL SOL ELEMENTARY,US SENATOR,,DAVID B. COLLINS,GRN,5,0,5,0,10,5,5
El Paso,108-TIERRA DEL SOL ELEMENTARY,US REP DISTRICT 16,,BARBARA CARRASCO,REP,325,28,133,0,486,353,133
El Paso,108-TIERRA DEL SOL ELEMENTARY,US REP DISTRICT 16,,BETO OROURKE,DEM,389,17,199,0,605,406,199
El Paso,108-TIERRA DEL SOL ELEMENTARY,US REP DISTRICT 16,,JUNART SODOY,LIB,9,0,3,0,12,9,3
El Paso,108-TIERRA DEL SOL ELEMENTARY,RAILROAD COMMISSIONER,,CHRISTI CRADDICK,REP,358,28,130,0,516,386,130
El Paso,108-TIERRA DEL SOL ELEMENTARY,RAILROAD COMMISSIONER,,DALE HENRY,DEM,290,15,168,0,473,305,168
El Paso,108-TIERRA DEL SOL ELEMENTARY,RAILROAD COMMISSIONER,,VIVEKANANDA (VIK) WA,LIB,13,0,8,0,21,13,8
El Paso,108-TIERRA DEL SOL ELEMENTARY,RAILROAD COMMISSIONER,,CHRIS KENNEDY,GRN,22,0,9,0,31,22,9
El Paso,108-TIERRA DEL SOL ELEMENTARY,RAILROAD COMMISSIONER,,BARRY SMITHERMAN,REP,381,26,158,0,565,407,158
El Paso,108-TIERRA DEL SOL ELEMENTARY,RAILROAD COMMISSIONER,,JAIME O. PEREZ,LIB,176,6,91,0,273,182,91
El Paso,108-TIERRA DEL SOL ELEMENTARY,RAILROAD COMMISSIONER,,JOSH WENDEL,GRN,49,4,24,0,77,53,24
El Paso,108-TIERRA DEL SOL ELEMENTARY,"JUSTICE, SUPREME COURT, PLACE 2",,DON WILLETT,REP,432,30,194,0,656,462,194
El Paso,108-TIERRA DEL SOL ELEMENTARY,"JUSTICE, SUPREME COURT, PLACE 2",,RS ROBERT KOELSCH,LIB,155,5,70,0,230,160,70
El Paso,108-TIERRA DEL SOL ELEMENTARY,"JUSTICE, SUPREME COURT, PLACE 4",,JOHN DEVINE,REP,408,30,182,0,620,438,182
El Paso,108-TIERRA DEL SOL ELEMENTARY,"JUSTICE, SUPREME COURT, PLACE 4",,TOM OXFORD,LIB,132,5,62,0,199,137,62
El Paso,108-TIERRA DEL SOL ELEMENTARY,"JUSTICE, SUPREME COURT, PLACE 4",,CHARLES E. WATERBURY,GRN,48,0,20,0,68,48,20
El Paso,108-TIERRA DEL SOL ELEMENTARY,"JUSTICE, SUPREME COURT, PLACE 6",,NATHAN HECHT,REP,350,29,121,0,500,379,121
El Paso,108-TIERRA DEL SOL ELEMENTARY,"JUSTICE, SUPREME COURT, PLACE 6",,MICHELE PETTY,DEM,300,14,174,0,488,314,174
El Paso,108-TIERRA DEL SOL ELEMENTARY,"JUSTICE, SUPREME COURT, PLACE 6",,MARK ASH,LIB,19,0,10,0,29,19,10
El Paso,108-TIERRA DEL SOL ELEMENTARY,"JUSTICE, SUPREME COURT, PLACE 6",,JIM CHISHOLM,GRN,16,0,13,0,29,16,13
El Paso,108-TIERRA DEL SOL ELEMENTARY,"PRESIDING JUDGE, COURT OF CRIMINAL APPEALS",,SHARON KELLER,REP,361,28,136,0,525,389,136
El Paso,108-TIERRA DEL SOL ELEMENTARY,"PRESIDING JUDGE, COURT OF CRIMINAL APPEALS",,KEITH HAMPTON,DEM,302,15,171,0,488,317,171
El Paso,108-TIERRA DEL SOL ELEMENTARY,"PRESIDING JUDGE, COURT OF CRIMINAL APPEALS",,LANCE STOTT,LIB,21,0,9,0,30,21,9
El Paso,108-TIERRA DEL SOL ELEMENTARY,"JUDGE, COURT OF CRIMINAL APPEALS, PLACE 7",,BARBARA PARKER HERVE,REP,430,29,184,0,643,459,184
El Paso,108-TIERRA DEL SOL ELEMENTARY,"JUDGE, COURT OF CRIMINAL APPEALS, PLACE 7",,MARK W. BENNETT,LIB,156,7,82,0,245,163,82
El Paso,108-TIERRA DEL SOL ELEMENTARY,"JUDGE, COURT OF CRIMINAL APPEALS, PLACE 8",,ELSA ALCALA,REP,444,31,192,0,667,475,192
El Paso,108-TIERRA DEL SOL ELEMENTARY,"JUDGE, COURT OF CRIMINAL APPEALS, PLACE 8",,WILLIAM BRYAN STRANG,LIB,140,5,73,0,218,145,73
El Paso,108-TIERRA DEL SOL ELEMENTARY,MEMBER STATE BOARD OF EDUCATION DISTRICT 1,,CARLOS CHARLIE GARZA,REP,358,27,137,0,522,385,137
El Paso,108-TIERRA DEL SOL ELEMENTARY,MEMBER STATE BOARD OF EDUCATION DISTRICT 1,,MARTHA M. DOMINGUEZ,DEM,321,17,188,0,526,338,188
El Paso,108-TIERRA DEL SOL ELEMENTARY,STATE SENATOR DISTRICT 29,,DAN CHAVEZ,REP,338,26,129,0,493,364,129
El Paso,108-TIERRA DEL SOL ELEMENTARY,STATE SENATOR DISTRICT 29,,JOSE R. RODRIGUEZ,DEM,360,18,199,0,577,378,199
El Paso,108-TIERRA DEL SOL ELEMENTARY,STATE REPRESENTATIVE DISTRICT 79,,JOE C. PICKETT,DEM,498,23,250,0,771,521,250
El Paso,108-TIERRA DEL SOL ELEMENTARY,"CHIEF JUSTICE, COURT OF APPEALS 8TH DISTRICT",,ANN CRAWFORD MCCLURE,DEM,443,22,215,0,680,465,215
El Paso,108-TIERRA DEL SOL ELEMENTARY,"JUSTICE, 8TH COURT OF APPEALS DISTRICT, PLACE 2",,CHRIS ANTCLIFF,REP,374,30,147,0,551,404,147
El Paso,108-TIERRA DEL SOL ELEMENTARY,"JUSTICE, 8TH COURT OF APPEALS DISTRICT, PLACE 2",,YVONNE RODRIGUEZ,DEM,312,14,173,0,499,326,173
El Paso,108-TIERRA DEL SOL ELEMENTARY,"JUSTICE, 8TH COURT OF APPEALS DISTRICT, PLACE 3",,GUADALUPE LUPE RIVER,DEM,434,23,226,0,683,457,226
El Paso,108-TIERRA DEL SOL ELEMENTARY,"DISTRICT JUDGE, 34TH JUDICIAL DISTRICT",,BILL MOODY,DEM,439,23,234,0,696,462,234
El Paso,108-TIERRA DEL SOL ELEMENTARY,"DISTRICT JUDGE, 41ST JUDICIAL DISTRICT",,ANNA PEREZ,DEM,421,22,224,0,667,443,224
El Paso,108-TIERRA DEL SOL ELEMENTARY,"DISTRICT JUDGE, 243RD JUDICIAL DISTRICT",,BILLY DON HICKS,REP,386,33,139,0,558,419,139
El Paso,108-TIERRA DEL SOL ELEMENTARY,"DISTRICT JUDGE, 243RD JUDICIAL DISTRICT",,LUIS AGUILAR,DEM,303,11,188,0,502,314,188
El Paso,108-TIERRA DEL SOL ELEMENTARY,"DISTRICT JUDGE, 346TH JUDICIAL DISTRICT",,ANGIE J. BARILL,DEM,413,22,213,0,648,435,213
El Paso,108-TIERRA DEL SOL ELEMENTARY,"DISTRICT JUDGE, 383RD JUDICIAL DISTRICT",,MIKE HERRERA,DEM,419,22,216,0,657,441,216
El Paso,108-TIERRA DEL SOL ELEMENTARY,"DISTRICT JUDGE, 384TH JUDICIAL DISTRICT",,PATRICK M. GARCIA,DEM,414,22,214,0,650,436,214
El Paso,108-TIERRA DEL SOL ELEMENTARY,"DISTRICT JUDGE, 388TH JUDICIAL DISTRICT",,LAURA STRATHMANN,DEM,416,21,214,0,651,437,214
El Paso,108-TIERRA DEL SOL ELEMENTARY,"DISTRICT JUDGE, 409TH JUDICIAL DISTRICT",,SAM MEDRANO JR,DEM,418,21,214,0,653,439,214
El Paso,108-TIERRA DEL SOL ELEMENTARY,"DISTRICT JUDGE, 448TH JUDICIAL DISTRICT",,SERGIO H. ENRIQUEZ,DEM,406,22,212,0,640,428,212
El Paso,108-TIERRA DEL SOL ELEMENTARY,"CRIMINAL DISTRICT JUDGE, COURT NO. 1",,DIANE NAVARRETE,DEM,412,22,212,0,646,434,212
El Paso,108-TIERRA DEL SOL ELEMENTARY,"FAMILY DISTRICT JUDGE, 65TH JUDICIAL DISTRICT",,YAHARA L. GUTIERREZ,DEM,404,22,215,0,641,426,215
El Paso,108-TIERRA DEL SOL ELEMENTARY,"DISTRICT ATTORNEY, 34TH JUDICIAL DISTRICT",,JAIME ESPARZA,DEM,436,22,224,0,682,458,224
El Paso,108-TIERRA DEL SOL ELEMENTARY,"JUDGE, COUNTY CRIMINAL COURT NO. 3",,CARLOS CARRASCO,DEM,416,22,219,0,657,438,219
El Paso,108-TIERRA DEL SOL ELEMENTARY,"JUDGE, COUNTY CRIMINAL COURT NO. 4",,JESUS HERRERA,DEM,405,21,212,0,638,426,212
El Paso,108-TIERRA DEL SOL ELEMENTARY,COUNTY ATTORNEY,,JO ANNE BERNAL,DEM,425,22,220,0,667,447,220
El Paso,108-TIERRA DEL SOL ELEMENTARY,SHERIFF,,RICHARD D. WILES,DEM,457,22,235,0,714,479,235
El Paso,108-TIERRA DEL SOL ELEMENTARY,COUNTY TAX ASSESSOR COLLECTOR,,VICTOR A. FLORES,DEM,434,23,224,0,681,457,224
El Paso,108-TIERRA DEL SOL ELEMENTARY,"COUNTY COMMISSIONER, PRECINCT NO. 1",,BILL LENDERMAN,REP,329,25,127,0,481,354,127
El Paso,108-TIERRA DEL SOL ELEMENTARY,"COUNTY COMMISSIONER, PRECINCT NO. 1",,CARLOS LEON,DEM,362,19,195,0,576,381,195
El Paso,108-TIERRA DEL SOL ELEMENTARY,"CONSTABLE, PRECINCT NO. 4",,LUIS LOUIE AGUILAR,DEM,414,22,215,0,651,436,215
El Paso,109-DESERT VIEW MIDDLE,"CITY OF EL PASO, PROPOSITION",,FOR (A FAVOR),NP,360,14,242,0,616,374,242
El Paso,109-DESERT VIEW MIDDLE,"CITY OF EL PASO, PROPOSITION",,AGAINST (EN CONTRA),NP,154,5,70,0,229,159,70
El Paso,109-DESERT VIEW MIDDLE,"CITY OF EL PASO, PROPOSITION",,FOR (A FAVOR),NP,339,15,243,0,597,354,243
El Paso,109-DESERT VIEW MIDDLE,"CITY OF EL PASO, PROPOSITION",,AGAINST (EN CONTRA),NP,171,5,70,0,246,176,70
El Paso,109-DESERT VIEW MIDDLE,"CITY OF EL PASO, PROPOSITION",,FOR (A FAVOR),NP,306,7,199,0,512,313,199
El Paso,109-DESERT VIEW MIDDLE,"CITY OF EL PASO, PROPOSITION",,AGAINST (EN CONTRA),NP,200,11,112,0,323,211,112
El Paso,109-DESERT VIEW MIDDLE,STRAIGHT PARTY,,REPUBLICAN,REP,111,9,51,0,171,120,51
El Paso,109-DESERT VIEW MIDDLE,STRAIGHT PARTY,,DEMOCRAT,DEM,150,4,135,0,289,154,135
El Paso,109-DESERT VIEW MIDDLE,STRAIGHT PARTY,,LIBERTARIAN,LIB,5,0,2,0,7,5,2
El Paso,109-DESERT VIEW MIDDLE,STRAIGHT PARTY,,GREEN,GRN,0,0,0,0,0,0,0
El Paso,109-DESERT VIEW MIDDLE,US PRESIDENT,,MITT ROMNEY,REP,224,17,110,0,351,241,110
El Paso,109-DESERT VIEW MIDDLE,US PRESIDENT,,BARACK OBAMA,DEM,285,8,208,0,501,293,208
El Paso,109-DESERT VIEW MIDDLE,US PRESIDENT,,GARY JOHNSON,LIB,8,0,1,0,9,8,1
El Paso,109-DESERT VIEW MIDDLE,US PRESIDENT,,JILL STEIN,GRN,1,0,2,0,3,1,2
El Paso,109-DESERT VIEW MIDDLE,US PRESIDENT,,WRITE-IN,NP,0,0,1,0,1,0,1
El Paso,109-DESERT VIEW MIDDLE,US SENATOR,,TED CRUZ,REP,223,14,112,0,349,237,112
El Paso,109-DESERT VIEW MIDDLE,US SENATOR,,PAUL SADLER,DEM,274,10,186,0,470,284,186
El Paso,109-DESERT VIEW MIDDLE,US SENATOR,,JOHN JAY MYERS,LIB,5,1,5,0,11,6,5
El Paso,109-DESERT VIEW MIDDLE,US SENATOR,,DAVID B. COLLINS,GRN,4,0,4,0,8,4,4
El Paso,109-DESERT VIEW MIDDLE,US REP DISTRICT 16,,BARBARA CARRASCO,REP,195,14,108,0,317,209,108
El Paso,109-DESERT VIEW MIDDLE,US REP DISTRICT 16,,BETO OROURKE,DEM,316,11,201,0,528,327,201
El Paso,109-DESERT VIEW MIDDLE,US REP DISTRICT 16,,JUNART SODOY,LIB,6,0,7,0,13,6,7
El Paso,109-DESERT VIEW MIDDLE,RAILROAD COMMISSIONER,,CHRISTI CRADDICK,REP,202,15,94,0,311,217,94
El Paso,109-DESERT VIEW MIDDLE,RAILROAD COMMISSIONER,,DALE HENRY,DEM,269,9,188,0,466,278,188
El Paso,109-DESERT VIEW MIDDLE,RAILROAD COMMISSIONER,,VIVEKANANDA (VIK) WA,LIB,11,0,3,0,14,11,3
El Paso,109-DESERT VIEW MIDDLE,RAILROAD COMMISSIONER,,CHRIS KENNEDY,GRN,14,0,11,0,25,14,11
El Paso,109-DESERT VIEW MIDDLE,RAILROAD COMMISSIONER,,BARRY SMITHERMAN,REP,232,18,116,0,366,250,116
El Paso,109-DESERT VIEW MIDDLE,RAILROAD COMMISSIONER,,JAIME O. PEREZ,LIB,156,1,111,0,268,157,111
El Paso,109-DESERT VIEW MIDDLE,RAILROAD COMMISSIONER,,JOSH WENDEL,GRN,34,2,26,0,62,36,26
El Paso,109-DESERT VIEW MIDDLE,"JUSTICE, SUPREME COURT, PLACE 2",,DON WILLETT,REP,260,17,141,0,418,277,141
El Paso,109-DESERT VIEW MIDDLE,"JUSTICE, SUPREME COURT, PLACE 2",,RS ROBERT KOELSCH,LIB,149,2,110,0,261,151,110
El Paso,109-DESERT VIEW MIDDLE,"JUSTICE, SUPREME COURT, PLACE 4",,JOHN DEVINE,REP,258,16,124,0,398,274,124
El Paso,109-DESERT VIEW MIDDLE,"JUSTICE, SUPREME COURT, PLACE 4",,TOM OXFORD,LIB,107,0,91,0,198,107,91
El Paso,109-DESERT VIEW MIDDLE,"JUSTICE, SUPREME COURT, PLACE 4",,CHARLES E. WATERBURY,GRN,49,3,33,0,85,52,33
El Paso,109-DESERT VIEW MIDDLE,"JUSTICE, SUPREME COURT, PLACE 6",,NATHAN HECHT,REP,184,14,89,0,287,198,89
El Paso,109-DESERT VIEW MIDDLE,"JUSTICE, SUPREME COURT, PLACE 6",,MICHELE PETTY,DEM,284,8,202,0,494,292,202
El Paso,109-DESERT VIEW MIDDLE,"JUSTICE, SUPREME COURT, PLACE 6",,MARK ASH,LIB,12,1,6,0,19,13,6
El Paso,109-DESERT VIEW MIDDLE,"JUSTICE, SUPREME COURT, PLACE 6",,JIM CHISHOLM,GRN,15,1,3,0,19,16,3
El Paso,109-DESERT VIEW MIDDLE,"PRESIDING JUDGE, COURT OF CRIMINAL APPEALS",,SHARON KELLER,REP,211,18,100,0,329,229,100
El Paso,109-DESERT VIEW MIDDLE,"PRESIDING JUDGE, COURT OF CRIMINAL APPEALS",,KEITH HAMPTON,DEM,264,7,189,0,460,271,189
El Paso,109-DESERT VIEW MIDDLE,"PRESIDING JUDGE, COURT OF CRIMINAL APPEALS",,LANCE STOTT,LIB,15,0,8,0,23,15,8
El Paso,109-DESERT VIEW MIDDLE,"JUDGE, COURT OF CRIMINAL APPEALS, PLACE 7",,BARBARA PARKER HERVE,REP,262,16,138,0,416,278,138
El Paso,109-DESERT VIEW MIDDLE,"JUDGE, COURT OF CRIMINAL APPEALS, PLACE 7",,MARK W. BENNETT,LIB,146,2,112,0,260,148,112
El Paso,109-DESERT VIEW MIDDLE,"JUDGE, COURT OF CRIMINAL APPEALS, PLACE 8",,ELSA ALCALA,REP,267,14,154,0,435,281,154
El Paso,109-DESERT VIEW MIDDLE,"JUDGE, COURT OF CRIMINAL APPEALS, PLACE 8",,WILLIAM BRYAN STRANG,LIB,145,4,90,0,239,149,90
El Paso,109-DESERT VIEW MIDDLE,MEMBER STATE BOARD OF EDUCATION DISTRICT 1,,CARLOS CHARLIE GARZA,REP,208,15,101,0,324,223,101
El Paso,109-DESERT VIEW MIDDLE,MEMBER STATE BOARD OF EDUCATION DISTRICT 1,,MARTHA M. DOMINGUEZ,DEM,292,9,197,0,498,301,197
El Paso,109-DESERT VIEW MIDDLE,STATE SENATOR DISTRICT 29,,DAN CHAVEZ,REP,206,14,90,0,310,220,90
El Paso,109-DESERT VIEW MIDDLE,STATE SENATOR DISTRICT 29,,JOSE R. RODRIGUEZ,DEM,295,11,209,0,515,306,209
El Paso,109-DESERT VIEW MIDDLE,STATE REPRESENTATIVE DISTRICT 79,,JOE C. PICKETT,DEM,385,11,256,0,652,396,256
El Paso,109-DESERT VIEW MIDDLE,"CHIEF JUSTICE, COURT OF APPEALS 8TH DISTRICT",,ANN CRAWFORD MCCLURE,DEM,355,11,240,0,606,366,240
El Paso,109-DESERT VIEW MIDDLE,"JUSTICE, 8TH COURT OF APPEALS DISTRICT, PLACE 2",,CHRIS ANTCLIFF,REP,223,15,96,0,334,238,96
El Paso,109-DESERT VIEW MIDDLE,"JUSTICE, 8TH COURT OF APPEALS DISTRICT, PLACE 2",,YVONNE RODRIGUEZ,DEM,274,9,201,0,484,283,201
El Paso,109-DESERT VIEW MIDDLE,"JUSTICE, 8TH COURT OF APPEALS DISTRICT, PLACE 3",,GUADALUPE LUPE RIVER,DEM,341,10,237,0,588,351,237
El Paso,109-DESERT VIEW MIDDLE,"DISTRICT JUDGE, 34TH JUDICIAL DISTRICT",,BILL MOODY,DEM,352,12,242,0,606,364,242
El Paso,109-DESERT VIEW MIDDLE,"DISTRICT JUDGE, 41ST JUDICIAL DISTRICT",,ANNA PEREZ,DEM,350,11,238,0,599,361,238
El Paso,109-DESERT VIEW MIDDLE,"DISTRICT JUDGE, 243RD JUDICIAL DISTRICT",,BILLY DON HICKS,REP,242,15,96,0,353,257,96
El Paso,109-DESERT VIEW MIDDLE,"DISTRICT JUDGE, 243RD JUDICIAL DISTRICT",,LUIS AGUILAR,DEM,254,9,200,0,463,263,200
El Paso,109-DESERT VIEW MIDDLE,"DISTRICT JUDGE, 346TH JUDICIAL DISTRICT",,ANGIE J. BARILL,DEM,338,10,240,0,588,348,240
El Paso,109-DESERT VIEW MIDDLE,"DISTRICT JUDGE, 383RD JUDICIAL DISTRICT",,MIKE HERRERA,DEM,340,9,240,0,589,349,240
El Paso,109-DESERT VIEW MIDDLE,"DISTRICT JUDGE, 384TH JUDICIAL DISTRICT",,PATRICK M. GARCIA,DEM,337,10,239,0,586,347,239
El Paso,109-DESERT VIEW MIDDLE,"DISTRICT JUDGE, 388TH JUDICIAL DISTRICT",,LAURA STRATHMANN,DEM,348,12,242,0,602,360,242
El Paso,109-DESERT VIEW MIDDLE,"DISTRICT JUDGE, 409TH JUDICIAL DISTRICT",,SAM MEDRANO JR,DEM,340,9,238,0,587,349,238
El Paso,109-DESERT VIEW MIDDLE,"DISTRICT JUDGE, 448TH JUDICIAL DISTRICT",,SERGIO H. ENRIQUEZ,DEM,338,9,237,0,584,347,237
El Paso,109-DESERT VIEW MIDDLE,"CRIMINAL DISTRICT JUDGE, COURT NO. 1",,DIANE NAVARRETE,DEM,339,10,236,0,585,349,236
El Paso,109-DESERT VIEW MIDDLE,"FAMILY DISTRICT JUDGE, 65TH JUDICIAL DISTRICT",,YAHARA L. GUTIERREZ,DEM,336,9,239,0,584,345,239
El Paso,109-DESERT VIEW MIDDLE,"DISTRICT ATTORNEY, 34TH JUDICIAL DISTRICT",,JAIME ESPARZA,DEM,340,11,236,0,587,351,236
El Paso,109-DESERT VIEW MIDDLE,"JUDGE, COUNTY CRIMINAL COURT NO. 3",,CARLOS CARRASCO,DEM,330,9,234,0,573,339,234
El Paso,109-DESERT VIEW MIDDLE,"JUDGE, COUNTY CRIMINAL COURT NO. 4",,JESUS HERRERA,DEM,329,10,235,0,574,339,235
El Paso,109-DESERT VIEW MIDDLE,COUNTY ATTORNEY,,JO ANNE BERNAL,DEM,334,11,236,0,581,345,236
El Paso,109-DESERT VIEW MIDDLE,SHERIFF,,RICHARD D. WILES,DEM,350,12,243,0,605,362,243
El Paso,109-DESERT VIEW MIDDLE,COUNTY TAX ASSESSOR COLLECTOR,,VICTOR A. FLORES,DEM,342,15,236,0,593,357,236
El Paso,109-DESERT VIEW MIDDLE,"COUNTY COMMISSIONER, PRECINCT NO. 1",,BILL LENDERMAN,REP,198,16,88,0,302,214,88
El Paso,109-DESERT VIEW MIDDLE,"COUNTY COMMISSIONER, PRECINCT NO. 1",,CARLOS LEON,DEM,302,9,214,0,525,311,214
El Paso,109-DESERT VIEW MIDDLE,"CONSTABLE, PRECINCT NO. 4",,LUIS LOUIE AGUILAR,DEM,333,10,232,0,575,343,232
El Paso,110-REG 19 HD START,"CITY OF EL PASO, PROPOSITION",,FOR (A FAVOR),NP,640,23,438,0,1101,663,438
El Paso,110-REG 19 HD START,"CITY OF EL PASO, PROPOSITION",,AGAINST (EN CONTRA),NP,187,3,101,0,291,190,101
El Paso,110-REG 19 HD START,"CITY OF EL PASO, PROPOSITION",,FOR (A FAVOR),NP,579,20,406,0,1005,599,406
El Paso,110-REG 19 HD START,"CITY OF EL PASO, PROPOSITION",,AGAINST (EN CONTRA),NP,226,6,120,0,352,232,120
El Paso,110-REG 19 HD START,"CITY OF EL PASO, PROPOSITION",,FOR (A FAVOR),NP,518,17,347,0,882,535,347
El Paso,110-REG 19 HD START,"CITY OF EL PASO, PROPOSITION",,AGAINST (EN CONTRA),NP,294,8,185,0,487,302,185
El Paso,110-REG 19 HD START,STRAIGHT PARTY,,REPUBLICAN,REP,152,9,94,0,255,161,94
El Paso,110-REG 19 HD START,STRAIGHT PARTY,,DEMOCRAT,DEM,273,7,231,0,511,280,231
El Paso,110-REG 19 HD START,STRAIGHT PARTY,,LIBERTARIAN,LIB,5,0,5,0,10,5,5
El Paso,110-REG 19 HD START,STRAIGHT PARTY,,GREEN,GRN,1,0,1,0,2,1,1
El Paso,110-REG 19 HD START,US PRESIDENT,,MITT ROMNEY,REP,312,18,173,0,503,330,173
El Paso,110-REG 19 HD START,US PRESIDENT,,BARACK OBAMA,DEM,515,11,370,0,896,526,370
El Paso,110-REG 19 HD START,US PRESIDENT,,GARY JOHNSON,LIB,5,0,5,0,10,5,5
El Paso,110-REG 19 HD START,US PRESIDENT,,JILL STEIN,GRN,5,0,2,0,7,5,2
El Paso,110-REG 19 HD START,US PRESIDENT,,WRITE-IN,NP,1,0,1,0,2,1,1
El Paso,110-REG 19 HD START,US SENATOR,,TED CRUZ,REP,321,19,195,0,535,340,195
El Paso,110-REG 19 HD START,US SENATOR,,PAUL SADLER,DEM,475,10,318,0,803,485,318
El Paso,110-REG 19 HD START,US SENATOR,,JOHN JAY MYERS,LIB,10,0,5,0,15,10,5
El Paso,110-REG 19 HD START,US SENATOR,,DAVID B. COLLINS,GRN,7,0,11,0,18,7,11
El Paso,110-REG 19 HD START,US REP DISTRICT 16,,BARBARA CARRASCO,REP,293,15,192,0,500,308,192
El Paso,110-REG 19 HD START,US REP DISTRICT 16,,BETO OROURKE,DEM,516,14,334,0,864,530,334
El Paso,110-REG 19 HD START,US REP DISTRICT 16,,JUNART SODOY,LIB,21,0,11,0,32,21,11
El Paso,110-REG 19 HD START,RAILROAD COMMISSIONER,,CHRISTI CRADDICK,REP,284,18,163,0,465,302,163
El Paso,110-REG 19 HD START,RAILROAD COMMISSIONER,,DALE HENRY,DEM,466,8,324,0,798,474,324
El Paso,110-REG 19 HD START,RAILROAD COMMISSIONER,,VIVEKANANDA (VIK) WA,LIB,19,0,12,0,31,19,12
El Paso,110-REG 19 HD START,RAILROAD COMMISSIONER,,CHRIS KENNEDY,GRN,25,2,21,0,48,27,21
El Paso,110-REG 19 HD START,RAILROAD COMMISSIONER,,BARRY SMITHERMAN,REP,321,18,191,0,530,339,191
El Paso,110-REG 19 HD START,RAILROAD COMMISSIONER,,JAIME O. PEREZ,LIB,276,3,195,0,474,279,195
El Paso,110-REG 19 HD START,RAILROAD COMMISSIONER,,JOSH WENDEL,GRN,61,2,34,0,97,63,34
El Paso,110-REG 19 HD START,"JUSTICE, SUPREME COURT, PLACE 2",,DON WILLETT,REP,388,19,243,0,650,407,243
El Paso,110-REG 19 HD START,"JUSTICE, SUPREME COURT, PLACE 2",,RS ROBERT KOELSCH,LIB,254,2,171,0,427,256,171
El Paso,110-REG 19 HD START,"JUSTICE, SUPREME COURT, PLACE 4",,JOHN DEVINE,REP,364,20,228,0,612,384,228
El Paso,110-REG 19 HD START,"JUSTICE, SUPREME COURT, PLACE 4",,TOM OXFORD,LIB,209,1,141,0,351,210,141
El Paso,110-REG 19 HD START,"JUSTICE, SUPREME COURT, PLACE 4",,CHARLES E. WATERBURY,GRN,70,1,44,0,115,71,44
El Paso,110-REG 19 HD START,"JUSTICE, SUPREME COURT, PLACE 6",,NATHAN HECHT,REP,259,17,153,0,429,276,153
El Paso,110-REG 19 HD START,"JUSTICE, SUPREME COURT, PLACE 6",,MICHELE PETTY,DEM,484,10,329,0,823,494,329
El Paso,110-REG 19 HD START,"JUSTICE, SUPREME COURT, PLACE 6",,MARK ASH,LIB,30,0,21,0,51,30,21
El Paso,110-REG 19 HD START,"JUSTICE, SUPREME COURT, PLACE 6",,JIM CHISHOLM,GRN,22,1,12,0,35,23,12
El Paso,110-REG 19 HD START,"PRESIDING JUDGE, COURT OF CRIMINAL APPEALS",,SHARON KELLER,REP,296,18,170,0,484,314,170
El Paso,110-REG 19 HD START,"PRESIDING JUDGE, COURT OF CRIMINAL APPEALS",,KEITH HAMPTON,DEM,458,9,330,0,797,467,330
El Paso,110-REG 19 HD START,"PRESIDING JUDGE, COURT OF CRIMINAL APPEALS",,LANCE STOTT,LIB,37,1,15,0,53,38,15
El Paso,110-REG 19 HD START,"JUDGE, COURT OF CRIMINAL APPEALS, PLACE 7",,BARBARA PARKER HERVE,REP,388,17,249,0,654,405,249
El Paso,110-REG 19 HD START,"JUDGE, COURT OF CRIMINAL APPEALS, PLACE 7",,MARK W. BENNETT,LIB,251,5,170,0,426,256,170
El Paso,110-REG 19 HD START,"JUDGE, COURT OF CRIMINAL APPEALS, PLACE 8",,ELSA ALCALA,REP,417,17,268,0,702,434,268
El Paso,110-REG 19 HD START,"JUDGE, COURT OF CRIMINAL APPEALS, PLACE 8",,WILLIAM BRYAN STRANG,LIB,226,5,146,0,377,231,146
El Paso,110-REG 19 HD START,MEMBER STATE BOARD OF EDUCATION DISTRICT 1,,CARLOS CHARLIE GARZA,REP,306,17,176,0,499,323,176
El Paso,110-REG 19 HD START,MEMBER STATE BOARD OF EDUCATION DISTRICT 1,,MARTHA M. DOMINGUEZ,DEM,494,11,346,0,851,505,346
El Paso,110-REG 19 HD START,STATE SENATOR DISTRICT 29,,DAN CHAVEZ,REP,277,18,159,0,454,295,159
El Paso,110-REG 19 HD START,STATE SENATOR DISTRICT 29,,JOSE R. RODRIGUEZ,DEM,536,10,368,0,914,546,368
El Paso,110-REG 19 HD START,STATE REPRESENTATIVE DISTRICT 79,,JOE C. PICKETT,DEM,632,15,426,0,1073,647,426
El Paso,110-REG 19 HD START,"CHIEF JUSTICE, COURT OF APPEALS 8TH DISTRICT",,ANN CRAWFORD MCCLURE,DEM,584,15,399,0,998,599,399
El Paso,110-REG 19 HD START,"JUSTICE, 8TH COURT OF APPEALS DISTRICT, PLACE 2",,CHRIS ANTCLIFF,REP,309,18,174,0,501,327,174
El Paso,110-REG 19 HD START,"JUSTICE, 8TH COURT OF APPEALS DISTRICT, PLACE 2",,YVONNE RODRIGUEZ,DEM,489,10,345,0,844,499,345
El Paso,110-REG 19 HD START,"JUSTICE, 8TH COURT OF APPEALS DISTRICT, PLACE 3",,GUADALUPE LUPE RIVER,DEM,596,15,406,0,1017,611,406
El Paso,110-REG 19 HD START,"DISTRICT JUDGE, 34TH JUDICIAL DISTRICT",,BILL MOODY,DEM,591,15,399,0,1005,606,399
El Paso,110-REG 19 HD START,"DISTRICT JUDGE, 41ST JUDICIAL DISTRICT",,ANNA PEREZ,DEM,594,16,403,0,1013,610,403
El Paso,110-REG 19 HD START,"DISTRICT JUDGE, 243RD JUDICIAL DISTRICT",,BILLY DON HICKS,REP,315,18,183,0,516,333,183
El Paso,110-REG 19 HD START,"DISTRICT JUDGE, 243RD JUDICIAL DISTRICT",,LUIS AGUILAR,DEM,484,10,341,0,835,494,341
El Paso,110-REG 19 HD START,"DISTRICT JUDGE, 346TH JUDICIAL DISTRICT",,ANGIE J. BARILL,DEM,585,15,394,0,994,600,394
El Paso,110-REG 19 HD START,"DISTRICT JUDGE, 383RD JUDICIAL DISTRICT",,MIKE HERRERA,DEM,578,15,396,0,989,593,396
El Paso,110-REG 19 HD START,"DISTRICT JUDGE, 384TH JUDICIAL DISTRICT",,PATRICK M. GARCIA,DEM,580,15,391,0,986,595,391
El Paso,110-REG 19 HD START,"DISTRICT JUDGE, 388TH JUDICIAL DISTRICT",,LAURA STRATHMANN,DEM,589,15,393,0,997,604,393
El Paso,110-REG 19 HD START,"DISTRICT JUDGE, 409TH JUDICIAL DISTRICT",,SAM MEDRANO JR,DEM,588,15,389,0,992,603,389
El Paso,110-REG 19 HD START,"DISTRICT JUDGE, 448TH JUDICIAL DISTRICT",,SERGIO H. ENRIQUEZ,DEM,577,15,388,0,980,592,388
El Paso,110-REG 19 HD START,"CRIMINAL DISTRICT JUDGE, COURT NO. 1",,DIANE NAVARRETE,DEM,584,15,388,0,987,599,388
El Paso,110-REG 19 HD START,"FAMILY DISTRICT JUDGE, 65TH JUDICIAL DISTRICT",,YAHARA L. GUTIERREZ,DEM,578,15,388,0,981,593,388
El Paso,110-REG 19 HD START,"DISTRICT ATTORNEY, 34TH JUDICIAL DISTRICT",,JAIME ESPARZA,DEM,580,15,396,0,991,595,396
El Paso,110-REG 19 HD START,"JUDGE, COUNTY CRIMINAL COURT NO. 3",,CARLOS CARRASCO,DEM,569,15,396,0,980,584,396
El Paso,110-REG 19 HD START,"JUDGE, COUNTY CRIMINAL COURT NO. 4",,JESUS HERRERA,DEM,572,15,392,0,979,587,392
El Paso,110-REG 19 HD START,COUNTY ATTORNEY,,JO ANNE BERNAL,DEM,580,15,392,0,987,595,392
El Paso,110-REG 19 HD START,SHERIFF,,RICHARD D. WILES,DEM,603,15,402,0,1020,618,402
El Paso,110-REG 19 HD START,COUNTY TAX ASSESSOR COLLECTOR,,VICTOR A. FLORES,DEM,585,18,402,0,1005,603,402
El Paso,110-REG 19 HD START,"COUNTY COMMISSIONER, PRECINCT NO. 1",,BILL LENDERMAN,REP,280,18,153,0,451,298,153
El Paso,110-REG 19 HD START,"COUNTY COMMISSIONER, PRECINCT NO. 1",,CARLOS LEON,DEM,522,9,370,0,901,531,370
El Paso,110-REG 19 HD START,"CONSTABLE, PRECINCT NO. 4",,LUIS LOUIE AGUILAR,DEM,562,15,393,0,970,577,393
El Paso,111-JANE HAMBRIC ELEMENTARY,"CITY OF EL PASO, PROPOSITION",,FOR (A FAVOR),NP,309,8,273,0,590,317,273
El Paso,111-JANE HAMBRIC ELEMENTARY,"CITY OF EL PASO, PROPOSITION",,AGAINST (EN CONTRA),NP,67,2,44,0,113,69,44
El Paso,111-JANE HAMBRIC ELEMENTARY,"CITY OF EL PASO, PROPOSITION",,FOR (A FAVOR),NP,297,7,259,0,563,304,259
El Paso,111-JANE HAMBRIC ELEMENTARY,"CITY OF EL PASO, PROPOSITION",,AGAINST (EN CONTRA),NP,73,3,54,0,130,76,54
El Paso,111-JANE HAMBRIC ELEMENTARY,"CITY OF EL PASO, PROPOSITION",,FOR (A FAVOR),NP,232,6,204,0,442,238,204
El Paso,111-JANE HAMBRIC ELEMENTARY,"CITY OF EL PASO, PROPOSITION",,AGAINST (EN CONTRA),NP,139,3,108,0,250,142,108
El Paso,111-JANE HAMBRIC ELEMENTARY,STRAIGHT PARTY,,REPUBLICAN,REP,65,0,52,0,117,65,52
El Paso,111-JANE HAMBRIC ELEMENTARY,STRAIGHT PARTY,,DEMOCRAT,DEM,195,5,191,0,391,200,191
El Paso,111-JANE HAMBRIC ELEMENTARY,STRAIGHT PARTY,,LIBERTARIAN,LIB,6,0,2,0,8,6,2
El Paso,111-JANE HAMBRIC ELEMENTARY,STRAIGHT PARTY,,GREEN,GRN,0,0,1,0,1,0,1
El Paso,111-JANE HAMBRIC ELEMENTARY,US PRESIDENT,,MITT ROMNEY,REP,111,5,80,0,196,116,80
El Paso,111-JANE HAMBRIC ELEMENTARY,US PRESIDENT,,BARACK OBAMA,DEM,269,7,241,0,517,276,241
El Paso,111-JANE HAMBRIC ELEMENTARY,US PRESIDENT,,GARY JOHNSON,LIB,7,0,2,0,9,7,2
El Paso,111-JANE HAMBRIC ELEMENTARY,US PRESIDENT,,JILL STEIN,GRN,0,0,0,0,0,0,0
El Paso,111-JANE HAMBRIC ELEMENTARY,US PRESIDENT,,WRITE-IN,NP,1,0,1,0,2,1,1
El Paso,111-JANE HAMBRIC ELEMENTARY,US SENATOR,,TED CRUZ,REP,118,6,93,0,217,124,93
El Paso,111-JANE HAMBRIC ELEMENTARY,US SENATOR,,PAUL SADLER,DEM,242,5,219,0,466,247,219
El Paso,111-JANE HAMBRIC ELEMENTARY,US SENATOR,,JOHN JAY MYERS,LIB,13,0,4,0,17,13,4
El Paso,111-JANE HAMBRIC ELEMENTARY,US SENATOR,,DAVID B. COLLINS,GRN,4,0,4,0,8,4,4
El Paso,111-JANE HAMBRIC ELEMENTARY,US REP DISTRICT 16,,BARBARA CARRASCO,REP,117,5,89,0,211,122,89
El Paso,111-JANE HAMBRIC ELEMENTARY,US REP DISTRICT 16,,BETO OROURKE,DEM,257,6,226,0,489,263,226
El Paso,111-JANE HAMBRIC ELEMENTARY,US REP DISTRICT 16,,JUNART SODOY,LIB,9,0,6,0,15,9,6
El Paso,111-JANE HAMBRIC ELEMENTARY,RAILROAD COMMISSIONER,,CHRISTI CRADDICK,REP,101,4,74,0,179,105,74
El Paso,111-JANE HAMBRIC ELEMENTARY,RAILROAD COMMISSIONER,,DALE HENRY,DEM,252,5,226,0,483,257,226
El Paso,111-JANE HAMBRIC ELEMENTARY,RAILROAD COMMISSIONER,,VIVEKANANDA (VIK) WA,LIB,11,0,4,0,15,11,4
El Paso,111-JANE HAMBRIC ELEMENTARY,RAILROAD COMMISSIONER,,CHRIS KENNEDY,GRN,10,1,8,0,19,11,8
El Paso,111-JANE HAMBRIC ELEMENTARY,RAILROAD COMMISSIONER,,BARRY SMITHERMAN,REP,132,4,99,0,235,136,99
El Paso,111-JANE HAMBRIC ELEMENTARY,RAILROAD COMMISSIONER,,JAIME O. PEREZ,LIB,156,1,134,0,291,157,134
El Paso,111-JANE HAMBRIC ELEMENTARY,RAILROAD COMMISSIONER,,JOSH WENDEL,GRN,21,1,24,0,46,22,24
El Paso,111-JANE HAMBRIC ELEMENTARY,"JUSTICE, SUPREME COURT, PLACE 2",,DON WILLETT,REP,167,5,139,0,311,172,139
El Paso,111-JANE HAMBRIC ELEMENTARY,"JUSTICE, SUPREME COURT, PLACE 2",,RS ROBERT KOELSCH,LIB,135,0,118,0,253,135,118
El Paso,111-JANE HAMBRIC ELEMENTARY,"JUSTICE, SUPREME COURT, PLACE 4",,JOHN DEVINE,REP,141,4,124,0,269,145,124
El Paso,111-JANE HAMBRIC ELEMENTARY,"JUSTICE, SUPREME COURT, PLACE 4",,TOM OXFORD,LIB,116,2,91,0,209,118,91
El Paso,111-JANE HAMBRIC ELEMENTARY,"JUSTICE, SUPREME COURT, PLACE 4",,CHARLES E. WATERBURY,GRN,45,0,40,0,85,45,40
El Paso,111-JANE HAMBRIC ELEMENTARY,"JUSTICE, SUPREME COURT, PLACE 6",,NATHAN HECHT,REP,97,4,67,0,168,101,67
El Paso,111-JANE HAMBRIC ELEMENTARY,"JUSTICE, SUPREME COURT, PLACE 6",,MICHELE PETTY,DEM,256,6,235,0,497,262,235
El Paso,111-JANE HAMBRIC ELEMENTARY,"JUSTICE, SUPREME COURT, PLACE 6",,MARK ASH,LIB,17,0,10,0,27,17,10
El Paso,111-JANE HAMBRIC ELEMENTARY,"JUSTICE, SUPREME COURT, PLACE 6",,JIM CHISHOLM,GRN,4,0,3,0,7,4,3
El Paso,111-JANE HAMBRIC ELEMENTARY,"PRESIDING JUDGE, COURT OF CRIMINAL APPEALS",,SHARON KELLER,REP,102,4,74,0,180,106,74
El Paso,111-JANE HAMBRIC ELEMENTARY,"PRESIDING JUDGE, COURT OF CRIMINAL APPEALS",,KEITH HAMPTON,DEM,256,5,227,0,488,261,227
El Paso,111-JANE HAMBRIC ELEMENTARY,"PRESIDING JUDGE, COURT OF CRIMINAL APPEALS",,LANCE STOTT,LIB,18,1,13,0,32,19,13
El Paso,111-JANE HAMBRIC ELEMENTARY,"JUDGE, COURT OF CRIMINAL APPEALS, PLACE 7",,BARBARA PARKER HERVE,REP,160,4,140,0,304,164,140
El Paso,111-JANE HAMBRIC ELEMENTARY,"JUDGE, COURT OF CRIMINAL APPEALS, PLACE 7",,MARK W. BENNETT,LIB,147,2,121,0,270,149,121
El Paso,111-JANE HAMBRIC ELEMENTARY,"JUDGE, COURT OF CRIMINAL APPEALS, PLACE 8",,ELSA ALCALA,REP,170,5,150,0,325,175,150
El Paso,111-JANE HAMBRIC ELEMENTARY,"JUDGE, COURT OF CRIMINAL APPEALS, PLACE 8",,WILLIAM BRYAN STRANG,LIB,136,1,111,0,248,137,111
El Paso,111-JANE HAMBRIC ELEMENTARY,MEMBER STATE BOARD OF EDUCATION DISTRICT 1,,CARLOS CHARLIE GARZA,REP,118,5,78,0,201,123,78
El Paso,111-JANE HAMBRIC ELEMENTARY,MEMBER STATE BOARD OF EDUCATION DISTRICT 1,,MARTHA M. DOMINGUEZ,DEM,255,5,236,0,496,260,236
El Paso,111-JANE HAMBRIC ELEMENTARY,STATE SENATOR DISTRICT 29,,DAN CHAVEZ,REP,110,5,85,0,200,115,85
El Paso,111-JANE HAMBRIC ELEMENTARY,STATE SENATOR DISTRICT 29,,JOSE R. RODRIGUEZ,DEM,270,5,230,0,505,275,230
El Paso,111-JANE HAMBRIC ELEMENTARY,STATE REPRESENTATIVE DISTRICT 79,,JOE C. PICKETT,DEM,301,8,264,0,573,309,264
El Paso,111-JANE HAMBRIC ELEMENTARY,"CHIEF JUSTICE, COURT OF APPEALS 8TH DISTRICT",,ANN CRAWFORD MCCLURE,DEM,291,8,257,0,556,299,257
El Paso,111-JANE HAMBRIC ELEMENTARY,"JUSTICE, 8TH COURT OF APPEALS DISTRICT, PLACE 2",,CHRIS ANTCLIFF,REP,112,5,76,0,193,117,76
El Paso,111-JANE HAMBRIC ELEMENTARY,"JUSTICE, 8TH COURT OF APPEALS DISTRICT, PLACE 2",,YVONNE RODRIGUEZ,DEM,264,5,238,0,507,269,238
El Paso,111-JANE HAMBRIC ELEMENTARY,"JUSTICE, 8TH COURT OF APPEALS DISTRICT, PLACE 3",,GUADALUPE LUPE RIVER,DEM,293,8,255,0,556,301,255
El Paso,111-JANE HAMBRIC ELEMENTARY,"DISTRICT JUDGE, 34TH JUDICIAL DISTRICT",,BILL MOODY,DEM,291,8,261,0,560,299,261
El Paso,111-JANE HAMBRIC ELEMENTARY,"DISTRICT JUDGE, 41ST JUDICIAL DISTRICT",,ANNA PEREZ,DEM,291,8,258,0,557,299,258
El Paso,111-JANE HAMBRIC ELEMENTARY,"DISTRICT JUDGE, 243RD JUDICIAL DISTRICT",,BILLY DON HICKS,REP,111,5,79,0,195,116,79
El Paso,111-JANE HAMBRIC ELEMENTARY,"DISTRICT JUDGE, 243RD JUDICIAL DISTRICT",,LUIS AGUILAR,DEM,265,5,231,0,501,270,231
El Paso,111-JANE HAMBRIC ELEMENTARY,"DISTRICT JUDGE, 346TH JUDICIAL DISTRICT",,ANGIE J. BARILL,DEM,290,8,255,0,553,298,255
El Paso,111-JANE HAMBRIC ELEMENTARY,"DISTRICT JUDGE, 383RD JUDICIAL DISTRICT",,MIKE HERRERA,DEM,292,8,258,0,558,300,258
El Paso,111-JANE HAMBRIC ELEMENTARY,"DISTRICT JUDGE, 384TH JUDICIAL DISTRICT",,PATRICK M. GARCIA,DEM,291,8,256,0,555,299,256
El Paso,111-JANE HAMBRIC ELEMENTARY,"DISTRICT JUDGE, 388TH JUDICIAL DISTRICT",,LAURA STRATHMANN,DEM,291,8,259,0,558,299,259
El Paso,111-JANE HAMBRIC ELEMENTARY,"DISTRICT JUDGE, 409TH JUDICIAL DISTRICT",,SAM MEDRANO JR,DEM,291,8,255,0,554,299,255
El Paso,111-JANE HAMBRIC ELEMENTARY,"DISTRICT JUDGE, 448TH JUDICIAL DISTRICT",,SERGIO H. ENRIQUEZ,DEM,287,8,255,0,550,295,255
El Paso,111-JANE HAMBRIC ELEMENTARY,"CRIMINAL DISTRICT JUDGE, COURT NO. 1",,DIANE NAVARRETE,DEM,289,8,255,0,552,297,255
El Paso,111-JANE HAMBRIC ELEMENTARY,"FAMILY DISTRICT JUDGE, 65TH JUDICIAL DISTRICT",,YAHARA L. GUTIERREZ,DEM,290,8,255,0,553,298,255
El Paso,111-JANE HAMBRIC ELEMENTARY,"DISTRICT ATTORNEY, 34TH JUDICIAL DISTRICT",,JAIME ESPARZA,DEM,289,9,252,0,550,298,252
El Paso,111-JANE HAMBRIC ELEMENTARY,"JUDGE, COUNTY CRIMINAL COURT NO. 3",,CARLOS CARRASCO,DEM,288,8,254,0,550,296,254
El Paso,111-JANE HAMBRIC ELEMENTARY,"JUDGE, COUNTY CRIMINAL COURT NO. 4",,JESUS HERRERA,DEM,290,8,252,0,550,298,252
El Paso,111-JANE HAMBRIC ELEMENTARY,COUNTY ATTORNEY,,JO ANNE BERNAL,DEM,292,8,253,0,553,300,253
El Paso,111-JANE HAMBRIC ELEMENTARY,SHERIFF,,RICHARD D. WILES,DEM,294,9,259,0,562,303,259
El Paso,111-JANE HAMBRIC ELEMENTARY,COUNTY TAX ASSESSOR COLLECTOR,,VICTOR A. FLORES,DEM,290,8,254,0,552,298,254
El Paso,111-JANE HAMBRIC ELEMENTARY,"COUNTY COMMISSIONER, PRECINCT NO. 1",,BILL LENDERMAN,REP,101,3,73,0,177,104,73
El Paso,111-JANE HAMBRIC ELEMENTARY,"COUNTY COMMISSIONER, PRECINCT NO. 1",,CARLOS LEON,DEM,275,7,240,0,522,282,240
El Paso,111-JANE HAMBRIC ELEMENTARY,"CONSTABLE, PRECINCT NO. 4",,LUIS LOUIE AGUILAR,DEM,286,8,251,0,545,294,251
El Paso,112-JANE HAMBRIC ELEMENTARY,"CITY OF EL PASO, PROPOSITION",,FOR (A FAVOR),NP,397,11,505,7,920,408,512
El Paso,112-JANE HAMBRIC ELEMENTARY,"CITY OF EL PASO, PROPOSITION",,AGAINST (EN CONTRA),NP,91,5,110,0,206,96,110
El Paso,112-JANE HAMBRIC ELEMENTARY,"CITY OF EL PASO, PROPOSITION",,FOR (A FAVOR),NP,365,8,468,5,846,373,473
El Paso,112-JANE HAMBRIC ELEMENTARY,"CITY OF EL PASO, PROPOSITION",,AGAINST (EN CONTRA),NP,109,8,131,2,250,117,133
El Paso,112-JANE HAMBRIC ELEMENTARY,"CITY OF EL PASO, PROPOSITION",,FOR (A FAVOR),NP,282,5,413,4,704,287,417
El Paso,112-JANE HAMBRIC ELEMENTARY,"CITY OF EL PASO, PROPOSITION",,AGAINST (EN CONTRA),NP,195,12,194,3,404,207,197
El Paso,112-JANE HAMBRIC ELEMENTARY,STRAIGHT PARTY,,REPUBLICAN,REP,69,9,77,1,156,78,78
El Paso,112-JANE HAMBRIC ELEMENTARY,STRAIGHT PARTY,,DEMOCRAT,DEM,281,6,399,4,690,287,403
El Paso,112-JANE HAMBRIC ELEMENTARY,STRAIGHT PARTY,,LIBERTARIAN,LIB,3,1,8,0,12,4,8
El Paso,112-JANE HAMBRIC ELEMENTARY,STRAIGHT PARTY,,GREEN,GRN,1,0,3,0,4,1,3
El Paso,112-JANE HAMBRIC ELEMENTARY,US PRESIDENT,,MITT ROMNEY,REP,122,12,114,2,250,134,116
El Paso,112-JANE HAMBRIC ELEMENTARY,US PRESIDENT,,BARACK OBAMA,DEM,370,7,492,5,874,377,497
El Paso,112-JANE HAMBRIC ELEMENTARY,US PRESIDENT,,GARY JOHNSON,LIB,5,1,8,0,14,6,8
El Paso,112-JANE HAMBRIC ELEMENTARY,US PRESIDENT,,JILL STEIN,GRN,0,0,3,0,3,0,3
El Paso,112-JANE HAMBRIC ELEMENTARY,US PRESIDENT,,WRITE-IN,NP,1,0,2,0,3,1,2
El Paso,112-JANE HAMBRIC ELEMENTARY,US SENATOR,,TED CRUZ,REP,139,12,123,2,276,151,125
El Paso,112-JANE HAMBRIC ELEMENTARY,US SENATOR,,PAUL SADLER,DEM,328,6,453,4,791,334,457
El Paso,112-JANE HAMBRIC ELEMENTARY,US SENATOR,,JOHN JAY MYERS,LIB,11,2,21,0,34,13,21
El Paso,112-JANE HAMBRIC ELEMENTARY,US SENATOR,,DAVID B. COLLINS,GRN,7,0,9,1,17,7,10
El Paso,112-JANE HAMBRIC ELEMENTARY,US REP DISTRICT 16,,BARBARA CARRASCO,REP,121,11,134,2,268,132,136
El Paso,112-JANE HAMBRIC ELEMENTARY,US REP DISTRICT 16,,BETO OROURKE,DEM,366,7,475,5,853,373,480
El Paso,112-JANE HAMBRIC ELEMENTARY,US REP DISTRICT 16,,JUNART SODOY,LIB,5,2,10,0,17,7,10
El Paso,112-JANE HAMBRIC ELEMENTARY,RAILROAD COMMISSIONER,,CHRISTI CRADDICK,REP,117,10,104,2,233,127,106
El Paso,112-JANE HAMBRIC ELEMENTARY,RAILROAD COMMISSIONER,,DALE HENRY,DEM,334,7,459,4,804,341,463
El Paso,112-JANE HAMBRIC ELEMENTARY,RAILROAD COMMISSIONER,,VIVEKANANDA (VIK) WA,LIB,11,2,15,0,28,13,15
El Paso,112-JANE HAMBRIC ELEMENTARY,RAILROAD COMMISSIONER,,CHRIS KENNEDY,GRN,18,1,19,0,38,19,19
El Paso,112-JANE HAMBRIC ELEMENTARY,RAILROAD COMMISSIONER,,BARRY SMITHERMAN,REP,148,10,167,3,328,158,170
El Paso,112-JANE HAMBRIC ELEMENTARY,RAILROAD COMMISSIONER,,JAIME O. PEREZ,LIB,203,3,260,0,466,206,260
El Paso,112-JANE HAMBRIC ELEMENTARY,RAILROAD COMMISSIONER,,JOSH WENDEL,GRN,32,4,51,2,89,36,53
El Paso,112-JANE HAMBRIC ELEMENTARY,"JUSTICE, SUPREME COURT, PLACE 2",,DON WILLETT,REP,195,11,218,3,427,206,221
El Paso,112-JANE HAMBRIC ELEMENTARY,"JUSTICE, SUPREME COURT, PLACE 2",,RS ROBERT KOELSCH,LIB,185,6,253,2,446,191,255
El Paso,112-JANE HAMBRIC ELEMENTARY,"JUSTICE, SUPREME COURT, PLACE 4",,JOHN DEVINE,REP,187,12,204,3,406,199,207
El Paso,112-JANE HAMBRIC ELEMENTARY,"JUSTICE, SUPREME COURT, PLACE 4",,TOM OXFORD,LIB,149,2,178,0,329,151,178
El Paso,112-JANE HAMBRIC ELEMENTARY,"JUSTICE, SUPREME COURT, PLACE 4",,CHARLES E. WATERBURY,GRN,46,3,84,2,135,49,86
El Paso,112-JANE HAMBRIC ELEMENTARY,"JUSTICE, SUPREME COURT, PLACE 6",,NATHAN HECHT,REP,113,10,90,2,215,123,92
El Paso,112-JANE HAMBRIC ELEMENTARY,"JUSTICE, SUPREME COURT, PLACE 6",,MICHELE PETTY,DEM,344,7,473,4,828,351,477
El Paso,112-JANE HAMBRIC ELEMENTARY,"JUSTICE, SUPREME COURT, PLACE 6",,MARK ASH,LIB,20,2,24,1,47,22,25
El Paso,112-JANE HAMBRIC ELEMENTARY,"JUSTICE, SUPREME COURT, PLACE 6",,JIM CHISHOLM,GRN,7,0,11,0,18,7,11
El Paso,112-JANE HAMBRIC ELEMENTARY,"PRESIDING JUDGE, COURT OF CRIMINAL APPEALS",,SHARON KELLER,REP,126,11,105,2,244,137,107
El Paso,112-JANE HAMBRIC ELEMENTARY,"PRESIDING JUDGE, COURT OF CRIMINAL APPEALS",,KEITH HAMPTON,DEM,342,7,465,4,818,349,469
El Paso,112-JANE HAMBRIC ELEMENTARY,"PRESIDING JUDGE, COURT OF CRIMINAL APPEALS",,LANCE STOTT,LIB,16,1,28,1,46,17,29
El Paso,112-JANE HAMBRIC ELEMENTARY,"JUDGE, COURT OF CRIMINAL APPEALS, PLACE 7",,BARBARA PARKER HERVE,REP,200,12,244,3,459,212,247
El Paso,112-JANE HAMBRIC ELEMENTARY,"JUDGE, COURT OF CRIMINAL APPEALS, PLACE 7",,MARK W. BENNETT,LIB,173,4,225,2,404,177,227
El Paso,112-JANE HAMBRIC ELEMENTARY,"JUDGE, COURT OF CRIMINAL APPEALS, PLACE 8",,ELSA ALCALA,REP,221,11,265,3,500,232,268
El Paso,112-JANE HAMBRIC ELEMENTARY,"JUDGE, COURT OF CRIMINAL APPEALS, PLACE 8",,WILLIAM BRYAN STRANG,LIB,150,5,200,1,356,155,201
El Paso,112-JANE HAMBRIC ELEMENTARY,MEMBER STATE BOARD OF EDUCATION DISTRICT 1,,CARLOS CHARLIE GARZA,REP,134,13,112,3,262,147,115
El Paso,112-JANE HAMBRIC ELEMENTARY,MEMBER STATE BOARD OF EDUCATION DISTRICT 1,,MARTHA M. DOMINGUEZ,DEM,353,6,486,4,849,359,490
El Paso,112-JANE HAMBRIC ELEMENTARY,STATE SENATOR DISTRICT 29,,DAN CHAVEZ,REP,117,14,111,2,244,131,113
El Paso,112-JANE HAMBRIC ELEMENTARY,STATE SENATOR DISTRICT 29,,JOSE R. RODRIGUEZ,DEM,368,6,494,5,873,374,499
El Paso,112-JANE HAMBRIC ELEMENTARY,STATE REPRESENTATIVE DISTRICT 79,,JOE C. PICKETT,DEM,415,9,523,5,952,424,528
El Paso,112-JANE HAMBRIC ELEMENTARY,"CHIEF JUSTICE, COURT OF APPEALS 8TH DISTRICT",,ANN CRAWFORD MCCLURE,DEM,407,10,515,5,937,417,520
El Paso,112-JANE HAMBRIC ELEMENTARY,"JUSTICE, 8TH COURT OF APPEALS DISTRICT, PLACE 2",,CHRIS ANTCLIFF,REP,120,12,108,2,242,132,110
El Paso,112-JANE HAMBRIC ELEMENTARY,"JUSTICE, 8TH COURT OF APPEALS DISTRICT, PLACE 2",,YVONNE RODRIGUEZ,DEM,367,7,489,5,868,374,494
El Paso,112-JANE HAMBRIC ELEMENTARY,"JUSTICE, 8TH COURT OF APPEALS DISTRICT, PLACE 3",,GUADALUPE LUPE RIVER,DEM,406,10,520,5,941,416,525
El Paso,112-JANE HAMBRIC ELEMENTARY,"DISTRICT JUDGE, 34TH JUDICIAL DISTRICT",,BILL MOODY,DEM,409,10,522,5,946,419,527
El Paso,112-JANE HAMBRIC ELEMENTARY,"DISTRICT JUDGE, 41ST JUDICIAL DISTRICT",,ANNA PEREZ,DEM,406,9,517,5,937,415,522
El Paso,112-JANE HAMBRIC ELEMENTARY,"DISTRICT JUDGE, 243RD JUDICIAL DISTRICT",,BILLY DON HICKS,REP,127,11,109,2,249,138,111
El Paso,112-JANE HAMBRIC ELEMENTARY,"DISTRICT JUDGE, 243RD JUDICIAL DISTRICT",,LUIS AGUILAR,DEM,359,7,485,5,856,366,490
El Paso,112-JANE HAMBRIC ELEMENTARY,"DISTRICT JUDGE, 346TH JUDICIAL DISTRICT",,ANGIE J. BARILL,DEM,397,10,523,5,935,407,528
El Paso,112-JANE HAMBRIC ELEMENTARY,"DISTRICT JUDGE, 383RD JUDICIAL DISTRICT",,MIKE HERRERA,DEM,398,10,522,5,935,408,527
El Paso,112-JANE HAMBRIC ELEMENTARY,"DISTRICT JUDGE, 384TH JUDICIAL DISTRICT",,PATRICK M. GARCIA,DEM,398,10,519,5,932,408,524
El Paso,112-JANE HAMBRIC ELEMENTARY,"DISTRICT JUDGE, 388TH JUDICIAL DISTRICT",,LAURA STRATHMANN,DEM,399,10,523,5,937,409,528
El Paso,112-JANE HAMBRIC ELEMENTARY,"DISTRICT JUDGE, 409TH JUDICIAL DISTRICT",,SAM MEDRANO JR,DEM,394,10,517,5,926,404,522
El Paso,112-JANE HAMBRIC ELEMENTARY,"DISTRICT JUDGE, 448TH JUDICIAL DISTRICT",,SERGIO H. ENRIQUEZ,DEM,396,10,520,4,930,406,524
El Paso,112-JANE HAMBRIC ELEMENTARY,"CRIMINAL DISTRICT JUDGE, COURT NO. 1",,DIANE NAVARRETE,DEM,396,10,519,4,929,406,523
El Paso,112-JANE HAMBRIC ELEMENTARY,"FAMILY DISTRICT JUDGE, 65TH JUDICIAL DISTRICT",,YAHARA L. GUTIERREZ,DEM,395,10,519,4,928,405,523
El Paso,112-JANE HAMBRIC ELEMENTARY,"DISTRICT ATTORNEY, 34TH JUDICIAL DISTRICT",,JAIME ESPARZA,DEM,390,10,516,5,921,400,521
El Paso,112-JANE HAMBRIC ELEMENTARY,"JUDGE, COUNTY CRIMINAL COURT NO. 3",,CARLOS CARRASCO,DEM,392,10,520,4,926,402,524
El Paso,112-JANE HAMBRIC ELEMENTARY,"JUDGE, COUNTY CRIMINAL COURT NO. 4",,JESUS HERRERA,DEM,391,10,513,4,918,401,517
El Paso,112-JANE HAMBRIC ELEMENTARY,COUNTY ATTORNEY,,JO ANNE BERNAL,DEM,398,10,511,5,924,408,516
El Paso,112-JANE HAMBRIC ELEMENTARY,SHERIFF,,RICHARD D. WILES,DEM,396,10,520,5,931,406,525
El Paso,112-JANE HAMBRIC ELEMENTARY,COUNTY TAX ASSESSOR COLLECTOR,,VICTOR A. FLORES,DEM,397,12,520,5,934,409,525
El Paso,112-JANE HAMBRIC ELEMENTARY,"COUNTY COMMISSIONER, PRECINCT NO. 1",,BILL LENDERMAN,REP,115,11,107,2,235,126,109
El Paso,112-JANE HAMBRIC ELEMENTARY,"COUNTY COMMISSIONER, PRECINCT NO. 1",,CARLOS LEON,DEM,370,7,492,5,874,377,497
El Paso,112-JANE HAMBRIC ELEMENTARY,"CONSTABLE, PRECINCT NO. 4",,LUIS LOUIE AGUILAR,DEM,396,10,515,5,926,406,520
El Paso,113-BILL SYBERT PRE K,"CITY OF EL PASO, PROPOSITION",,FOR (A FAVOR),NP,341,8,337,4,690,349,341
El Paso,113-BILL SYBERT PRE K,"CITY OF EL PASO, PROPOSITION",,AGAINST (EN CONTRA),NP,124,1,96,0,221,125,96
El Paso,113-BILL SYBERT PRE K,"CITY OF EL PASO, PROPOSITION",,FOR (A FAVOR),NP,310,6,291,3,610,316,294
El Paso,113-BILL SYBERT PRE K,"CITY OF EL PASO, PROPOSITION",,AGAINST (EN CONTRA),NP,146,3,134,1,284,149,135
El Paso,113-BILL SYBERT PRE K,"CITY OF EL PASO, PROPOSITION",,FOR (A FAVOR),NP,292,7,283,1,583,299,284
El Paso,113-BILL SYBERT PRE K,"CITY OF EL PASO, PROPOSITION",,AGAINST (EN CONTRA),NP,166,2,142,1,311,168,143
El Paso,113-BILL SYBERT PRE K,STRAIGHT PARTY,,REPUBLICAN,REP,78,6,80,1,165,84,81
El Paso,113-BILL SYBERT PRE K,STRAIGHT PARTY,,DEMOCRAT,DEM,203,5,223,1,432,208,224
El Paso,113-BILL SYBERT PRE K,STRAIGHT PARTY,,LIBERTARIAN,LIB,1,0,1,0,2,1,1
El Paso,113-BILL SYBERT PRE K,STRAIGHT PARTY,,GREEN,GRN,3,0,1,0,4,3,1
El Paso,113-BILL SYBERT PRE K,US PRESIDENT,,MITT ROMNEY,REP,152,6,144,1,303,158,145
El Paso,113-BILL SYBERT PRE K,US PRESIDENT,,BARACK OBAMA,DEM,319,6,291,3,619,325,294
El Paso,113-BILL SYBERT PRE K,US PRESIDENT,,GARY JOHNSON,LIB,2,0,4,0,6,2,4
El Paso,113-BILL SYBERT PRE K,US PRESIDENT,,JILL STEIN,GRN,4,0,0,0,4,4,0
El Paso,113-BILL SYBERT PRE K,US PRESIDENT,,WRITE-IN,NP,1,0,1,0,2,1,1
El Paso,113-BILL SYBERT PRE K,US SENATOR,,TED CRUZ,REP,162,6,140,2,310,168,142
El Paso,113-BILL SYBERT PRE K,US SENATOR,,PAUL SADLER,DEM,297,6,273,2,578,303,275
El Paso,113-BILL SYBERT PRE K,US SENATOR,,JOHN JAY MYERS,LIB,3,0,7,0,10,3,7
El Paso,113-BILL SYBERT PRE K,US SENATOR,,DAVID B. COLLINS,GRN,6,0,8,0,14,6,8
El Paso,113-BILL SYBERT PRE K,US REP DISTRICT 16,,BARBARA CARRASCO,REP,159,6,158,1,324,165,159
El Paso,113-BILL SYBERT PRE K,US REP DISTRICT 16,,BETO OROURKE,DEM,311,6,269,3,589,317,272
El Paso,113-BILL SYBERT PRE K,US REP DISTRICT 16,,JUNART SODOY,LIB,5,0,8,0,13,5,8
El Paso,113-BILL SYBERT PRE K,RAILROAD COMMISSIONER,,CHRISTI CRADDICK,REP,135,6,120,2,263,141,122
El Paso,113-BILL SYBERT PRE K,RAILROAD COMMISSIONER,,DALE HENRY,DEM,289,6,280,2,577,295,282
El Paso,113-BILL SYBERT PRE K,RAILROAD COMMISSIONER,,VIVEKANANDA (VIK) WA,LIB,11,0,4,0,15,11,4
El Paso,113-BILL SYBERT PRE K,RAILROAD COMMISSIONER,,CHRIS KENNEDY,GRN,18,0,12,0,30,18,12
El Paso,113-BILL SYBERT PRE K,RAILROAD COMMISSIONER,,BARRY SMITHERMAN,REP,167,6,141,2,316,173,143
El Paso,113-BILL SYBERT PRE K,RAILROAD COMMISSIONER,,JAIME O. PEREZ,LIB,172,5,157,1,335,177,158
El Paso,113-BILL SYBERT PRE K,RAILROAD COMMISSIONER,,JOSH WENDEL,GRN,40,0,29,0,69,40,29
El Paso,113-BILL SYBERT PRE K,"JUSTICE, SUPREME COURT, PLACE 2",,DON WILLETT,REP,204,6,179,2,391,210,181
El Paso,113-BILL SYBERT PRE K,"JUSTICE, SUPREME COURT, PLACE 2",,RS ROBERT KOELSCH,LIB,169,5,144,1,319,174,145
El Paso,113-BILL SYBERT PRE K,"JUSTICE, SUPREME COURT, PLACE 4",,JOHN DEVINE,REP,199,7,175,2,383,206,177
El Paso,113-BILL SYBERT PRE K,"JUSTICE, SUPREME COURT, PLACE 4",,TOM OXFORD,LIB,132,2,97,1,232,134,98
El Paso,113-BILL SYBERT PRE K,"JUSTICE, SUPREME COURT, PLACE 4",,CHARLES E. WATERBURY,GRN,37,1,52,0,90,38,52
El Paso,113-BILL SYBERT PRE K,"JUSTICE, SUPREME COURT, PLACE 6",,NATHAN HECHT,REP,131,5,108,1,245,136,109
El Paso,113-BILL SYBERT PRE K,"JUSTICE, SUPREME COURT, PLACE 6",,MICHELE PETTY,DEM,302,6,286,3,597,308,289
El Paso,113-BILL SYBERT PRE K,"JUSTICE, SUPREME COURT, PLACE 6",,MARK ASH,LIB,9,1,11,0,21,10,11
El Paso,113-BILL SYBERT PRE K,"JUSTICE, SUPREME COURT, PLACE 6",,JIM CHISHOLM,GRN,14,0,9,0,23,14,9
El Paso,113-BILL SYBERT PRE K,"PRESIDING JUDGE, COURT OF CRIMINAL APPEALS",,SHARON KELLER,REP,149,6,126,1,282,155,127
El Paso,113-BILL SYBERT PRE K,"PRESIDING JUDGE, COURT OF CRIMINAL APPEALS",,KEITH HAMPTON,DEM,300,5,274,2,581,305,276
El Paso,113-BILL SYBERT PRE K,"PRESIDING JUDGE, COURT OF CRIMINAL APPEALS",,LANCE STOTT,LIB,8,1,14,1,24,9,15
El Paso,113-BILL SYBERT PRE K,"JUDGE, COURT OF CRIMINAL APPEALS, PLACE 7",,BARBARA PARKER HERVE,REP,222,5,184,2,413,227,186
El Paso,113-BILL SYBERT PRE K,"JUDGE, COURT OF CRIMINAL APPEALS, PLACE 7",,MARK W. BENNETT,LIB,150,5,141,1,297,155,142
El Paso,113-BILL SYBERT PRE K,"JUDGE, COURT OF CRIMINAL APPEALS, PLACE 8",,ELSA ALCALA,REP,241,7,205,2,455,248,207
El Paso,113-BILL SYBERT PRE K,"JUDGE, COURT OF CRIMINAL APPEALS, PLACE 8",,WILLIAM BRYAN STRANG,LIB,138,3,118,1,260,141,119
El Paso,113-BILL SYBERT PRE K,MEMBER STATE BOARD OF EDUCATION DISTRICT 1,,CARLOS CHARLIE GARZA,REP,145,6,127,1,279,151,128
El Paso,113-BILL SYBERT PRE K,MEMBER STATE BOARD OF EDUCATION DISTRICT 1,,MARTHA M. DOMINGUEZ,DEM,309,6,289,3,607,315,292
El Paso,113-BILL SYBERT PRE K,STATE SENATOR DISTRICT 29,,DAN CHAVEZ,REP,133,6,118,2,259,139,120
El Paso,113-BILL SYBERT PRE K,STATE SENATOR DISTRICT 29,,JOSE R. RODRIGUEZ,DEM,331,6,306,2,645,337,308
El Paso,113-BILL SYBERT PRE K,STATE REPRESENTATIVE DISTRICT 79,,JOE C. PICKETT,DEM,388,8,341,4,741,396,345
El Paso,113-BILL SYBERT PRE K,"CHIEF JUSTICE, COURT OF APPEALS 8TH DISTRICT",,ANN CRAWFORD MCCLURE,DEM,361,7,325,4,697,368,329
El Paso,113-BILL SYBERT PRE K,"JUSTICE, 8TH COURT OF APPEALS DISTRICT, PLACE 2",,CHRIS ANTCLIFF,REP,138,6,112,1,257,144,113
El Paso,113-BILL SYBERT PRE K,"JUSTICE, 8TH COURT OF APPEALS DISTRICT, PLACE 2",,YVONNE RODRIGUEZ,DEM,324,6,304,3,637,330,307
El Paso,113-BILL SYBERT PRE K,"JUSTICE, 8TH COURT OF APPEALS DISTRICT, PLACE 3",,GUADALUPE LUPE RIVER,DEM,363,8,332,4,707,371,336
El Paso,113-BILL SYBERT PRE K,"DISTRICT JUDGE, 34TH JUDICIAL DISTRICT",,BILL MOODY,DEM,361,7,332,3,703,368,335
El Paso,113-BILL SYBERT PRE K,"DISTRICT JUDGE, 41ST JUDICIAL DISTRICT",,ANNA PEREZ,DEM,355,7,329,4,695,362,333
El Paso,113-BILL SYBERT PRE K,"DISTRICT JUDGE, 243RD JUDICIAL DISTRICT",,BILLY DON HICKS,REP,144,6,119,1,270,150,120
El Paso,113-BILL SYBERT PRE K,"DISTRICT JUDGE, 243RD JUDICIAL DISTRICT",,LUIS AGUILAR,DEM,314,6,293,3,616,320,296
El Paso,113-BILL SYBERT PRE K,"DISTRICT JUDGE, 346TH JUDICIAL DISTRICT",,ANGIE J. BARILL,DEM,351,6,322,4,683,357,326
El Paso,113-BILL SYBERT PRE K,"DISTRICT JUDGE, 383RD JUDICIAL DISTRICT",,MIKE HERRERA,DEM,356,6,322,3,687,362,325
El Paso,113-BILL SYBERT PRE K,"DISTRICT JUDGE, 384TH JUDICIAL DISTRICT",,PATRICK M. GARCIA,DEM,350,6,319,3,678,356,322
El Paso,113-BILL SYBERT PRE K,"DISTRICT JUDGE, 388TH JUDICIAL DISTRICT",,LAURA STRATHMANN,DEM,355,6,323,4,688,361,327
El Paso,113-BILL SYBERT PRE K,"DISTRICT JUDGE, 409TH JUDICIAL DISTRICT",,SAM MEDRANO JR,DEM,345,7,321,3,676,352,324
El Paso,113-BILL SYBERT PRE K,"DISTRICT JUDGE, 448TH JUDICIAL DISTRICT",,SERGIO H. ENRIQUEZ,DEM,346,7,323,3,679,353,326
El Paso,113-BILL SYBERT PRE K,"CRIMINAL DISTRICT JUDGE, COURT NO. 1",,DIANE NAVARRETE,DEM,354,7,326,3,690,361,329
El Paso,113-BILL SYBERT PRE K,"FAMILY DISTRICT JUDGE, 65TH JUDICIAL DISTRICT",,YAHARA L. GUTIERREZ,DEM,346,6,332,4,688,352,336
El Paso,113-BILL SYBERT PRE K,"DISTRICT ATTORNEY, 34TH JUDICIAL DISTRICT",,JAIME ESPARZA,DEM,355,6,332,3,696,361,335
El Paso,113-BILL SYBERT PRE K,"JUDGE, COUNTY CRIMINAL COURT NO. 3",,CARLOS CARRASCO,DEM,345,7,323,3,678,352,326
El Paso,113-BILL SYBERT PRE K,"JUDGE, COUNTY CRIMINAL COURT NO. 4",,JESUS HERRERA,DEM,348,7,323,3,681,355,326
El Paso,113-BILL SYBERT PRE K,COUNTY ATTORNEY,,JO ANNE BERNAL,DEM,348,7,324,4,683,355,328
El Paso,113-BILL SYBERT PRE K,SHERIFF,,RICHARD D. WILES,DEM,355,6,336,4,701,361,340
El Paso,113-BILL SYBERT PRE K,COUNTY TAX ASSESSOR COLLECTOR,,VICTOR A. FLORES,DEM,356,8,332,4,700,364,336
El Paso,113-BILL SYBERT PRE K,"COUNTY COMMISSIONER, PRECINCT NO. 1",,BILL LENDERMAN,REP,137,6,116,2,261,143,118
El Paso,113-BILL SYBERT PRE K,"COUNTY COMMISSIONER, PRECINCT NO. 1",,CARLOS LEON,DEM,324,6,308,2,640,330,310
El Paso,113-BILL SYBERT PRE K,"CONSTABLE, PRECINCT NO. 4",,LUIS LOUIE AGUILAR,DEM,351,6,330,4,691,357,334
El Paso,114-BILL SYBERT PRE K,"CITY OF EL PASO, PROPOSITION",,FOR (A FAVOR),NP,624,9,523,0,1156,633,523
El Paso,114-BILL SYBERT PRE K,"CITY OF EL PASO, PROPOSITION",,AGAINST (EN CONTRA),NP,152,5,117,0,274,157,117
El Paso,114-BILL SYBERT PRE K,"CITY OF EL PASO, PROPOSITION",,FOR (A FAVOR),NP,585,8,486,0,1079,593,486
El Paso,114-BILL SYBERT PRE K,"CITY OF EL PASO, PROPOSITION",,AGAINST (EN CONTRA),NP,177,6,146,0,329,183,146
El Paso,114-BILL SYBERT PRE K,"CITY OF EL PASO, PROPOSITION",,FOR (A FAVOR),NP,510,7,434,0,951,517,434
El Paso,114-BILL SYBERT PRE K,"CITY OF EL PASO, PROPOSITION",,AGAINST (EN CONTRA),NP,260,7,201,0,468,267,201
El Paso,114-BILL SYBERT PRE K,STRAIGHT PARTY,,REPUBLICAN,REP,129,4,113,0,246,133,113
El Paso,114-BILL SYBERT PRE K,STRAIGHT PARTY,,DEMOCRAT,DEM,389,4,336,0,729,393,336
El Paso,114-BILL SYBERT PRE K,STRAIGHT PARTY,,LIBERTARIAN,LIB,2,0,7,0,9,2,7
El Paso,114-BILL SYBERT PRE K,STRAIGHT PARTY,,GREEN,GRN,3,0,2,0,5,3,2
El Paso,114-BILL SYBERT PRE K,US PRESIDENT,,MITT ROMNEY,REP,237,5,175,0,417,242,175
El Paso,114-BILL SYBERT PRE K,US PRESIDENT,,BARACK OBAMA,DEM,543,10,465,0,1018,553,465
El Paso,114-BILL SYBERT PRE K,US PRESIDENT,,GARY JOHNSON,LIB,6,0,8,0,14,6,8
El Paso,114-BILL SYBERT PRE K,US PRESIDENT,,JILL STEIN,GRN,3,0,2,0,5,3,2
El Paso,114-BILL SYBERT PRE K,US PRESIDENT,,WRITE-IN,NP,2,0,2,0,4,2,2
El Paso,114-BILL SYBERT PRE K,US SENATOR,,TED CRUZ,REP,246,6,196,0,448,252,196
El Paso,114-BILL SYBERT PRE K,US SENATOR,,PAUL SADLER,DEM,512,8,419,0,939,520,419
El Paso,114-BILL SYBERT PRE K,US SENATOR,,JOHN JAY MYERS,LIB,11,0,13,0,24,11,13
El Paso,114-BILL SYBERT PRE K,US SENATOR,,DAVID B. COLLINS,GRN,8,0,9,0,17,8,9
El Paso,114-BILL SYBERT PRE K,US REP DISTRICT 16,,BARBARA CARRASCO,REP,232,5,222,0,459,237,222
El Paso,114-BILL SYBERT PRE K,US REP DISTRICT 16,,BETO OROURKE,DEM,538,8,408,0,954,546,408
El Paso,114-BILL SYBERT PRE K,US REP DISTRICT 16,,JUNART SODOY,LIB,14,0,18,0,32,14,18
El Paso,114-BILL SYBERT PRE K,RAILROAD COMMISSIONER,,CHRISTI CRADDICK,REP,227,6,163,0,396,233,163
El Paso,114-BILL SYBERT PRE K,RAILROAD COMMISSIONER,,DALE HENRY,DEM,493,6,435,0,934,499,435
El Paso,114-BILL SYBERT PRE K,RAILROAD COMMISSIONER,,VIVEKANANDA (VIK) WA,LIB,14,0,15,0,29,14,15
El Paso,114-BILL SYBERT PRE K,RAILROAD COMMISSIONER,,CHRIS KENNEDY,GRN,24,0,18,0,42,24,18
El Paso,114-BILL SYBERT PRE K,RAILROAD COMMISSIONER,,BARRY SMITHERMAN,REP,261,6,221,0,488,267,221
El Paso,114-BILL SYBERT PRE K,RAILROAD COMMISSIONER,,JAIME O. PEREZ,LIB,290,2,257,0,549,292,257
El Paso,114-BILL SYBERT PRE K,RAILROAD COMMISSIONER,,JOSH WENDEL,GRN,63,2,50,0,115,65,50
El Paso,114-BILL SYBERT PRE K,"JUSTICE, SUPREME COURT, PLACE 2",,DON WILLETT,REP,351,6,299,0,656,357,299
El Paso,114-BILL SYBERT PRE K,"JUSTICE, SUPREME COURT, PLACE 2",,RS ROBERT KOELSCH,LIB,257,4,219,0,480,261,219
El Paso,114-BILL SYBERT PRE K,"JUSTICE, SUPREME COURT, PLACE 4",,JOHN DEVINE,REP,321,5,269,0,595,326,269
El Paso,114-BILL SYBERT PRE K,"JUSTICE, SUPREME COURT, PLACE 4",,TOM OXFORD,LIB,209,2,182,0,393,211,182
El Paso,114-BILL SYBERT PRE K,"JUSTICE, SUPREME COURT, PLACE 4",,CHARLES E. WATERBURY,GRN,76,3,70,0,149,79,70
El Paso,114-BILL SYBERT PRE K,"JUSTICE, SUPREME COURT, PLACE 6",,NATHAN HECHT,REP,214,5,155,0,374,219,155
El Paso,114-BILL SYBERT PRE K,"JUSTICE, SUPREME COURT, PLACE 6",,MICHELE PETTY,DEM,510,7,433,0,950,517,433
El Paso,114-BILL SYBERT PRE K,"JUSTICE, SUPREME COURT, PLACE 6",,MARK ASH,LIB,21,0,21,0,42,21,21
El Paso,114-BILL SYBERT PRE K,"JUSTICE, SUPREME COURT, PLACE 6",,JIM CHISHOLM,GRN,16,0,16,0,32,16,16
El Paso,114-BILL SYBERT PRE K,"PRESIDING JUDGE, COURT OF CRIMINAL APPEALS",,SHARON KELLER,REP,229,5,169,0,403,234,169
El Paso,114-BILL SYBERT PRE K,"PRESIDING JUDGE, COURT OF CRIMINAL APPEALS",,KEITH HAMPTON,DEM,508,7,434,0,949,515,434
El Paso,114-BILL SYBERT PRE K,"PRESIDING JUDGE, COURT OF CRIMINAL APPEALS",,LANCE STOTT,LIB,23,0,24,0,47,23,24
El Paso,114-BILL SYBERT PRE K,"JUDGE, COURT OF CRIMINAL APPEALS, PLACE 7",,BARBARA PARKER HERVE,REP,348,6,307,0,661,354,307
El Paso,114-BILL SYBERT PRE K,"JUDGE, COURT OF CRIMINAL APPEALS, PLACE 7",,MARK W. BENNETT,LIB,270,4,206,0,480,274,206
El Paso,114-BILL SYBERT PRE K,"JUDGE, COURT OF CRIMINAL APPEALS, PLACE 8",,ELSA ALCALA,REP,383,6,330,0,719,389,330
El Paso,114-BILL SYBERT PRE K,"JUDGE, COURT OF CRIMINAL APPEALS, PLACE 8",,WILLIAM BRYAN STRANG,LIB,235,3,182,0,420,238,182
El Paso,114-BILL SYBERT PRE K,MEMBER STATE BOARD OF EDUCATION DISTRICT 1,,CARLOS CHARLIE GARZA,REP,233,6,168,0,407,239,168
El Paso,114-BILL SYBERT PRE K,MEMBER STATE BOARD OF EDUCATION DISTRICT 1,,MARTHA M. DOMINGUEZ,DEM,532,6,459,0,997,538,459
El Paso,114-BILL SYBERT PRE K,STATE SENATOR DISTRICT 29,,DAN CHAVEZ,REP,226,5,169,0,400,231,169
El Paso,114-BILL SYBERT PRE K,STATE SENATOR DISTRICT 29,,JOSE R. RODRIGUEZ,DEM,545,7,460,0,1012,552,460
El Paso,114-BILL SYBERT PRE K,STATE REPRESENTATIVE DISTRICT 79,,JOE C. PICKETT,DEM,629,7,517,0,1153,636,517
El Paso,114-BILL SYBERT PRE K,"CHIEF JUSTICE, COURT OF APPEALS 8TH DISTRICT",,ANN CRAWFORD MCCLURE,DEM,604,7,505,0,1116,611,505
El Paso,114-BILL SYBERT PRE K,"JUSTICE, 8TH COURT OF APPEALS DISTRICT, PLACE 2",,CHRIS ANTCLIFF,REP,235,6,164,0,405,241,164
El Paso,114-BILL SYBERT PRE K,"JUSTICE, 8TH COURT OF APPEALS DISTRICT, PLACE 2",,YVONNE RODRIGUEZ,DEM,529,6,459,0,994,535,459
El Paso,114-BILL SYBERT PRE K,"JUSTICE, 8TH COURT OF APPEALS DISTRICT, PLACE 3",,GUADALUPE LUPE RIVER,DEM,607,7,513,0,1127,614,513
El Paso,114-BILL SYBERT PRE K,"DISTRICT JUDGE, 34TH JUDICIAL DISTRICT",,BILL MOODY,DEM,594,7,503,0,1104,601,503
El Paso,114-BILL SYBERT PRE K,"DISTRICT JUDGE, 41ST JUDICIAL DISTRICT",,ANNA PEREZ,DEM,595,7,508,0,1110,602,508
El Paso,114-BILL SYBERT PRE K,"DISTRICT JUDGE, 243RD JUDICIAL DISTRICT",,BILLY DON HICKS,REP,246,5,170,0,421,251,170
El Paso,114-BILL SYBERT PRE K,"DISTRICT JUDGE, 243RD JUDICIAL DISTRICT",,LUIS AGUILAR,DEM,515,7,455,0,977,522,455
El Paso,114-BILL SYBERT PRE K,"DISTRICT JUDGE, 346TH JUDICIAL DISTRICT",,ANGIE J. BARILL,DEM,587,7,507,0,1101,594,507
El Paso,114-BILL SYBERT PRE K,"DISTRICT JUDGE, 383RD JUDICIAL DISTRICT",,MIKE HERRERA,DEM,591,7,504,0,1102,598,504
El Paso,114-BILL SYBERT PRE K,"DISTRICT JUDGE, 384TH JUDICIAL DISTRICT",,PATRICK M. GARCIA,DEM,587,7,501,0,1095,594,501
El Paso,114-BILL SYBERT PRE K,"DISTRICT JUDGE, 388TH JUDICIAL DISTRICT",,LAURA STRATHMANN,DEM,588,7,509,0,1104,595,509
El Paso,114-BILL SYBERT PRE K,"DISTRICT JUDGE, 409TH JUDICIAL DISTRICT",,SAM MEDRANO JR,DEM,585,7,500,0,1092,592,500
El Paso,114-BILL SYBERT PRE K,"DISTRICT JUDGE, 448TH JUDICIAL DISTRICT",,SERGIO H. ENRIQUEZ,DEM,582,7,502,0,1091,589,502
El Paso,114-BILL SYBERT PRE K,"CRIMINAL DISTRICT JUDGE, COURT NO. 1",,DIANE NAVARRETE,DEM,586,7,499,0,1092,593,499
El Paso,114-BILL SYBERT PRE K,"FAMILY DISTRICT JUDGE, 65TH JUDICIAL DISTRICT",,YAHARA L. GUTIERREZ,DEM,584,7,501,0,1092,591,501
El Paso,114-BILL SYBERT PRE K,"DISTRICT ATTORNEY, 34TH JUDICIAL DISTRICT",,JAIME ESPARZA,DEM,592,7,506,0,1105,599,506
El Paso,114-BILL SYBERT PRE K,"JUDGE, COUNTY CRIMINAL COURT NO. 3",,CARLOS CARRASCO,DEM,578,7,499,0,1084,585,499
El Paso,114-BILL SYBERT PRE K,"JUDGE, COUNTY CRIMINAL COURT NO. 4",,JESUS HERRERA,DEM,580,7,492,0,1079,587,492
El Paso,114-BILL SYBERT PRE K,COUNTY ATTORNEY,,JO ANNE BERNAL,DEM,582,7,496,0,1085,589,496
El Paso,114-BILL SYBERT PRE K,SHERIFF,,RICHARD D. WILES,DEM,618,7,498,0,1123,625,498
El Paso,114-BILL SYBERT PRE K,COUNTY TAX ASSESSOR COLLECTOR,,VICTOR A. FLORES,DEM,597,8,508,0,1113,605,508
El Paso,114-BILL SYBERT PRE K,"COUNTY COMMISSIONER, PRECINCT NO. 1",,BILL LENDERMAN,REP,212,5,163,0,380,217,163
El Paso,114-BILL SYBERT PRE K,"COUNTY COMMISSIONER, PRECINCT NO. 1",,CARLOS LEON,DEM,556,7,460,0,1023,563,460
El Paso,114-BILL SYBERT PRE K,"CONSTABLE, PRECINCT NO. 4",,LUIS LOUIE AGUILAR,DEM,593,7,501,0,1101,600,501
El Paso,115-HURSHEL ANTWINE ELEMENTARY,"CITY OF EL PASO, PROPOSITION",,FOR (A FAVOR),NP,638,23,566,1,1228,661,567
El Paso,115-HURSHEL ANTWINE ELEMENTARY,"CITY OF EL PASO, PROPOSITION",,AGAINST (EN CONTRA),NP,170,8,106,0,284,178,106
El Paso,115-HURSHEL ANTWINE ELEMENTARY,"CITY OF EL PASO, PROPOSITION",,FOR (A FAVOR),NP,599,22,521,1,1143,621,522
El Paso,115-HURSHEL ANTWINE ELEMENTARY,"CITY OF EL PASO, PROPOSITION",,AGAINST (EN CONTRA),NP,196,8,144,0,348,204,144
El Paso,115-HURSHEL ANTWINE ELEMENTARY,"CITY OF EL PASO, PROPOSITION",,FOR (A FAVOR),NP,545,21,468,1,1035,566,469
El Paso,115-HURSHEL ANTWINE ELEMENTARY,"CITY OF EL PASO, PROPOSITION",,AGAINST (EN CONTRA),NP,260,8,203,0,471,268,203
El Paso,115-HURSHEL ANTWINE ELEMENTARY,STRAIGHT PARTY,,REPUBLICAN,REP,144,10,135,0,289,154,135
El Paso,115-HURSHEL ANTWINE ELEMENTARY,STRAIGHT PARTY,,DEMOCRAT,DEM,350,8,344,1,703,358,345
El Paso,115-HURSHEL ANTWINE ELEMENTARY,STRAIGHT PARTY,,LIBERTARIAN,LIB,1,0,3,0,4,1,3
El Paso,115-HURSHEL ANTWINE ELEMENTARY,STRAIGHT PARTY,,GREEN,GRN,3,0,2,0,5,3,2
El Paso,115-HURSHEL ANTWINE ELEMENTARY,US PRESIDENT,,MITT ROMNEY,REP,271,18,217,0,506,289,217
El Paso,115-HURSHEL ANTWINE ELEMENTARY,US PRESIDENT,,BARACK OBAMA,DEM,538,18,465,1,1022,556,466
El Paso,115-HURSHEL ANTWINE ELEMENTARY,US PRESIDENT,,GARY JOHNSON,LIB,8,0,3,0,11,8,3
El Paso,115-HURSHEL ANTWINE ELEMENTARY,US PRESIDENT,,JILL STEIN,GRN,2,0,0,0,2,2,0
El Paso,115-HURSHEL ANTWINE ELEMENTARY,US PRESIDENT,,WRITE-IN,NP,3,0,0,0,3,3,0
El Paso,115-HURSHEL ANTWINE ELEMENTARY,US SENATOR,,TED CRUZ,REP,300,18,240,0,558,318,240
El Paso,115-HURSHEL ANTWINE ELEMENTARY,US SENATOR,,PAUL SADLER,DEM,490,16,414,1,921,506,415
El Paso,115-HURSHEL ANTWINE ELEMENTARY,US SENATOR,,JOHN JAY MYERS,LIB,8,0,8,0,16,8,8
El Paso,115-HURSHEL ANTWINE ELEMENTARY,US SENATOR,,DAVID B. COLLINS,GRN,4,1,8,0,13,5,8
El Paso,115-HURSHEL ANTWINE ELEMENTARY,US REP DISTRICT 16,,BARBARA CARRASCO,REP,277,19,236,0,532,296,236
El Paso,115-HURSHEL ANTWINE ELEMENTARY,US REP DISTRICT 16,,BETO OROURKE,DEM,525,16,434,1,976,541,435
El Paso,115-HURSHEL ANTWINE ELEMENTARY,US REP DISTRICT 16,,JUNART SODOY,LIB,12,0,5,0,17,12,5
El Paso,115-HURSHEL ANTWINE ELEMENTARY,RAILROAD COMMISSIONER,,CHRISTI CRADDICK,REP,256,13,201,0,470,269,201
El Paso,115-HURSHEL ANTWINE ELEMENTARY,RAILROAD COMMISSIONER,,DALE HENRY,DEM,491,15,431,1,938,506,432
El Paso,115-HURSHEL ANTWINE ELEMENTARY,RAILROAD COMMISSIONER,,VIVEKANANDA (VIK) WA,LIB,17,3,10,0,30,20,10
El Paso,115-HURSHEL ANTWINE ELEMENTARY,RAILROAD COMMISSIONER,,CHRIS KENNEDY,GRN,16,1,18,0,35,17,18
El Paso,115-HURSHEL ANTWINE ELEMENTARY,RAILROAD COMMISSIONER,,BARRY SMITHERMAN,REP,312,15,255,0,582,327,255
El Paso,115-HURSHEL ANTWINE ELEMENTARY,RAILROAD COMMISSIONER,,JAIME O. PEREZ,LIB,294,9,250,0,553,303,250
El Paso,115-HURSHEL ANTWINE ELEMENTARY,RAILROAD COMMISSIONER,,JOSH WENDEL,GRN,64,4,50,0,118,68,50
El Paso,115-HURSHEL ANTWINE ELEMENTARY,"JUSTICE, SUPREME COURT, PLACE 2",,DON WILLETT,REP,398,16,322,0,736,414,322
El Paso,115-HURSHEL ANTWINE ELEMENTARY,"JUSTICE, SUPREME COURT, PLACE 2",,RS ROBERT KOELSCH,LIB,250,11,224,0,485,261,224
El Paso,115-HURSHEL ANTWINE ELEMENTARY,"JUSTICE, SUPREME COURT, PLACE 4",,JOHN DEVINE,REP,372,17,306,0,695,389,306
El Paso,115-HURSHEL ANTWINE ELEMENTARY,"JUSTICE, SUPREME COURT, PLACE 4",,TOM OXFORD,LIB,199,9,163,0,371,208,163
El Paso,115-HURSHEL ANTWINE ELEMENTARY,"JUSTICE, SUPREME COURT, PLACE 4",,CHARLES E. WATERBURY,GRN,80,1,75,0,156,81,75
El Paso,115-HURSHEL ANTWINE ELEMENTARY,"JUSTICE, SUPREME COURT, PLACE 6",,NATHAN HECHT,REP,258,15,191,0,464,273,191
El Paso,115-HURSHEL ANTWINE ELEMENTARY,"JUSTICE, SUPREME COURT, PLACE 6",,MICHELE PETTY,DEM,492,14,452,1,959,506,453
El Paso,115-HURSHEL ANTWINE ELEMENTARY,"JUSTICE, SUPREME COURT, PLACE 6",,MARK ASH,LIB,23,1,9,0,33,24,9
El Paso,115-HURSHEL ANTWINE ELEMENTARY,"JUSTICE, SUPREME COURT, PLACE 6",,JIM CHISHOLM,GRN,12,2,9,0,23,14,9
El Paso,115-HURSHEL ANTWINE ELEMENTARY,"PRESIDING JUDGE, COURT OF CRIMINAL APPEALS",,SHARON KELLER,REP,283,14,220,0,517,297,220
El Paso,115-HURSHEL ANTWINE ELEMENTARY,"PRESIDING JUDGE, COURT OF CRIMINAL APPEALS",,KEITH HAMPTON,DEM,487,16,430,1,934,503,431
El Paso,115-HURSHEL ANTWINE ELEMENTARY,"PRESIDING JUDGE, COURT OF CRIMINAL APPEALS",,LANCE STOTT,LIB,18,2,11,0,31,20,11
El Paso,115-HURSHEL ANTWINE ELEMENTARY,"JUDGE, COURT OF CRIMINAL APPEALS, PLACE 7",,BARBARA PARKER HERVE,REP,401,14,324,0,739,415,324
El Paso,115-HURSHEL ANTWINE ELEMENTARY,"JUDGE, COURT OF CRIMINAL APPEALS, PLACE 7",,MARK W. BENNETT,LIB,249,13,223,0,485,262,223
El Paso,115-HURSHEL ANTWINE ELEMENTARY,"JUDGE, COURT OF CRIMINAL APPEALS, PLACE 8",,ELSA ALCALA,REP,410,17,347,0,774,427,347
El Paso,115-HURSHEL ANTWINE ELEMENTARY,"JUDGE, COURT OF CRIMINAL APPEALS, PLACE 8",,WILLIAM BRYAN STRANG,LIB,240,10,196,0,446,250,196
El Paso,115-HURSHEL ANTWINE ELEMENTARY,MEMBER STATE BOARD OF EDUCATION DISTRICT 1,,CARLOS CHARLIE GARZA,REP,284,15,205,0,504,299,205
El Paso,115-HURSHEL ANTWINE ELEMENTARY,MEMBER STATE BOARD OF EDUCATION DISTRICT 1,,MARTHA M. DOMINGUEZ,DEM,507,17,457,1,982,524,458
El Paso,115-HURSHEL ANTWINE ELEMENTARY,STATE SENATOR DISTRICT 29,,DAN CHAVEZ,REP,255,15,192,0,462,270,192
El Paso,115-HURSHEL ANTWINE ELEMENTARY,STATE SENATOR DISTRICT 29,,JOSE R. RODRIGUEZ,DEM,545,17,476,1,1039,562,477
El Paso,115-HURSHEL ANTWINE ELEMENTARY,STATE REPRESENTATIVE DISTRICT 79,,JOE C. PICKETT,DEM,639,20,533,1,1193,659,534
El Paso,115-HURSHEL ANTWINE ELEMENTARY,"CHIEF JUSTICE, COURT OF APPEALS 8TH DISTRICT",,ANN CRAWFORD MCCLURE,DEM,605,19,520,1,1145,624,521
El Paso,115-HURSHEL ANTWINE ELEMENTARY,"JUSTICE, 8TH COURT OF APPEALS DISTRICT, PLACE 2",,CHRIS ANTCLIFF,REP,287,17,195,0,499,304,195
El Paso,115-HURSHEL ANTWINE ELEMENTARY,"JUSTICE, 8TH COURT OF APPEALS DISTRICT, PLACE 2",,YVONNE RODRIGUEZ,DEM,501,15,467,1,984,516,468
El Paso,115-HURSHEL ANTWINE ELEMENTARY,"JUSTICE, 8TH COURT OF APPEALS DISTRICT, PLACE 3",,GUADALUPE LUPE RIVER,DEM,601,19,520,1,1141,620,521
El Paso,115-HURSHEL ANTWINE ELEMENTARY,"DISTRICT JUDGE, 34TH JUDICIAL DISTRICT",,BILL MOODY,DEM,615,19,516,1,1151,634,517
El Paso,115-HURSHEL ANTWINE ELEMENTARY,"DISTRICT JUDGE, 41ST JUDICIAL DISTRICT",,ANNA PEREZ,DEM,606,17,519,1,1143,623,520
El Paso,115-HURSHEL ANTWINE ELEMENTARY,"DISTRICT JUDGE, 243RD JUDICIAL DISTRICT",,BILLY DON HICKS,REP,284,19,207,0,510,303,207
El Paso,115-HURSHEL ANTWINE ELEMENTARY,"DISTRICT JUDGE, 243RD JUDICIAL DISTRICT",,LUIS AGUILAR,DEM,501,12,452,1,966,513,453
El Paso,115-HURSHEL ANTWINE ELEMENTARY,"DISTRICT JUDGE, 346TH JUDICIAL DISTRICT",,ANGIE J. BARILL,DEM,597,17,508,1,1123,614,509
El Paso,115-HURSHEL ANTWINE ELEMENTARY,"DISTRICT JUDGE, 383RD JUDICIAL DISTRICT",,MIKE HERRERA,DEM,600,17,510,1,1128,617,511
El Paso,115-HURSHEL ANTWINE ELEMENTARY,"DISTRICT JUDGE, 384TH JUDICIAL DISTRICT",,PATRICK M. GARCIA,DEM,587,17,501,1,1106,604,502
El Paso,115-HURSHEL ANTWINE ELEMENTARY,"DISTRICT JUDGE, 388TH JUDICIAL DISTRICT",,LAURA STRATHMANN,DEM,598,17,506,1,1122,615,507
El Paso,115-HURSHEL ANTWINE ELEMENTARY,"DISTRICT JUDGE, 409TH JUDICIAL DISTRICT",,SAM MEDRANO JR,DEM,586,17,509,1,1113,603,510
El Paso,115-HURSHEL ANTWINE ELEMENTARY,"DISTRICT JUDGE, 448TH JUDICIAL DISTRICT",,SERGIO H. ENRIQUEZ,DEM,588,17,504,1,1110,605,505
El Paso,115-HURSHEL ANTWINE ELEMENTARY,"CRIMINAL DISTRICT JUDGE, COURT NO. 1",,DIANE NAVARRETE,DEM,594,17,508,1,1120,611,509
El Paso,115-HURSHEL ANTWINE ELEMENTARY,"FAMILY DISTRICT JUDGE, 65TH JUDICIAL DISTRICT",,YAHARA L. GUTIERREZ,DEM,593,17,505,1,1116,610,506
El Paso,115-HURSHEL ANTWINE ELEMENTARY,"DISTRICT ATTORNEY, 34TH JUDICIAL DISTRICT",,JAIME ESPARZA,DEM,599,17,512,1,1129,616,513
El Paso,115-HURSHEL ANTWINE ELEMENTARY,"JUDGE, COUNTY CRIMINAL COURT NO. 3",,CARLOS CARRASCO,DEM,584,17,515,1,1117,601,516
El Paso,115-HURSHEL ANTWINE ELEMENTARY,"JUDGE, COUNTY CRIMINAL COURT NO. 4",,JESUS HERRERA,DEM,589,17,507,1,1114,606,508
El Paso,115-HURSHEL ANTWINE ELEMENTARY,COUNTY ATTORNEY,,JO ANNE BERNAL,DEM,597,17,501,1,1116,614,502
El Paso,115-HURSHEL ANTWINE ELEMENTARY,SHERIFF,,RICHARD D. WILES,DEM,619,19,523,1,1162,638,524
El Paso,115-HURSHEL ANTWINE ELEMENTARY,COUNTY TAX ASSESSOR COLLECTOR,,VICTOR A. FLORES,DEM,604,18,513,1,1136,622,514
El Paso,115-HURSHEL ANTWINE ELEMENTARY,"COUNTY COMMISSIONER, PRECINCT NO. 1",,BILL LENDERMAN,REP,248,16,177,0,441,264,177
El Paso,115-HURSHEL ANTWINE ELEMENTARY,"COUNTY COMMISSIONER, PRECINCT NO. 1",,CARLOS LEON,DEM,542,16,481,1,1040,558,482
El Paso,115-HURSHEL ANTWINE ELEMENTARY,"CONSTABLE, PRECINCT NO. 4",,LUIS LOUIE AGUILAR,DEM,592,17,511,1,1121,609,512
El Paso,116-SPEC RAFAEL HERNANDO MIDDLE,"CITY OF EL PASO, PROPOSITION",,FOR (A FAVOR),NP,993,32,665,0,1690,1025,665
El Paso,116-SPEC RAFAEL HERNANDO MIDDLE,"CITY OF EL PASO, PROPOSITION",,AGAINST (EN CONTRA),NP,214,11,140,0,365,225,140
El Paso,116-SPEC RAFAEL HERNANDO MIDDLE,"CITY OF EL PASO, PROPOSITION",,FOR (A FAVOR),NP,904,32,629,0,1565,936,629
El Paso,116-SPEC RAFAEL HERNANDO MIDDLE,"CITY OF EL PASO, PROPOSITION",,AGAINST (EN CONTRA),NP,286,9,169,0,464,295,169
El Paso,116-SPEC RAFAEL HERNANDO MIDDLE,"CITY OF EL PASO, PROPOSITION",,FOR (A FAVOR),NP,793,21,555,0,1369,814,555
El Paso,116-SPEC RAFAEL HERNANDO MIDDLE,"CITY OF EL PASO, PROPOSITION",,AGAINST (EN CONTRA),NP,388,18,241,0,647,406,241
El Paso,116-SPEC RAFAEL HERNANDO MIDDLE,STRAIGHT PARTY,,REPUBLICAN,REP,246,12,138,0,396,258,138
El Paso,116-SPEC RAFAEL HERNANDO MIDDLE,STRAIGHT PARTY,,DEMOCRAT,DEM,584,12,441,0,1037,596,441
El Paso,116-SPEC RAFAEL HERNANDO MIDDLE,STRAIGHT PARTY,,LIBERTARIAN,LIB,5,1,3,0,9,6,3
El Paso,116-SPEC RAFAEL HERNANDO MIDDLE,STRAIGHT PARTY,,GREEN,GRN,1,0,3,0,4,1,3
El Paso,116-SPEC RAFAEL HERNANDO MIDDLE,US PRESIDENT,,MITT ROMNEY,REP,397,24,223,0,644,421,223
El Paso,116-SPEC RAFAEL HERNANDO MIDDLE,US PRESIDENT,,BARACK OBAMA,DEM,825,23,581,0,1429,848,581
El Paso,116-SPEC RAFAEL HERNANDO MIDDLE,US PRESIDENT,,GARY JOHNSON,LIB,8,0,3,0,11,8,3
El Paso,116-SPEC RAFAEL HERNANDO MIDDLE,US PRESIDENT,,JILL STEIN,GRN,4,0,4,0,8,4,4
El Paso,116-SPEC RAFAEL HERNANDO MIDDLE,US PRESIDENT,,WRITE-IN,NP,2,0,5,0,7,2,5
El Paso,116-SPEC RAFAEL HERNANDO MIDDLE,US SENATOR,,TED CRUZ,REP,417,27,216,0,660,444,216
El Paso,116-SPEC RAFAEL HERNANDO MIDDLE,US SENATOR,,PAUL SADLER,DEM,761,18,556,0,1335,779,556
El Paso,116-SPEC RAFAEL HERNANDO MIDDLE,US SENATOR,,JOHN JAY MYERS,LIB,17,0,16,0,33,17,16
El Paso,116-SPEC RAFAEL HERNANDO MIDDLE,US SENATOR,,DAVID B. COLLINS,GRN,14,0,11,0,25,14,11
El Paso,116-SPEC RAFAEL HERNANDO MIDDLE,US REP DISTRICT 16,,BARBARA CARRASCO,REP,369,26,219,0,614,395,219
El Paso,116-SPEC RAFAEL HERNANDO MIDDLE,US REP DISTRICT 16,,BETO OROURKE,DEM,833,19,575,0,1427,852,575
El Paso,116-SPEC RAFAEL HERNANDO MIDDLE,US REP DISTRICT 16,,JUNART SODOY,LIB,22,0,11,0,33,22,11
El Paso,116-SPEC RAFAEL HERNANDO MIDDLE,RAILROAD COMMISSIONER,,CHRISTI CRADDICK,REP,390,23,209,0,622,413,209
El Paso,116-SPEC RAFAEL HERNANDO MIDDLE,RAILROAD COMMISSIONER,,DALE HENRY,DEM,743,17,539,0,1299,760,539
El Paso,116-SPEC RAFAEL HERNANDO MIDDLE,RAILROAD COMMISSIONER,,VIVEKANANDA (VIK) WA,LIB,28,0,17,0,45,28,17
El Paso,116-SPEC RAFAEL HERNANDO MIDDLE,RAILROAD COMMISSIONER,,CHRIS KENNEDY,GRN,27,0,14,0,41,27,14
El Paso,116-SPEC RAFAEL HERNANDO MIDDLE,RAILROAD COMMISSIONER,,BARRY SMITHERMAN,REP,455,27,255,0,737,482,255
El Paso,116-SPEC RAFAEL HERNANDO MIDDLE,RAILROAD COMMISSIONER,,JAIME O. PEREZ,LIB,431,4,323,0,758,435,323
El Paso,116-SPEC RAFAEL HERNANDO MIDDLE,RAILROAD COMMISSIONER,,JOSH WENDEL,GRN,91,3,58,0,152,94,58
El Paso,116-SPEC RAFAEL HERNANDO MIDDLE,"JUSTICE, SUPREME COURT, PLACE 2",,DON WILLETT,REP,556,26,356,0,938,582,356
El Paso,116-SPEC RAFAEL HERNANDO MIDDLE,"JUSTICE, SUPREME COURT, PLACE 2",,RS ROBERT KOELSCH,LIB,408,8,261,0,677,416,261
El Paso,116-SPEC RAFAEL HERNANDO MIDDLE,"JUSTICE, SUPREME COURT, PLACE 4",,JOHN DEVINE,REP,524,24,311,0,859,548,311
El Paso,116-SPEC RAFAEL HERNANDO MIDDLE,"JUSTICE, SUPREME COURT, PLACE 4",,TOM OXFORD,LIB,323,7,217,0,547,330,217
El Paso,116-SPEC RAFAEL HERNANDO MIDDLE,"JUSTICE, SUPREME COURT, PLACE 4",,CHARLES E. WATERBURY,GRN,113,3,84,0,200,116,84
El Paso,116-SPEC RAFAEL HERNANDO MIDDLE,"JUSTICE, SUPREME COURT, PLACE 6",,NATHAN HECHT,REP,350,20,194,0,564,370,194
El Paso,116-SPEC RAFAEL HERNANDO MIDDLE,"JUSTICE, SUPREME COURT, PLACE 6",,MICHELE PETTY,DEM,785,16,559,0,1360,801,559
El Paso,116-SPEC RAFAEL HERNANDO MIDDLE,"JUSTICE, SUPREME COURT, PLACE 6",,MARK ASH,LIB,37,2,19,0,58,39,19
El Paso,116-SPEC RAFAEL HERNANDO MIDDLE,"JUSTICE, SUPREME COURT, PLACE 6",,JIM CHISHOLM,GRN,16,2,14,0,32,18,14
El Paso,116-SPEC RAFAEL HERNANDO MIDDLE,"PRESIDING JUDGE, COURT OF CRIMINAL APPEALS",,SHARON KELLER,REP,390,21,215,0,626,411,215
El Paso,116-SPEC RAFAEL HERNANDO MIDDLE,"PRESIDING JUDGE, COURT OF CRIMINAL APPEALS",,KEITH HAMPTON,DEM,761,18,543,0,1322,779,543
El Paso,116-SPEC RAFAEL HERNANDO MIDDLE,"PRESIDING JUDGE, COURT OF CRIMINAL APPEALS",,LANCE STOTT,LIB,32,1,26,0,59,33,26
El Paso,116-SPEC RAFAEL HERNANDO MIDDLE,"JUDGE, COURT OF CRIMINAL APPEALS, PLACE 7",,BARBARA PARKER HERVE,REP,562,25,361,0,948,587,361
El Paso,116-SPEC RAFAEL HERNANDO MIDDLE,"JUDGE, COURT OF CRIMINAL APPEALS, PLACE 7",,MARK W. BENNETT,LIB,397,7,244,0,648,404,244
El Paso,116-SPEC RAFAEL HERNANDO MIDDLE,"JUDGE, COURT OF CRIMINAL APPEALS, PLACE 8",,ELSA ALCALA,REP,598,24,408,0,1030,622,408
El Paso,116-SPEC RAFAEL HERNANDO MIDDLE,"JUDGE, COURT OF CRIMINAL APPEALS, PLACE 8",,WILLIAM BRYAN STRANG,LIB,357,8,199,0,564,365,199
El Paso,116-SPEC RAFAEL HERNANDO MIDDLE,MEMBER STATE BOARD OF EDUCATION DISTRICT 1,,CARLOS CHARLIE GARZA,REP,391,24,213,0,628,415,213
El Paso,116-SPEC RAFAEL HERNANDO MIDDLE,MEMBER STATE BOARD OF EDUCATION DISTRICT 1,,MARTHA M. DOMINGUEZ,DEM,794,15,566,0,1375,809,566
El Paso,116-SPEC RAFAEL HERNANDO MIDDLE,STATE SENATOR DISTRICT 29,,DAN CHAVEZ,REP,375,21,189,0,585,396,189
El Paso,116-SPEC RAFAEL HERNANDO MIDDLE,STATE SENATOR DISTRICT 29,,JOSE R. RODRIGUEZ,DEM,828,18,597,0,1443,846,597
El Paso,116-SPEC RAFAEL HERNANDO MIDDLE,STATE REPRESENTATIVE DISTRICT 79,,JOE C. PICKETT,DEM,947,23,664,0,1634,970,664
El Paso,116-SPEC RAFAEL HERNANDO MIDDLE,"CHIEF JUSTICE, COURT OF APPEALS 8TH DISTRICT",,ANN CRAWFORD MCCLURE,DEM,917,24,641,0,1582,941,641
El Paso,116-SPEC RAFAEL HERNANDO MIDDLE,"JUSTICE, 8TH COURT OF APPEALS DISTRICT, PLACE 2",,CHRIS ANTCLIFF,REP,382,23,204,0,609,405,204
El Paso,116-SPEC RAFAEL HERNANDO MIDDLE,"JUSTICE, 8TH COURT OF APPEALS DISTRICT, PLACE 2",,YVONNE RODRIGUEZ,DEM,804,17,575,0,1396,821,575
El Paso,116-SPEC RAFAEL HERNANDO MIDDLE,"JUSTICE, 8TH COURT OF APPEALS DISTRICT, PLACE 3",,GUADALUPE LUPE RIVER,DEM,924,24,638,0,1586,948,638
El Paso,116-SPEC RAFAEL HERNANDO MIDDLE,"DISTRICT JUDGE, 34TH JUDICIAL DISTRICT",,BILL MOODY,DEM,919,24,655,0,1598,943,655
El Paso,116-SPEC RAFAEL HERNANDO MIDDLE,"DISTRICT JUDGE, 41ST JUDICIAL DISTRICT",,ANNA PEREZ,DEM,911,24,645,0,1580,935,645
El Paso,116-SPEC RAFAEL HERNANDO MIDDLE,"DISTRICT JUDGE, 243RD JUDICIAL DISTRICT",,BILLY DON HICKS,REP,395,20,199,0,614,415,199
El Paso,116-SPEC RAFAEL HERNANDO MIDDLE,"DISTRICT JUDGE, 243RD JUDICIAL DISTRICT",,LUIS AGUILAR,DEM,792,20,583,0,1395,812,583
El Paso,116-SPEC RAFAEL HERNANDO MIDDLE,"DISTRICT JUDGE, 346TH JUDICIAL DISTRICT",,ANGIE J. BARILL,DEM,917,24,635,0,1576,941,635
El Paso,116-SPEC RAFAEL HERNANDO MIDDLE,"DISTRICT JUDGE, 383RD JUDICIAL DISTRICT",,MIKE HERRERA,DEM,913,24,635,0,1572,937,635
El Paso,116-SPEC RAFAEL HERNANDO MIDDLE,"DISTRICT JUDGE, 384TH JUDICIAL DISTRICT",,PATRICK M. GARCIA,DEM,899,24,632,0,1555,923,632
El Paso,116-SPEC RAFAEL HERNANDO MIDDLE,"DISTRICT JUDGE, 388TH JUDICIAL DISTRICT",,LAURA STRATHMANN,DEM,901,23,636,0,1560,924,636
El Paso,116-SPEC RAFAEL HERNANDO MIDDLE,"DISTRICT JUDGE, 409TH JUDICIAL DISTRICT",,SAM MEDRANO JR,DEM,909,24,639,0,1572,933,639
El Paso,116-SPEC RAFAEL HERNANDO MIDDLE,"DISTRICT JUDGE, 448TH JUDICIAL DISTRICT",,SERGIO H. ENRIQUEZ,DEM,908,24,626,0,1558,932,626
El Paso,116-SPEC RAFAEL HERNANDO MIDDLE,"CRIMINAL DISTRICT JUDGE, COURT NO. 1",,DIANE NAVARRETE,DEM,904,24,634,0,1562,928,634
El Paso,116-SPEC RAFAEL HERNANDO MIDDLE,"FAMILY DISTRICT JUDGE, 65TH JUDICIAL DISTRICT",,YAHARA L. GUTIERREZ,DEM,905,24,631,0,1560,929,631
El Paso,116-SPEC RAFAEL HERNANDO MIDDLE,"DISTRICT ATTORNEY, 34TH JUDICIAL DISTRICT",,JAIME ESPARZA,DEM,911,24,637,0,1572,935,637
El Paso,116-SPEC RAFAEL HERNANDO MIDDLE,"JUDGE, COUNTY CRIMINAL COURT NO. 3",,CARLOS CARRASCO,DEM,898,24,634,0,1556,922,634
El Paso,116-SPEC RAFAEL HERNANDO MIDDLE,"JUDGE, COUNTY CRIMINAL COURT NO. 4",,JESUS HERRERA,DEM,899,24,628,0,1551,923,628
El Paso,116-SPEC RAFAEL HERNANDO MIDDLE,COUNTY ATTORNEY,,JO ANNE BERNAL,DEM,900,24,630,0,1554,924,630
El Paso,116-SPEC RAFAEL HERNANDO MIDDLE,SHERIFF,,RICHARD D. WILES,DEM,926,25,647,0,1598,951,647
El Paso,116-SPEC RAFAEL HERNANDO MIDDLE,COUNTY TAX ASSESSOR COLLECTOR,,VICTOR A. FLORES,DEM,905,27,642,0,1574,932,642
El Paso,116-SPEC RAFAEL HERNANDO MIDDLE,"COUNTY COMMISSIONER, PRECINCT NO. 1",,BILL LENDERMAN,REP,373,21,195,0,589,394,195
El Paso,116-SPEC RAFAEL HERNANDO MIDDLE,"COUNTY COMMISSIONER, PRECINCT NO. 1",,CARLOS LEON,DEM,822,18,580,0,1420,840,580
El Paso,116-SPEC RAFAEL HERNANDO MIDDLE,"CONSTABLE, PRECINCT NO. 4",,LUIS LOUIE AGUILAR,DEM,902,24,626,0,1552,926,626
El Paso,117-BENITO MARTINEZ ELEMENTARY,"CITY OF EL PASO, PROPOSITION",,FOR (A FAVOR),NP,578,9,439,3,1029,587,442
El Paso,117-BENITO MARTINEZ ELEMENTARY,"CITY OF EL PASO, PROPOSITION",,AGAINST (EN CONTRA),NP,195,4,116,0,315,199,116
El Paso,117-BENITO MARTINEZ ELEMENTARY,"CITY OF EL PASO, PROPOSITION",,FOR (A FAVOR),NP,526,9,423,3,961,535,426
El Paso,117-BENITO MARTINEZ ELEMENTARY,"CITY OF EL PASO, PROPOSITION",,AGAINST (EN CONTRA),NP,228,4,123,0,355,232,123
El Paso,117-BENITO MARTINEZ ELEMENTARY,"CITY OF EL PASO, PROPOSITION",,FOR (A FAVOR),NP,451,9,367,3,830,460,370
El Paso,117-BENITO MARTINEZ ELEMENTARY,"CITY OF EL PASO, PROPOSITION",,AGAINST (EN CONTRA),NP,313,3,180,0,496,316,180
El Paso,117-BENITO MARTINEZ ELEMENTARY,STRAIGHT PARTY,,REPUBLICAN,REP,142,2,90,0,234,144,90
El Paso,117-BENITO MARTINEZ ELEMENTARY,STRAIGHT PARTY,,DEMOCRAT,DEM,306,5,275,0,586,311,275
El Paso,117-BENITO MARTINEZ ELEMENTARY,STRAIGHT PARTY,,LIBERTARIAN,LIB,4,0,2,0,6,4,2
El Paso,117-BENITO MARTINEZ ELEMENTARY,STRAIGHT PARTY,,GREEN,GRN,3,0,0,0,3,3,0
El Paso,117-BENITO MARTINEZ ELEMENTARY,US PRESIDENT,,MITT ROMNEY,REP,276,6,160,0,442,282,160
El Paso,117-BENITO MARTINEZ ELEMENTARY,US PRESIDENT,,BARACK OBAMA,DEM,490,7,386,3,886,497,389
El Paso,117-BENITO MARTINEZ ELEMENTARY,US PRESIDENT,,GARY JOHNSON,LIB,9,0,2,0,11,9,2
El Paso,117-BENITO MARTINEZ ELEMENTARY,US PRESIDENT,,JILL STEIN,GRN,3,0,2,0,5,3,2
El Paso,117-BENITO MARTINEZ ELEMENTARY,US PRESIDENT,,WRITE-IN,NP,1,0,3,0,4,1,3
El Paso,117-BENITO MARTINEZ ELEMENTARY,US SENATOR,,TED CRUZ,REP,283,6,184,0,473,289,184
El Paso,117-BENITO MARTINEZ ELEMENTARY,US SENATOR,,PAUL SADLER,DEM,461,7,339,2,809,468,341
El Paso,117-BENITO MARTINEZ ELEMENTARY,US SENATOR,,JOHN JAY MYERS,LIB,11,0,10,1,22,11,11
El Paso,117-BENITO MARTINEZ ELEMENTARY,US SENATOR,,DAVID B. COLLINS,GRN,9,0,6,0,15,9,6
El Paso,117-BENITO MARTINEZ ELEMENTARY,US REP DISTRICT 16,,BARBARA CARRASCO,REP,277,4,182,0,463,281,182
El Paso,117-BENITO MARTINEZ ELEMENTARY,US REP DISTRICT 16,,BETO OROURKE,DEM,476,9,356,2,843,485,358
El Paso,117-BENITO MARTINEZ ELEMENTARY,US REP DISTRICT 16,,JUNART SODOY,LIB,14,0,8,1,23,14,9
El Paso,117-BENITO MARTINEZ ELEMENTARY,RAILROAD COMMISSIONER,,CHRISTI CRADDICK,REP,254,6,145,1,406,260,146
El Paso,117-BENITO MARTINEZ ELEMENTARY,RAILROAD COMMISSIONER,,DALE HENRY,DEM,449,7,357,2,815,456,359
El Paso,117-BENITO MARTINEZ ELEMENTARY,RAILROAD COMMISSIONER,,VIVEKANANDA (VIK) WA,LIB,13,0,8,0,21,13,8
El Paso,117-BENITO MARTINEZ ELEMENTARY,RAILROAD COMMISSIONER,,CHRIS KENNEDY,GRN,27,0,21,0,48,27,21
El Paso,117-BENITO MARTINEZ ELEMENTARY,RAILROAD COMMISSIONER,,BARRY SMITHERMAN,REP,300,6,191,1,498,306,192
El Paso,117-BENITO MARTINEZ ELEMENTARY,RAILROAD COMMISSIONER,,JAIME O. PEREZ,LIB,273,4,213,2,492,277,215
El Paso,117-BENITO MARTINEZ ELEMENTARY,RAILROAD COMMISSIONER,,JOSH WENDEL,GRN,65,1,38,0,104,66,38
El Paso,117-BENITO MARTINEZ ELEMENTARY,"JUSTICE, SUPREME COURT, PLACE 2",,DON WILLETT,REP,389,7,257,1,654,396,258
El Paso,117-BENITO MARTINEZ ELEMENTARY,"JUSTICE, SUPREME COURT, PLACE 2",,RS ROBERT KOELSCH,LIB,235,4,172,2,413,239,174
El Paso,117-BENITO MARTINEZ ELEMENTARY,"JUSTICE, SUPREME COURT, PLACE 4",,JOHN DEVINE,REP,355,7,230,1,593,362,231
El Paso,117-BENITO MARTINEZ ELEMENTARY,"JUSTICE, SUPREME COURT, PLACE 4",,TOM OXFORD,LIB,185,3,141,2,331,188,143
El Paso,117-BENITO MARTINEZ ELEMENTARY,"JUSTICE, SUPREME COURT, PLACE 4",,CHARLES E. WATERBURY,GRN,76,1,60,0,137,77,60
El Paso,117-BENITO MARTINEZ ELEMENTARY,"JUSTICE, SUPREME COURT, PLACE 6",,NATHAN HECHT,REP,237,6,134,0,377,243,134
El Paso,117-BENITO MARTINEZ ELEMENTARY,"JUSTICE, SUPREME COURT, PLACE 6",,MICHELE PETTY,DEM,465,6,368,3,842,471,371
El Paso,117-BENITO MARTINEZ ELEMENTARY,"JUSTICE, SUPREME COURT, PLACE 6",,MARK ASH,LIB,15,0,17,0,32,15,17
El Paso,117-BENITO MARTINEZ ELEMENTARY,"JUSTICE, SUPREME COURT, PLACE 6",,JIM CHISHOLM,GRN,16,1,11,0,28,17,11
El Paso,117-BENITO MARTINEZ ELEMENTARY,"PRESIDING JUDGE, COURT OF CRIMINAL APPEALS",,SHARON KELLER,REP,267,6,157,0,430,273,157
El Paso,117-BENITO MARTINEZ ELEMENTARY,"PRESIDING JUDGE, COURT OF CRIMINAL APPEALS",,KEITH HAMPTON,DEM,453,7,355,2,817,460,357
El Paso,117-BENITO MARTINEZ ELEMENTARY,"PRESIDING JUDGE, COURT OF CRIMINAL APPEALS",,LANCE STOTT,LIB,16,0,17,1,34,16,18
El Paso,117-BENITO MARTINEZ ELEMENTARY,"JUDGE, COURT OF CRIMINAL APPEALS, PLACE 7",,BARBARA PARKER HERVE,REP,386,7,251,1,645,393,252
El Paso,117-BENITO MARTINEZ ELEMENTARY,"JUDGE, COURT OF CRIMINAL APPEALS, PLACE 7",,MARK W. BENNETT,LIB,227,5,174,2,408,232,176
El Paso,117-BENITO MARTINEZ ELEMENTARY,"JUDGE, COURT OF CRIMINAL APPEALS, PLACE 8",,ELSA ALCALA,REP,404,5,265,2,676,409,267
El Paso,117-BENITO MARTINEZ ELEMENTARY,"JUDGE, COURT OF CRIMINAL APPEALS, PLACE 8",,WILLIAM BRYAN STRANG,LIB,203,6,165,1,375,209,166
El Paso,117-BENITO MARTINEZ ELEMENTARY,MEMBER STATE BOARD OF EDUCATION DISTRICT 1,,CARLOS CHARLIE GARZA,REP,260,6,149,0,415,266,149
El Paso,117-BENITO MARTINEZ ELEMENTARY,MEMBER STATE BOARD OF EDUCATION DISTRICT 1,,MARTHA M. DOMINGUEZ,DEM,479,7,381,3,870,486,384
El Paso,117-BENITO MARTINEZ ELEMENTARY,STATE SENATOR DISTRICT 29,,DAN CHAVEZ,REP,256,6,161,0,423,262,161
El Paso,117-BENITO MARTINEZ ELEMENTARY,STATE SENATOR DISTRICT 29,,JOSE R. RODRIGUEZ,DEM,504,7,374,3,888,511,377
El Paso,117-BENITO MARTINEZ ELEMENTARY,STATE REPRESENTATIVE DISTRICT 79,,JOE C. PICKETT,DEM,594,10,450,3,1057,604,453
El Paso,117-BENITO MARTINEZ ELEMENTARY,"CHIEF JUSTICE, COURT OF APPEALS 8TH DISTRICT",,ANN CRAWFORD MCCLURE,DEM,550,10,419,3,982,560,422
El Paso,117-BENITO MARTINEZ ELEMENTARY,"JUSTICE, 8TH COURT OF APPEALS DISTRICT, PLACE 2",,CHRIS ANTCLIFF,REP,263,6,140,0,409,269,140
El Paso,117-BENITO MARTINEZ ELEMENTARY,"JUSTICE, 8TH COURT OF APPEALS DISTRICT, PLACE 2",,YVONNE RODRIGUEZ,DEM,481,7,386,3,877,488,389
El Paso,117-BENITO MARTINEZ ELEMENTARY,"JUSTICE, 8TH COURT OF APPEALS DISTRICT, PLACE 3",,GUADALUPE LUPE RIVER,DEM,551,10,427,3,991,561,430
El Paso,117-BENITO MARTINEZ ELEMENTARY,"DISTRICT JUDGE, 34TH JUDICIAL DISTRICT",,BILL MOODY,DEM,552,9,421,3,985,561,424
El Paso,117-BENITO MARTINEZ ELEMENTARY,"DISTRICT JUDGE, 41ST JUDICIAL DISTRICT",,ANNA PEREZ,DEM,551,10,424,3,988,561,427
El Paso,117-BENITO MARTINEZ ELEMENTARY,"DISTRICT JUDGE, 243RD JUDICIAL DISTRICT",,BILLY DON HICKS,REP,279,6,151,1,437,285,152
El Paso,117-BENITO MARTINEZ ELEMENTARY,"DISTRICT JUDGE, 243RD JUDICIAL DISTRICT",,LUIS AGUILAR,DEM,466,7,380,2,855,473,382
El Paso,117-BENITO MARTINEZ ELEMENTARY,"DISTRICT JUDGE, 346TH JUDICIAL DISTRICT",,ANGIE J. BARILL,DEM,542,10,423,3,978,552,426
El Paso,117-BENITO MARTINEZ ELEMENTARY,"DISTRICT JUDGE, 383RD JUDICIAL DISTRICT",,MIKE HERRERA,DEM,549,10,417,3,979,559,420
El Paso,117-BENITO MARTINEZ ELEMENTARY,"DISTRICT JUDGE, 384TH JUDICIAL DISTRICT",,PATRICK M. GARCIA,DEM,542,9,418,3,972,551,421
El Paso,117-BENITO MARTINEZ ELEMENTARY,"DISTRICT JUDGE, 388TH JUDICIAL DISTRICT",,LAURA STRATHMANN,DEM,539,10,427,3,979,549,430
El Paso,117-BENITO MARTINEZ ELEMENTARY,"DISTRICT JUDGE, 409TH JUDICIAL DISTRICT",,SAM MEDRANO JR,DEM,535,9,419,3,966,544,422
El Paso,117-BENITO MARTINEZ ELEMENTARY,"DISTRICT JUDGE, 448TH JUDICIAL DISTRICT",,SERGIO H. ENRIQUEZ,DEM,537,10,417,3,967,547,420
El Paso,117-BENITO MARTINEZ ELEMENTARY,"CRIMINAL DISTRICT JUDGE, COURT NO. 1",,DIANE NAVARRETE,DEM,536,10,419,3,968,546,422
El Paso,117-BENITO MARTINEZ ELEMENTARY,"FAMILY DISTRICT JUDGE, 65TH JUDICIAL DISTRICT",,YAHARA L. GUTIERREZ,DEM,538,10,417,3,968,548,420
El Paso,117-BENITO MARTINEZ ELEMENTARY,"DISTRICT ATTORNEY, 34TH JUDICIAL DISTRICT",,JAIME ESPARZA,DEM,554,9,429,3,995,563,432
El Paso,117-BENITO MARTINEZ ELEMENTARY,"JUDGE, COUNTY CRIMINAL COURT NO. 3",,CARLOS CARRASCO,DEM,541,10,422,3,976,551,425
El Paso,117-BENITO MARTINEZ ELEMENTARY,"JUDGE, COUNTY CRIMINAL COURT NO. 4",,JESUS HERRERA,DEM,545,10,419,3,977,555,422
El Paso,117-BENITO MARTINEZ ELEMENTARY,COUNTY ATTORNEY,,JO ANNE BERNAL,DEM,541,10,423,3,977,551,426
El Paso,117-BENITO MARTINEZ ELEMENTARY,SHERIFF,,RICHARD D. WILES,DEM,564,10,428,3,1005,574,431
El Paso,117-BENITO MARTINEZ ELEMENTARY,COUNTY TAX ASSESSOR COLLECTOR,,VICTOR A. FLORES,DEM,551,12,428,3,994,563,431
El Paso,117-BENITO MARTINEZ ELEMENTARY,"COUNTY COMMISSIONER, PRECINCT NO. 1",,BILL LENDERMAN,REP,237,5,139,0,381,242,139
El Paso,117-BENITO MARTINEZ ELEMENTARY,"COUNTY COMMISSIONER, PRECINCT NO. 1",,CARLOS LEON,DEM,509,8,393,3,913,517,396
El Paso,117-BENITO MARTINEZ ELEMENTARY,"CONSTABLE, PRECINCT NO. 4",,LUIS LOUIE AGUILAR,DEM,539,10,424,3,976,549,427
El Paso,118-BENITO MARTINEZ ELEMENTARY,"CITY OF EL PASO, PROPOSITION",,FOR (A FAVOR),NP,446,27,341,4,818,473,345
El Paso,118-BENITO MARTINEZ ELEMENTARY,"CITY OF EL PASO, PROPOSITION",,AGAINST (EN CONTRA),NP,162,8,79,0,249,170,79
El Paso,118-BENITO MARTINEZ ELEMENTARY,"CITY OF EL PASO, PROPOSITION",,FOR (A FAVOR),NP,419,23,331,4,777,442,335
El Paso,118-BENITO MARTINEZ ELEMENTARY,"CITY OF EL PASO, PROPOSITION",,AGAINST (EN CONTRA),NP,177,11,82,0,270,188,82
El Paso,118-BENITO MARTINEZ ELEMENTARY,"CITY OF EL PASO, PROPOSITION",,FOR (A FAVOR),NP,368,21,268,3,660,389,271
El Paso,118-BENITO MARTINEZ ELEMENTARY,"CITY OF EL PASO, PROPOSITION",,AGAINST (EN CONTRA),NP,230,10,149,1,390,240,150
El Paso,118-BENITO MARTINEZ ELEMENTARY,STRAIGHT PARTY,,REPUBLICAN,REP,103,12,94,3,212,115,97
El Paso,118-BENITO MARTINEZ ELEMENTARY,STRAIGHT PARTY,,DEMOCRAT,DEM,228,11,182,1,422,239,183
El Paso,118-BENITO MARTINEZ ELEMENTARY,STRAIGHT PARTY,,LIBERTARIAN,LIB,0,0,6,0,6,0,6
El Paso,118-BENITO MARTINEZ ELEMENTARY,STRAIGHT PARTY,,GREEN,GRN,0,1,1,0,2,1,1
El Paso,118-BENITO MARTINEZ ELEMENTARY,US PRESIDENT,,MITT ROMNEY,REP,232,23,157,3,415,255,160
El Paso,118-BENITO MARTINEZ ELEMENTARY,US PRESIDENT,,BARACK OBAMA,DEM,383,16,270,1,670,399,271
El Paso,118-BENITO MARTINEZ ELEMENTARY,US PRESIDENT,,GARY JOHNSON,LIB,0,0,4,0,4,0,4
El Paso,118-BENITO MARTINEZ ELEMENTARY,US PRESIDENT,,JILL STEIN,GRN,0,0,2,0,2,0,2
El Paso,118-BENITO MARTINEZ ELEMENTARY,US PRESIDENT,,WRITE-IN,NP,1,0,2,0,3,1,2
El Paso,118-BENITO MARTINEZ ELEMENTARY,US SENATOR,,TED CRUZ,REP,240,21,161,3,425,261,164
El Paso,118-BENITO MARTINEZ ELEMENTARY,US SENATOR,,PAUL SADLER,DEM,342,15,231,1,589,357,232
El Paso,118-BENITO MARTINEZ ELEMENTARY,US SENATOR,,JOHN JAY MYERS,LIB,9,0,11,0,20,9,11
El Paso,118-BENITO MARTINEZ ELEMENTARY,US SENATOR,,DAVID B. COLLINS,GRN,4,1,9,0,14,5,9
El Paso,118-BENITO MARTINEZ ELEMENTARY,US REP DISTRICT 16,,BARBARA CARRASCO,REP,233,19,146,3,401,252,149
El Paso,118-BENITO MARTINEZ ELEMENTARY,US REP DISTRICT 16,,BETO OROURKE,DEM,372,17,263,1,653,389,264
El Paso,118-BENITO MARTINEZ ELEMENTARY,US REP DISTRICT 16,,JUNART SODOY,LIB,3,0,11,0,14,3,11
El Paso,118-BENITO MARTINEZ ELEMENTARY,RAILROAD COMMISSIONER,,CHRISTI CRADDICK,REP,209,19,139,3,370,228,142
El Paso,118-BENITO MARTINEZ ELEMENTARY,RAILROAD COMMISSIONER,,DALE HENRY,DEM,339,13,235,1,588,352,236
El Paso,118-BENITO MARTINEZ ELEMENTARY,RAILROAD COMMISSIONER,,VIVEKANANDA (VIK) WA,LIB,8,0,16,0,24,8,16
El Paso,118-BENITO MARTINEZ ELEMENTARY,RAILROAD COMMISSIONER,,CHRIS KENNEDY,GRN,17,2,14,0,33,19,14
El Paso,118-BENITO MARTINEZ ELEMENTARY,RAILROAD COMMISSIONER,,BARRY SMITHERMAN,REP,240,21,156,3,420,261,159
El Paso,118-BENITO MARTINEZ ELEMENTARY,RAILROAD COMMISSIONER,,JAIME O. PEREZ,LIB,199,5,165,1,370,204,166
El Paso,118-BENITO MARTINEZ ELEMENTARY,RAILROAD COMMISSIONER,,JOSH WENDEL,GRN,47,4,28,0,79,51,28
El Paso,118-BENITO MARTINEZ ELEMENTARY,"JUSTICE, SUPREME COURT, PLACE 2",,DON WILLETT,REP,302,21,211,3,537,323,214
El Paso,118-BENITO MARTINEZ ELEMENTARY,"JUSTICE, SUPREME COURT, PLACE 2",,RS ROBERT KOELSCH,LIB,169,9,133,1,312,178,134
El Paso,118-BENITO MARTINEZ ELEMENTARY,"JUSTICE, SUPREME COURT, PLACE 4",,JOHN DEVINE,REP,276,18,188,3,485,294,191
El Paso,118-BENITO MARTINEZ ELEMENTARY,"JUSTICE, SUPREME COURT, PLACE 4",,TOM OXFORD,LIB,140,3,106,1,250,143,107
El Paso,118-BENITO MARTINEZ ELEMENTARY,"JUSTICE, SUPREME COURT, PLACE 4",,CHARLES E. WATERBURY,GRN,57,8,43,0,108,65,43
El Paso,118-BENITO MARTINEZ ELEMENTARY,"JUSTICE, SUPREME COURT, PLACE 6",,NATHAN HECHT,REP,199,19,132,3,353,218,135
El Paso,118-BENITO MARTINEZ ELEMENTARY,"JUSTICE, SUPREME COURT, PLACE 6",,MICHELE PETTY,DEM,350,15,249,1,615,365,250
El Paso,118-BENITO MARTINEZ ELEMENTARY,"JUSTICE, SUPREME COURT, PLACE 6",,MARK ASH,LIB,13,0,18,0,31,13,18
El Paso,118-BENITO MARTINEZ ELEMENTARY,"JUSTICE, SUPREME COURT, PLACE 6",,JIM CHISHOLM,GRN,13,0,7,0,20,13,7
El Paso,118-BENITO MARTINEZ ELEMENTARY,"PRESIDING JUDGE, COURT OF CRIMINAL APPEALS",,SHARON KELLER,REP,217,20,148,3,388,237,151
El Paso,118-BENITO MARTINEZ ELEMENTARY,"PRESIDING JUDGE, COURT OF CRIMINAL APPEALS",,KEITH HAMPTON,DEM,344,15,242,1,602,359,243
El Paso,118-BENITO MARTINEZ ELEMENTARY,"PRESIDING JUDGE, COURT OF CRIMINAL APPEALS",,LANCE STOTT,LIB,18,0,15,0,33,18,15
El Paso,118-BENITO MARTINEZ ELEMENTARY,"JUDGE, COURT OF CRIMINAL APPEALS, PLACE 7",,BARBARA PARKER HERVE,REP,301,19,210,3,533,320,213
El Paso,118-BENITO MARTINEZ ELEMENTARY,"JUDGE, COURT OF CRIMINAL APPEALS, PLACE 7",,MARK W. BENNETT,LIB,175,10,128,1,314,185,129
El Paso,118-BENITO MARTINEZ ELEMENTARY,"JUDGE, COURT OF CRIMINAL APPEALS, PLACE 8",,ELSA ALCALA,REP,318,19,221,3,561,337,224
El Paso,118-BENITO MARTINEZ ELEMENTARY,"JUDGE, COURT OF CRIMINAL APPEALS, PLACE 8",,WILLIAM BRYAN STRANG,LIB,154,10,123,1,288,164,124
El Paso,118-BENITO MARTINEZ ELEMENTARY,MEMBER STATE BOARD OF EDUCATION DISTRICT 1,,CARLOS CHARLIE GARZA,REP,218,18,152,3,391,236,155
El Paso,118-BENITO MARTINEZ ELEMENTARY,MEMBER STATE BOARD OF EDUCATION DISTRICT 1,,MARTHA M. DOMINGUEZ,DEM,362,17,258,1,638,379,259
El Paso,118-BENITO MARTINEZ ELEMENTARY,STATE SENATOR DISTRICT 29,,DAN CHAVEZ,REP,221,20,150,3,394,241,153
El Paso,118-BENITO MARTINEZ ELEMENTARY,STATE SENATOR DISTRICT 29,,JOSE R. RODRIGUEZ,DEM,375,14,263,1,653,389,264
El Paso,118-BENITO MARTINEZ ELEMENTARY,STATE REPRESENTATIVE DISTRICT 79,,JOE C. PICKETT,DEM,478,21,335,1,835,499,336
El Paso,118-BENITO MARTINEZ ELEMENTARY,"CHIEF JUSTICE, COURT OF APPEALS 8TH DISTRICT",,ANN CRAWFORD MCCLURE,DEM,437,20,311,1,769,457,312
El Paso,118-BENITO MARTINEZ ELEMENTARY,"JUSTICE, 8TH COURT OF APPEALS DISTRICT, PLACE 2",,CHRIS ANTCLIFF,REP,217,21,142,3,383,238,145
El Paso,118-BENITO MARTINEZ ELEMENTARY,"JUSTICE, 8TH COURT OF APPEALS DISTRICT, PLACE 2",,YVONNE RODRIGUEZ,DEM,366,14,264,1,645,380,265
El Paso,118-BENITO MARTINEZ ELEMENTARY,"JUSTICE, 8TH COURT OF APPEALS DISTRICT, PLACE 3",,GUADALUPE LUPE RIVER,DEM,441,19,311,1,772,460,312
El Paso,118-BENITO MARTINEZ ELEMENTARY,"DISTRICT JUDGE, 34TH JUDICIAL DISTRICT",,BILL MOODY,DEM,445,20,312,1,778,465,313
El Paso,118-BENITO MARTINEZ ELEMENTARY,"DISTRICT JUDGE, 41ST JUDICIAL DISTRICT",,ANNA PEREZ,DEM,440,19,311,1,771,459,312
El Paso,118-BENITO MARTINEZ ELEMENTARY,"DISTRICT JUDGE, 243RD JUDICIAL DISTRICT",,BILLY DON HICKS,REP,226,22,147,3,398,248,150
El Paso,118-BENITO MARTINEZ ELEMENTARY,"DISTRICT JUDGE, 243RD JUDICIAL DISTRICT",,LUIS AGUILAR,DEM,359,13,260,1,633,372,261
El Paso,118-BENITO MARTINEZ ELEMENTARY,"DISTRICT JUDGE, 346TH JUDICIAL DISTRICT",,ANGIE J. BARILL,DEM,433,18,297,1,749,451,298
El Paso,118-BENITO MARTINEZ ELEMENTARY,"DISTRICT JUDGE, 383RD JUDICIAL DISTRICT",,MIKE HERRERA,DEM,428,18,296,1,743,446,297
El Paso,118-BENITO MARTINEZ ELEMENTARY,"DISTRICT JUDGE, 384TH JUDICIAL DISTRICT",,PATRICK M. GARCIA,DEM,426,18,297,1,742,444,298
El Paso,118-BENITO MARTINEZ ELEMENTARY,"DISTRICT JUDGE, 388TH JUDICIAL DISTRICT",,LAURA STRATHMANN,DEM,429,18,299,1,747,447,300
El Paso,118-BENITO MARTINEZ ELEMENTARY,"DISTRICT JUDGE, 409TH JUDICIAL DISTRICT",,SAM MEDRANO JR,DEM,423,18,295,1,737,441,296
El Paso,118-BENITO MARTINEZ ELEMENTARY,"DISTRICT JUDGE, 448TH JUDICIAL DISTRICT",,SERGIO H. ENRIQUEZ,DEM,427,18,295,1,741,445,296
El Paso,118-BENITO MARTINEZ ELEMENTARY,"CRIMINAL DISTRICT JUDGE, COURT NO. 1",,DIANE NAVARRETE,DEM,426,18,298,1,743,444,299
El Paso,118-BENITO MARTINEZ ELEMENTARY,"FAMILY DISTRICT JUDGE, 65TH JUDICIAL DISTRICT",,YAHARA L. GUTIERREZ,DEM,426,18,297,1,742,444,298
El Paso,118-BENITO MARTINEZ ELEMENTARY,"DISTRICT ATTORNEY, 34TH JUDICIAL DISTRICT",,JAIME ESPARZA,DEM,431,19,301,1,752,450,302
El Paso,118-BENITO MARTINEZ ELEMENTARY,"JUDGE, COUNTY CRIMINAL COURT NO. 3",,CARLOS CARRASCO,DEM,426,18,297,1,742,444,298
El Paso,118-BENITO MARTINEZ ELEMENTARY,"JUDGE, COUNTY CRIMINAL COURT NO. 4",,JESUS HERRERA,DEM,422,18,294,1,735,440,295
El Paso,118-BENITO MARTINEZ ELEMENTARY,COUNTY ATTORNEY,,JO ANNE BERNAL,DEM,429,20,304,1,754,449,305
El Paso,118-BENITO MARTINEZ ELEMENTARY,SHERIFF,,RICHARD D. WILES,DEM,441,20,309,1,771,461,310
El Paso,118-BENITO MARTINEZ ELEMENTARY,COUNTY TAX ASSESSOR COLLECTOR,,VICTOR A. FLORES,DEM,431,26,303,1,761,457,304
El Paso,118-BENITO MARTINEZ ELEMENTARY,"COUNTY COMMISSIONER, PRECINCT NO. 1",,BILL LENDERMAN,REP,203,20,133,3,359,223,136
El Paso,118-BENITO MARTINEZ ELEMENTARY,"COUNTY COMMISSIONER, PRECINCT NO. 1",,CARLOS LEON,DEM,380,16,277,1,674,396,278
El Paso,118-BENITO MARTINEZ ELEMENTARY,"CONSTABLE, PRECINCT NO. 4",,LUIS LOUIE AGUILAR,DEM,426,19,294,1,740,445,295
El Paso,119-HELEN BALL ELEMENTARY,"CITY OF EL PASO, PROPOSITION",,FOR (A FAVOR),NP,397,10,411,0,818,407,411
El Paso,119-HELEN BALL ELEMENTARY,"CITY OF EL PASO, PROPOSITION",,AGAINST (EN CONTRA),NP,168,0,94,0,262,168,94
El Paso,119-HELEN BALL ELEMENTARY,"CITY OF EL PASO, PROPOSITION",,FOR (A FAVOR),NP,373,10,385,0,768,383,385
El Paso,119-HELEN BALL ELEMENTARY,"CITY OF EL PASO, PROPOSITION",,AGAINST (EN CONTRA),NP,187,0,113,0,300,187,113
El Paso,119-HELEN BALL ELEMENTARY,"CITY OF EL PASO, PROPOSITION",,FOR (A FAVOR),NP,358,6,351,0,715,364,351
El Paso,119-HELEN BALL ELEMENTARY,"CITY OF EL PASO, PROPOSITION",,AGAINST (EN CONTRA),NP,206,4,148,0,358,210,148
El Paso,119-HELEN BALL ELEMENTARY,STRAIGHT PARTY,,REPUBLICAN,REP,105,3,107,0,215,108,107
El Paso,119-HELEN BALL ELEMENTARY,STRAIGHT PARTY,,DEMOCRAT,DEM,190,5,209,0,404,195,209
El Paso,119-HELEN BALL ELEMENTARY,STRAIGHT PARTY,,LIBERTARIAN,LIB,4,0,6,0,10,4,6
El Paso,119-HELEN BALL ELEMENTARY,STRAIGHT PARTY,,GREEN,GRN,1,0,1,0,2,1,1
El Paso,119-HELEN BALL ELEMENTARY,US PRESIDENT,,MITT ROMNEY,REP,238,5,183,0,426,243,183
El Paso,119-HELEN BALL ELEMENTARY,US PRESIDENT,,BARACK OBAMA,DEM,321,8,321,0,650,329,321
El Paso,119-HELEN BALL ELEMENTARY,US PRESIDENT,,GARY JOHNSON,LIB,3,0,7,0,10,3,7
El Paso,119-HELEN BALL ELEMENTARY,US PRESIDENT,,JILL STEIN,GRN,0,0,2,0,2,0,2
El Paso,119-HELEN BALL ELEMENTARY,US PRESIDENT,,WRITE-IN,NP,1,0,2,0,3,1,2
El Paso,119-HELEN BALL ELEMENTARY,US SENATOR,,TED CRUZ,REP,260,5,190,0,455,265,190
El Paso,119-HELEN BALL ELEMENTARY,US SENATOR,,PAUL SADLER,DEM,273,6,285,0,564,279,285
El Paso,119-HELEN BALL ELEMENTARY,US SENATOR,,JOHN JAY MYERS,LIB,10,0,16,0,26,10,16
El Paso,119-HELEN BALL ELEMENTARY,US SENATOR,,DAVID B. COLLINS,GRN,5,0,6,0,11,5,6
El Paso,119-HELEN BALL ELEMENTARY,US REP DISTRICT 16,,BARBARA CARRASCO,REP,213,5,181,0,399,218,181
El Paso,119-HELEN BALL ELEMENTARY,US REP DISTRICT 16,,BETO OROURKE,DEM,337,6,308,0,651,343,308
El Paso,119-HELEN BALL ELEMENTARY,US REP DISTRICT 16,,JUNART SODOY,LIB,7,0,13,0,20,7,13
El Paso,119-HELEN BALL ELEMENTARY,RAILROAD COMMISSIONER,,CHRISTI CRADDICK,REP,220,4,163,0,387,224,163
El Paso,119-HELEN BALL ELEMENTARY,RAILROAD COMMISSIONER,,DALE HENRY,DEM,281,7,288,0,576,288,288
El Paso,119-HELEN BALL ELEMENTARY,RAILROAD COMMISSIONER,,VIVEKANANDA (VIK) WA,LIB,13,0,20,0,33,13,20
El Paso,119-HELEN BALL ELEMENTARY,RAILROAD COMMISSIONER,,CHRIS KENNEDY,GRN,13,0,17,0,30,13,17
El Paso,119-HELEN BALL ELEMENTARY,RAILROAD COMMISSIONER,,BARRY SMITHERMAN,REP,256,3,189,0,448,259,189
El Paso,119-HELEN BALL ELEMENTARY,RAILROAD COMMISSIONER,,JAIME O. PEREZ,LIB,183,4,199,0,386,187,199
El Paso,119-HELEN BALL ELEMENTARY,RAILROAD COMMISSIONER,,JOSH WENDEL,GRN,32,3,40,0,75,35,40
El Paso,119-HELEN BALL ELEMENTARY,"JUSTICE, SUPREME COURT, PLACE 2",,DON WILLETT,REP,300,5,258,0,563,305,258
El Paso,119-HELEN BALL ELEMENTARY,"JUSTICE, SUPREME COURT, PLACE 2",,RS ROBERT KOELSCH,LIB,162,4,165,0,331,166,165
El Paso,119-HELEN BALL ELEMENTARY,"JUSTICE, SUPREME COURT, PLACE 4",,JOHN DEVINE,REP,288,5,235,0,528,293,235
El Paso,119-HELEN BALL ELEMENTARY,"JUSTICE, SUPREME COURT, PLACE 4",,TOM OXFORD,LIB,116,2,128,0,246,118,128
El Paso,119-HELEN BALL ELEMENTARY,"JUSTICE, SUPREME COURT, PLACE 4",,CHARLES E. WATERBURY,GRN,55,3,53,0,111,58,53
El Paso,119-HELEN BALL ELEMENTARY,"JUSTICE, SUPREME COURT, PLACE 6",,NATHAN HECHT,REP,207,3,148,0,358,210,148
El Paso,119-HELEN BALL ELEMENTARY,"JUSTICE, SUPREME COURT, PLACE 6",,MICHELE PETTY,DEM,300,8,310,0,618,308,310
El Paso,119-HELEN BALL ELEMENTARY,"JUSTICE, SUPREME COURT, PLACE 6",,MARK ASH,LIB,15,0,21,0,36,15,21
El Paso,119-HELEN BALL ELEMENTARY,"JUSTICE, SUPREME COURT, PLACE 6",,JIM CHISHOLM,GRN,8,0,8,0,16,8,8
El Paso,119-HELEN BALL ELEMENTARY,"PRESIDING JUDGE, COURT OF CRIMINAL APPEALS",,SHARON KELLER,REP,228,4,178,0,410,232,178
El Paso,119-HELEN BALL ELEMENTARY,"PRESIDING JUDGE, COURT OF CRIMINAL APPEALS",,KEITH HAMPTON,DEM,286,6,285,0,577,292,285
El Paso,119-HELEN BALL ELEMENTARY,"PRESIDING JUDGE, COURT OF CRIMINAL APPEALS",,LANCE STOTT,LIB,16,1,22,0,39,17,22
El Paso,119-HELEN BALL ELEMENTARY,"JUDGE, COURT OF CRIMINAL APPEALS, PLACE 7",,BARBARA PARKER HERVE,REP,312,6,263,0,581,318,263
El Paso,119-HELEN BALL ELEMENTARY,"JUDGE, COURT OF CRIMINAL APPEALS, PLACE 7",,MARK W. BENNETT,LIB,143,3,161,0,307,146,161
El Paso,119-HELEN BALL ELEMENTARY,"JUDGE, COURT OF CRIMINAL APPEALS, PLACE 8",,ELSA ALCALA,REP,321,6,291,0,618,327,291
El Paso,119-HELEN BALL ELEMENTARY,"JUDGE, COURT OF CRIMINAL APPEALS, PLACE 8",,WILLIAM BRYAN STRANG,LIB,131,3,127,0,261,134,127
El Paso,119-HELEN BALL ELEMENTARY,MEMBER STATE BOARD OF EDUCATION DISTRICT 1,,CARLOS CHARLIE GARZA,REP,219,5,173,0,397,224,173
El Paso,119-HELEN BALL ELEMENTARY,MEMBER STATE BOARD OF EDUCATION DISTRICT 1,,MARTHA M. DOMINGUEZ,DEM,309,6,319,0,634,315,319
El Paso,119-HELEN BALL ELEMENTARY,STATE SENATOR DISTRICT 29,,DAN CHAVEZ,REP,221,4,152,0,377,225,152
El Paso,119-HELEN BALL ELEMENTARY,STATE SENATOR DISTRICT 29,,JOSE R. RODRIGUEZ,DEM,320,7,341,0,668,327,341
El Paso,119-HELEN BALL ELEMENTARY,STATE REPRESENTATIVE DISTRICT 79,,JOE C. PICKETT,DEM,416,8,390,0,814,424,390
El Paso,119-HELEN BALL ELEMENTARY,"CHIEF JUSTICE, COURT OF APPEALS 8TH DISTRICT",,ANN CRAWFORD MCCLURE,DEM,374,8,375,0,757,382,375
El Paso,119-HELEN BALL ELEMENTARY,"JUSTICE, 8TH COURT OF APPEALS DISTRICT, PLACE 2",,CHRIS ANTCLIFF,REP,233,4,171,0,408,237,171
El Paso,119-HELEN BALL ELEMENTARY,"JUSTICE, 8TH COURT OF APPEALS DISTRICT, PLACE 2",,YVONNE RODRIGUEZ,DEM,297,7,311,0,615,304,311
El Paso,119-HELEN BALL ELEMENTARY,"JUSTICE, 8TH COURT OF APPEALS DISTRICT, PLACE 3",,GUADALUPE LUPE RIVER,DEM,377,8,374,0,759,385,374
El Paso,119-HELEN BALL ELEMENTARY,"DISTRICT JUDGE, 34TH JUDICIAL DISTRICT",,BILL MOODY,DEM,376,8,371,0,755,384,371
El Paso,119-HELEN BALL ELEMENTARY,"DISTRICT JUDGE, 41ST JUDICIAL DISTRICT",,ANNA PEREZ,DEM,373,8,377,0,758,381,377
El Paso,119-HELEN BALL ELEMENTARY,"DISTRICT JUDGE, 243RD JUDICIAL DISTRICT",,BILLY DON HICKS,REP,228,5,168,0,401,233,168
El Paso,119-HELEN BALL ELEMENTARY,"DISTRICT JUDGE, 243RD JUDICIAL DISTRICT",,LUIS AGUILAR,DEM,304,6,318,0,628,310,318
El Paso,119-HELEN BALL ELEMENTARY,"DISTRICT JUDGE, 346TH JUDICIAL DISTRICT",,ANGIE J. BARILL,DEM,360,8,370,0,738,368,370
El Paso,119-HELEN BALL ELEMENTARY,"DISTRICT JUDGE, 383RD JUDICIAL DISTRICT",,MIKE HERRERA,DEM,366,8,375,0,749,374,375
El Paso,119-HELEN BALL ELEMENTARY,"DISTRICT JUDGE, 384TH JUDICIAL DISTRICT",,PATRICK M. GARCIA,DEM,356,8,375,0,739,364,375
El Paso,119-HELEN BALL ELEMENTARY,"DISTRICT JUDGE, 388TH JUDICIAL DISTRICT",,LAURA STRATHMANN,DEM,360,8,369,0,737,368,369
El Paso,119-HELEN BALL ELEMENTARY,"DISTRICT JUDGE, 409TH JUDICIAL DISTRICT",,SAM MEDRANO JR,DEM,367,8,374,0,749,375,374
El Paso,119-HELEN BALL ELEMENTARY,"DISTRICT JUDGE, 448TH JUDICIAL DISTRICT",,SERGIO H. ENRIQUEZ,DEM,365,8,367,0,740,373,367
El Paso,119-HELEN BALL ELEMENTARY,"CRIMINAL DISTRICT JUDGE, COURT NO. 1",,DIANE NAVARRETE,DEM,361,8,372,0,741,369,372
El Paso,119-HELEN BALL ELEMENTARY,"FAMILY DISTRICT JUDGE, 65TH JUDICIAL DISTRICT",,YAHARA L. GUTIERREZ,DEM,356,8,367,0,731,364,367
El Paso,119-HELEN BALL ELEMENTARY,"DISTRICT ATTORNEY, 34TH JUDICIAL DISTRICT",,JAIME ESPARZA,DEM,370,8,366,0,744,378,366
El Paso,119-HELEN BALL ELEMENTARY,"JUDGE, COUNTY CRIMINAL COURT NO. 3",,CARLOS CARRASCO,DEM,363,8,368,0,739,371,368
El Paso,119-HELEN BALL ELEMENTARY,"JUDGE, COUNTY CRIMINAL COURT NO. 4",,JESUS HERRERA,DEM,361,8,357,0,726,369,357
El Paso,119-HELEN BALL ELEMENTARY,COUNTY ATTORNEY,,JO ANNE BERNAL,DEM,369,8,368,0,745,377,368
El Paso,119-HELEN BALL ELEMENTARY,SHERIFF,,RICHARD D. WILES,DEM,374,8,369,0,751,382,369
El Paso,119-HELEN BALL ELEMENTARY,COUNTY TAX ASSESSOR COLLECTOR,,VICTOR A. FLORES,DEM,375,9,365,0,749,384,365
El Paso,119-HELEN BALL ELEMENTARY,"COUNTY COMMISSIONER, PRECINCT NO. 1",,BILL LENDERMAN,REP,204,4,146,0,354,208,146
El Paso,119-HELEN BALL ELEMENTARY,"COUNTY COMMISSIONER, PRECINCT NO. 1",,CARLOS LEON,DEM,333,7,336,0,676,340,336
El Paso,119-HELEN BALL ELEMENTARY,"CONSTABLE, PRECINCT NO. 4",,LUIS LOUIE AGUILAR,DEM,367,8,370,0,745,375,370
El Paso,120-OSHEA KELEHER ELEMENTARY,"CITY OF EL PASO, PROPOSITION",,FOR (A FAVOR),NP,568,11,417,0,996,579,417
El Paso,120-OSHEA KELEHER ELEMENTARY,"CITY OF EL PASO, PROPOSITION",,AGAINST (EN CONTRA),NP,144,1,96,0,241,145,96
El Paso,120-OSHEA KELEHER ELEMENTARY,"CITY OF EL PASO, PROPOSITION",,FOR (A FAVOR),NP,525,12,399,0,936,537,399
El Paso,120-OSHEA KELEHER ELEMENTARY,"CITY OF EL PASO, PROPOSITION",,AGAINST (EN CONTRA),NP,173,0,106,0,279,173,106
El Paso,120-OSHEA KELEHER ELEMENTARY,"CITY OF EL PASO, PROPOSITION",,FOR (A FAVOR),NP,437,8,328,0,773,445,328
El Paso,120-OSHEA KELEHER ELEMENTARY,"CITY OF EL PASO, PROPOSITION",,AGAINST (EN CONTRA),NP,267,3,179,0,449,270,179
El Paso,120-OSHEA KELEHER ELEMENTARY,STRAIGHT PARTY,,REPUBLICAN,REP,105,6,67,0,178,111,67
El Paso,120-OSHEA KELEHER ELEMENTARY,STRAIGHT PARTY,,DEMOCRAT,DEM,323,4,280,0,607,327,280
El Paso,120-OSHEA KELEHER ELEMENTARY,STRAIGHT PARTY,,LIBERTARIAN,LIB,4,0,2,0,6,4,2
El Paso,120-OSHEA KELEHER ELEMENTARY,STRAIGHT PARTY,,GREEN,GRN,4,0,0,0,4,4,0
El Paso,120-OSHEA KELEHER ELEMENTARY,US PRESIDENT,,MITT ROMNEY,REP,221,9,134,0,364,230,134
El Paso,120-OSHEA KELEHER ELEMENTARY,US PRESIDENT,,BARACK OBAMA,DEM,494,6,398,0,898,500,398
El Paso,120-OSHEA KELEHER ELEMENTARY,US PRESIDENT,,GARY JOHNSON,LIB,6,0,2,0,8,6,2
El Paso,120-OSHEA KELEHER ELEMENTARY,US PRESIDENT,,JILL STEIN,GRN,2,0,2,0,4,2,2
El Paso,120-OSHEA KELEHER ELEMENTARY,US PRESIDENT,,WRITE-IN,NP,0,0,0,0,0,0,0
El Paso,120-OSHEA KELEHER ELEMENTARY,US SENATOR,,TED CRUZ,REP,230,8,150,0,388,238,150
El Paso,120-OSHEA KELEHER ELEMENTARY,US SENATOR,,PAUL SADLER,DEM,450,6,348,0,804,456,348
El Paso,120-OSHEA KELEHER ELEMENTARY,US SENATOR,,JOHN JAY MYERS,LIB,18,0,10,0,28,18,10
El Paso,120-OSHEA KELEHER ELEMENTARY,US SENATOR,,DAVID B. COLLINS,GRN,8,1,6,0,15,9,6
El Paso,120-OSHEA KELEHER ELEMENTARY,US REP DISTRICT 16,,BARBARA CARRASCO,REP,198,10,149,0,357,208,149
El Paso,120-OSHEA KELEHER ELEMENTARY,US REP DISTRICT 16,,BETO OROURKE,DEM,505,5,365,0,875,510,365
El Paso,120-OSHEA KELEHER ELEMENTARY,US REP DISTRICT 16,,JUNART SODOY,LIB,14,0,7,0,21,14,7
El Paso,120-OSHEA KELEHER ELEMENTARY,RAILROAD COMMISSIONER,,CHRISTI CRADDICK,REP,205,8,123,0,336,213,123
El Paso,120-OSHEA KELEHER ELEMENTARY,RAILROAD COMMISSIONER,,DALE HENRY,DEM,453,6,349,0,808,459,349
El Paso,120-OSHEA KELEHER ELEMENTARY,RAILROAD COMMISSIONER,,VIVEKANANDA (VIK) WA,LIB,16,0,15,0,31,16,15
El Paso,120-OSHEA KELEHER ELEMENTARY,RAILROAD COMMISSIONER,,CHRIS KENNEDY,GRN,20,0,18,0,38,20,18
El Paso,120-OSHEA KELEHER ELEMENTARY,RAILROAD COMMISSIONER,,BARRY SMITHERMAN,REP,233,8,153,0,394,241,153
El Paso,120-OSHEA KELEHER ELEMENTARY,RAILROAD COMMISSIONER,,JAIME O. PEREZ,LIB,274,2,189,0,465,276,189
El Paso,120-OSHEA KELEHER ELEMENTARY,RAILROAD COMMISSIONER,,JOSH WENDEL,GRN,58,0,46,0,104,58,46
El Paso,120-OSHEA KELEHER ELEMENTARY,"JUSTICE, SUPREME COURT, PLACE 2",,DON WILLETT,REP,303,9,200,0,512,312,200
El Paso,120-OSHEA KELEHER ELEMENTARY,"JUSTICE, SUPREME COURT, PLACE 2",,RS ROBERT KOELSCH,LIB,245,3,181,0,429,248,181
El Paso,120-OSHEA KELEHER ELEMENTARY,"JUSTICE, SUPREME COURT, PLACE 4",,JOHN DEVINE,REP,283,7,187,0,477,290,187
El Paso,120-OSHEA KELEHER ELEMENTARY,"JUSTICE, SUPREME COURT, PLACE 4",,TOM OXFORD,LIB,200,4,137,0,341,204,137
El Paso,120-OSHEA KELEHER ELEMENTARY,"JUSTICE, SUPREME COURT, PLACE 4",,CHARLES E. WATERBURY,GRN,63,0,55,0,118,63,55
El Paso,120-OSHEA KELEHER ELEMENTARY,"JUSTICE, SUPREME COURT, PLACE 6",,NATHAN HECHT,REP,187,8,110,0,305,195,110
El Paso,120-OSHEA KELEHER ELEMENTARY,"JUSTICE, SUPREME COURT, PLACE 6",,MICHELE PETTY,DEM,474,6,367,0,847,480,367
El Paso,120-OSHEA KELEHER ELEMENTARY,"JUSTICE, SUPREME COURT, PLACE 6",,MARK ASH,LIB,17,0,11,0,28,17,11
El Paso,120-OSHEA KELEHER ELEMENTARY,"JUSTICE, SUPREME COURT, PLACE 6",,JIM CHISHOLM,GRN,15,0,17,0,32,15,17
El Paso,120-OSHEA KELEHER ELEMENTARY,"PRESIDING JUDGE, COURT OF CRIMINAL APPEALS",,SHARON KELLER,REP,203,9,134,0,346,212,134
El Paso,120-OSHEA KELEHER ELEMENTARY,"PRESIDING JUDGE, COURT OF CRIMINAL APPEALS",,KEITH HAMPTON,DEM,462,5,352,0,819,467,352
El Paso,120-OSHEA KELEHER ELEMENTARY,"PRESIDING JUDGE, COURT OF CRIMINAL APPEALS",,LANCE STOTT,LIB,27,0,17,0,44,27,17
El Paso,120-OSHEA KELEHER ELEMENTARY,"JUDGE, COURT OF CRIMINAL APPEALS, PLACE 7",,BARBARA PARKER HERVE,REP,308,9,208,0,525,317,208
El Paso,120-OSHEA KELEHER ELEMENTARY,"JUDGE, COURT OF CRIMINAL APPEALS, PLACE 7",,MARK W. BENNETT,LIB,239,3,176,0,418,242,176
El Paso,120-OSHEA KELEHER ELEMENTARY,"JUDGE, COURT OF CRIMINAL APPEALS, PLACE 8",,ELSA ALCALA,REP,337,9,239,0,585,346,239
El Paso,120-OSHEA KELEHER ELEMENTARY,"JUDGE, COURT OF CRIMINAL APPEALS, PLACE 8",,WILLIAM BRYAN STRANG,LIB,208,3,147,0,358,211,147
El Paso,120-OSHEA KELEHER ELEMENTARY,MEMBER STATE BOARD OF EDUCATION DISTRICT 1,,CARLOS CHARLIE GARZA,REP,215,8,138,0,361,223,138
El Paso,120-OSHEA KELEHER ELEMENTARY,MEMBER STATE BOARD OF EDUCATION DISTRICT 1,,MARTHA M. DOMINGUEZ,DEM,479,6,374,0,859,485,374
El Paso,120-OSHEA KELEHER ELEMENTARY,STATE SENATOR DISTRICT 29,,DAN CHAVEZ,REP,205,8,123,0,336,213,123
El Paso,120-OSHEA KELEHER ELEMENTARY,STATE SENATOR DISTRICT 29,,JOSE R. RODRIGUEZ,DEM,494,6,391,0,891,500,391
El Paso,120-OSHEA KELEHER ELEMENTARY,STATE REPRESENTATIVE DISTRICT 79,,JOE C. PICKETT,DEM,571,10,439,0,1020,581,439
El Paso,120-OSHEA KELEHER ELEMENTARY,"CHIEF JUSTICE, COURT OF APPEALS 8TH DISTRICT",,ANN CRAWFORD MCCLURE,DEM,539,10,418,0,967,549,418
El Paso,120-OSHEA KELEHER ELEMENTARY,"JUSTICE, 8TH COURT OF APPEALS DISTRICT, PLACE 2",,CHRIS ANTCLIFF,REP,204,8,121,0,333,212,121
El Paso,120-OSHEA KELEHER ELEMENTARY,"JUSTICE, 8TH COURT OF APPEALS DISTRICT, PLACE 2",,YVONNE RODRIGUEZ,DEM,488,6,388,0,882,494,388
El Paso,120-OSHEA KELEHER ELEMENTARY,"JUSTICE, 8TH COURT OF APPEALS DISTRICT, PLACE 3",,GUADALUPE LUPE RIVER,DEM,552,10,421,0,983,562,421
El Paso,120-OSHEA KELEHER ELEMENTARY,"DISTRICT JUDGE, 34TH JUDICIAL DISTRICT",,BILL MOODY,DEM,550,10,421,0,981,560,421
El Paso,120-OSHEA KELEHER ELEMENTARY,"DISTRICT JUDGE, 41ST JUDICIAL DISTRICT",,ANNA PEREZ,DEM,545,9,417,0,971,554,417
El Paso,120-OSHEA KELEHER ELEMENTARY,"DISTRICT JUDGE, 243RD JUDICIAL DISTRICT",,BILLY DON HICKS,REP,224,7,129,0,360,231,129
El Paso,120-OSHEA KELEHER ELEMENTARY,"DISTRICT JUDGE, 243RD JUDICIAL DISTRICT",,LUIS AGUILAR,DEM,469,7,378,0,854,476,378
El Paso,120-OSHEA KELEHER ELEMENTARY,"DISTRICT JUDGE, 346TH JUDICIAL DISTRICT",,ANGIE J. BARILL,DEM,539,11,418,0,968,550,418
El Paso,120-OSHEA KELEHER ELEMENTARY,"DISTRICT JUDGE, 383RD JUDICIAL DISTRICT",,MIKE HERRERA,DEM,537,11,418,0,966,548,418
El Paso,120-OSHEA KELEHER ELEMENTARY,"DISTRICT JUDGE, 384TH JUDICIAL DISTRICT",,PATRICK M. GARCIA,DEM,540,10,418,0,968,550,418
El Paso,120-OSHEA KELEHER ELEMENTARY,"DISTRICT JUDGE, 388TH JUDICIAL DISTRICT",,LAURA STRATHMANN,DEM,543,9,421,0,973,552,421
El Paso,120-OSHEA KELEHER ELEMENTARY,"DISTRICT JUDGE, 409TH JUDICIAL DISTRICT",,SAM MEDRANO JR,DEM,538,10,416,0,964,548,416
El Paso,120-OSHEA KELEHER ELEMENTARY,"DISTRICT JUDGE, 448TH JUDICIAL DISTRICT",,SERGIO H. ENRIQUEZ,DEM,536,9,415,0,960,545,415
El Paso,120-OSHEA KELEHER ELEMENTARY,"CRIMINAL DISTRICT JUDGE, COURT NO. 1",,DIANE NAVARRETE,DEM,541,9,416,0,966,550,416
El Paso,120-OSHEA KELEHER ELEMENTARY,"FAMILY DISTRICT JUDGE, 65TH JUDICIAL DISTRICT",,YAHARA L. GUTIERREZ,DEM,540,9,416,0,965,549,416
El Paso,120-OSHEA KELEHER ELEMENTARY,"DISTRICT ATTORNEY, 34TH JUDICIAL DISTRICT",,JAIME ESPARZA,DEM,537,10,420,0,967,547,420
El Paso,120-OSHEA KELEHER ELEMENTARY,"JUDGE, COUNTY CRIMINAL COURT NO. 3",,CARLOS CARRASCO,DEM,531,10,420,0,961,541,420
El Paso,120-OSHEA KELEHER ELEMENTARY,"JUDGE, COUNTY CRIMINAL COURT NO. 4",,JESUS HERRERA,DEM,527,10,417,0,954,537,417
El Paso,120-OSHEA KELEHER ELEMENTARY,COUNTY ATTORNEY,,JO ANNE BERNAL,DEM,535,10,417,0,962,545,417
El Paso,120-OSHEA KELEHER ELEMENTARY,SHERIFF,,RICHARD D. WILES,DEM,552,10,424,0,986,562,424
El Paso,120-OSHEA KELEHER ELEMENTARY,COUNTY TAX ASSESSOR COLLECTOR,,VICTOR A. FLORES,DEM,548,9,416,0,973,557,416
El Paso,120-OSHEA KELEHER ELEMENTARY,"COUNTY COMMISSIONER, PRECINCT NO. 1",,BILL LENDERMAN,REP,209,8,126,0,343,217,126
El Paso,120-OSHEA KELEHER ELEMENTARY,"COUNTY COMMISSIONER, PRECINCT NO. 1",,CARLOS LEON,DEM,482,6,382,0,870,488,382
El Paso,120-OSHEA KELEHER ELEMENTARY,"CONSTABLE, PRECINCT NO. 4",,LUIS LOUIE AGUILAR,DEM,527,10,410,0,947,537,410
El Paso,121-MONTWOOD HIGH,"CITY OF EL PASO, PROPOSITION",,FOR (A FAVOR),NP,401,5,318,2,726,406,320
El Paso,121-MONTWOOD HIGH,"CITY OF EL PASO, PROPOSITION",,AGAINST (EN CONTRA),NP,121,2,56,0,179,123,56
El Paso,121-MONTWOOD HIGH,"CITY OF EL PASO, PROPOSITION",,FOR (A FAVOR),NP,373,6,298,2,679,379,300
El Paso,121-MONTWOOD HIGH,"CITY OF EL PASO, PROPOSITION",,AGAINST (EN CONTRA),NP,144,1,70,0,215,145,70
El Paso,121-MONTWOOD HIGH,"CITY OF EL PASO, PROPOSITION",,FOR (A FAVOR),NP,350,4,256,2,612,354,258
El Paso,121-MONTWOOD HIGH,"CITY OF EL PASO, PROPOSITION",,AGAINST (EN CONTRA),NP,165,4,114,0,283,169,114
El Paso,121-MONTWOOD HIGH,STRAIGHT PARTY,,REPUBLICAN,REP,89,6,62,0,157,95,62
El Paso,121-MONTWOOD HIGH,STRAIGHT PARTY,,DEMOCRAT,DEM,230,1,199,2,432,231,201
El Paso,121-MONTWOOD HIGH,STRAIGHT PARTY,,LIBERTARIAN,LIB,2,0,3,0,5,2,3
El Paso,121-MONTWOOD HIGH,STRAIGHT PARTY,,GREEN,GRN,1,0,0,0,1,1,0
El Paso,121-MONTWOOD HIGH,US PRESIDENT,,MITT ROMNEY,REP,152,6,114,0,272,158,114
El Paso,121-MONTWOOD HIGH,US PRESIDENT,,BARACK OBAMA,DEM,385,1,277,2,665,386,279
El Paso,121-MONTWOOD HIGH,US PRESIDENT,,GARY JOHNSON,LIB,2,0,1,0,3,2,1
El Paso,121-MONTWOOD HIGH,US PRESIDENT,,JILL STEIN,GRN,1,1,0,0,2,2,0
El Paso,121-MONTWOOD HIGH,US PRESIDENT,,WRITE-IN,NP,1,0,2,0,3,1,2
El Paso,121-MONTWOOD HIGH,US SENATOR,,TED CRUZ,REP,172,6,115,0,293,178,115
El Paso,121-MONTWOOD HIGH,US SENATOR,,PAUL SADLER,DEM,338,1,252,2,593,339,254
El Paso,121-MONTWOOD HIGH,US SENATOR,,JOHN JAY MYERS,LIB,12,1,8,0,21,13,8
El Paso,121-MONTWOOD HIGH,US SENATOR,,DAVID B. COLLINS,GRN,5,0,3,0,8,5,3
El Paso,121-MONTWOOD HIGH,US REP DISTRICT 16,,BARBARA CARRASCO,REP,154,5,107,0,266,159,107
El Paso,121-MONTWOOD HIGH,US REP DISTRICT 16,,BETO OROURKE,DEM,375,3,268,2,648,378,270
El Paso,121-MONTWOOD HIGH,US REP DISTRICT 16,,JUNART SODOY,LIB,7,0,7,0,14,7,7
El Paso,121-MONTWOOD HIGH,RAILROAD COMMISSIONER,,CHRISTI CRADDICK,REP,150,6,94,0,250,156,94
El Paso,121-MONTWOOD HIGH,RAILROAD COMMISSIONER,,DALE HENRY,DEM,350,2,253,2,607,352,255
El Paso,121-MONTWOOD HIGH,RAILROAD COMMISSIONER,,VIVEKANANDA (VIK) WA,LIB,12,0,11,0,23,12,11
El Paso,121-MONTWOOD HIGH,RAILROAD COMMISSIONER,,CHRIS KENNEDY,GRN,8,0,8,0,16,8,8
El Paso,121-MONTWOOD HIGH,RAILROAD COMMISSIONER,,BARRY SMITHERMAN,REP,192,6,127,0,325,198,127
El Paso,121-MONTWOOD HIGH,RAILROAD COMMISSIONER,,JAIME O. PEREZ,LIB,186,1,146,0,333,187,146
El Paso,121-MONTWOOD HIGH,RAILROAD COMMISSIONER,,JOSH WENDEL,GRN,41,0,33,0,74,41,33
El Paso,121-MONTWOOD HIGH,"JUSTICE, SUPREME COURT, PLACE 2",,DON WILLETT,REP,253,6,176,0,435,259,176
El Paso,121-MONTWOOD HIGH,"JUSTICE, SUPREME COURT, PLACE 2",,RS ROBERT KOELSCH,LIB,157,1,122,0,280,158,122
El Paso,121-MONTWOOD HIGH,"JUSTICE, SUPREME COURT, PLACE 4",,JOHN DEVINE,REP,240,6,156,0,402,246,156
El Paso,121-MONTWOOD HIGH,"JUSTICE, SUPREME COURT, PLACE 4",,TOM OXFORD,LIB,134,1,107,0,242,135,107
El Paso,121-MONTWOOD HIGH,"JUSTICE, SUPREME COURT, PLACE 4",,CHARLES E. WATERBURY,GRN,38,0,33,0,71,38,33
El Paso,121-MONTWOOD HIGH,"JUSTICE, SUPREME COURT, PLACE 6",,NATHAN HECHT,REP,140,5,88,0,233,145,88
El Paso,121-MONTWOOD HIGH,"JUSTICE, SUPREME COURT, PLACE 6",,MICHELE PETTY,DEM,356,3,261,2,622,359,263
El Paso,121-MONTWOOD HIGH,"JUSTICE, SUPREME COURT, PLACE 6",,MARK ASH,LIB,18,0,14,0,32,18,14
El Paso,121-MONTWOOD HIGH,"JUSTICE, SUPREME COURT, PLACE 6",,JIM CHISHOLM,GRN,7,0,5,0,12,7,5
El Paso,121-MONTWOOD HIGH,"PRESIDING JUDGE, COURT OF CRIMINAL APPEALS",,SHARON KELLER,REP,158,6,94,0,258,164,94
El Paso,121-MONTWOOD HIGH,"PRESIDING JUDGE, COURT OF CRIMINAL APPEALS",,KEITH HAMPTON,DEM,349,1,261,2,613,350,263
El Paso,121-MONTWOOD HIGH,"PRESIDING JUDGE, COURT OF CRIMINAL APPEALS",,LANCE STOTT,LIB,14,1,14,0,29,15,14
El Paso,121-MONTWOOD HIGH,"JUDGE, COURT OF CRIMINAL APPEALS, PLACE 7",,BARBARA PARKER HERVE,REP,246,6,172,0,424,252,172
El Paso,121-MONTWOOD HIGH,"JUDGE, COURT OF CRIMINAL APPEALS, PLACE 7",,MARK W. BENNETT,LIB,166,1,126,0,293,167,126
El Paso,121-MONTWOOD HIGH,"JUDGE, COURT OF CRIMINAL APPEALS, PLACE 8",,ELSA ALCALA,REP,263,6,194,0,463,269,194
El Paso,121-MONTWOOD HIGH,"JUDGE, COURT OF CRIMINAL APPEALS, PLACE 8",,WILLIAM BRYAN STRANG,LIB,145,1,110,0,256,146,110
El Paso,121-MONTWOOD HIGH,MEMBER STATE BOARD OF EDUCATION DISTRICT 1,,CARLOS CHARLIE GARZA,REP,161,5,108,0,274,166,108
El Paso,121-MONTWOOD HIGH,MEMBER STATE BOARD OF EDUCATION DISTRICT 1,,MARTHA M. DOMINGUEZ,DEM,360,3,263,2,628,363,265
El Paso,121-MONTWOOD HIGH,STATE SENATOR DISTRICT 29,,DAN CHAVEZ,REP,149,5,107,0,261,154,107
El Paso,121-MONTWOOD HIGH,STATE SENATOR DISTRICT 29,,JOSE R. RODRIGUEZ,DEM,377,3,266,2,648,380,268
El Paso,121-MONTWOOD HIGH,STATE REPRESENTATIVE DISTRICT 79,,JOE C. PICKETT,DEM,432,2,314,2,750,434,316
El Paso,121-MONTWOOD HIGH,"CHIEF JUSTICE, COURT OF APPEALS 8TH DISTRICT",,ANN CRAWFORD MCCLURE,DEM,414,2,300,2,718,416,302
El Paso,121-MONTWOOD HIGH,"JUSTICE, 8TH COURT OF APPEALS DISTRICT, PLACE 2",,CHRIS ANTCLIFF,REP,160,6,96,0,262,166,96
El Paso,121-MONTWOOD HIGH,"JUSTICE, 8TH COURT OF APPEALS DISTRICT, PLACE 2",,YVONNE RODRIGUEZ,DEM,361,2,274,2,639,363,276
El Paso,121-MONTWOOD HIGH,"JUSTICE, 8TH COURT OF APPEALS DISTRICT, PLACE 3",,GUADALUPE LUPE RIVER,DEM,405,2,299,2,708,407,301
El Paso,121-MONTWOOD HIGH,"DISTRICT JUDGE, 34TH JUDICIAL DISTRICT",,BILL MOODY,DEM,414,2,296,2,714,416,298
El Paso,121-MONTWOOD HIGH,"DISTRICT JUDGE, 41ST JUDICIAL DISTRICT",,ANNA PEREZ,DEM,408,2,289,2,701,410,291
El Paso,121-MONTWOOD HIGH,"DISTRICT JUDGE, 243RD JUDICIAL DISTRICT",,BILLY DON HICKS,REP,168,6,104,0,278,174,104
El Paso,121-MONTWOOD HIGH,"DISTRICT JUDGE, 243RD JUDICIAL DISTRICT",,LUIS AGUILAR,DEM,355,2,269,2,628,357,271
El Paso,121-MONTWOOD HIGH,"DISTRICT JUDGE, 346TH JUDICIAL DISTRICT",,ANGIE J. BARILL,DEM,405,2,293,2,702,407,295
El Paso,121-MONTWOOD HIGH,"DISTRICT JUDGE, 383RD JUDICIAL DISTRICT",,MIKE HERRERA,DEM,407,2,300,2,711,409,302
El Paso,121-MONTWOOD HIGH,"DISTRICT JUDGE, 384TH JUDICIAL DISTRICT",,PATRICK M. GARCIA,DEM,405,2,293,2,702,407,295
El Paso,121-MONTWOOD HIGH,"DISTRICT JUDGE, 388TH JUDICIAL DISTRICT",,LAURA STRATHMANN,DEM,409,2,293,2,706,411,295
El Paso,121-MONTWOOD HIGH,"DISTRICT JUDGE, 409TH JUDICIAL DISTRICT",,SAM MEDRANO JR,DEM,406,2,294,2,704,408,296
El Paso,121-MONTWOOD HIGH,"DISTRICT JUDGE, 448TH JUDICIAL DISTRICT",,SERGIO H. ENRIQUEZ,DEM,405,2,292,2,701,407,294
El Paso,121-MONTWOOD HIGH,"CRIMINAL DISTRICT JUDGE, COURT NO. 1",,DIANE NAVARRETE,DEM,404,2,291,2,699,406,293
El Paso,121-MONTWOOD HIGH,"FAMILY DISTRICT JUDGE, 65TH JUDICIAL DISTRICT",,YAHARA L. GUTIERREZ,DEM,405,2,294,2,703,407,296
El Paso,121-MONTWOOD HIGH,"DISTRICT ATTORNEY, 34TH JUDICIAL DISTRICT",,JAIME ESPARZA,DEM,405,2,300,2,709,407,302
El Paso,121-MONTWOOD HIGH,"JUDGE, COUNTY CRIMINAL COURT NO. 3",,CARLOS CARRASCO,DEM,402,2,294,2,700,404,296
El Paso,121-MONTWOOD HIGH,"JUDGE, COUNTY CRIMINAL COURT NO. 4",,JESUS HERRERA,DEM,403,2,293,2,700,405,295
El Paso,121-MONTWOOD HIGH,COUNTY ATTORNEY,,JO ANNE BERNAL,DEM,402,2,295,2,701,404,297
El Paso,121-MONTWOOD HIGH,SHERIFF,,RICHARD D. WILES,DEM,420,2,299,2,723,422,301
El Paso,121-MONTWOOD HIGH,COUNTY TAX ASSESSOR COLLECTOR,,VICTOR A. FLORES,DEM,410,2,292,2,706,412,294
El Paso,121-MONTWOOD HIGH,"COUNTY COMMISSIONER, PRECINCT NO. 1",,BILL LENDERMAN,REP,150,6,93,0,249,156,93
El Paso,121-MONTWOOD HIGH,"COUNTY COMMISSIONER, PRECINCT NO. 1",,CARLOS LEON,DEM,378,2,273,2,655,380,275
El Paso,121-MONTWOOD HIGH,"CONSTABLE, PRECINCT NO. 4",,LUIS LOUIE AGUILAR,DEM,405,2,293,2,702,407,295
El Paso,122-VISTA DEL SOL ELEMENTARY,"CITY OF EL PASO, PROPOSITION",,FOR (A FAVOR),NP,621,12,556,2,1191,633,558
El Paso,122-VISTA DEL SOL ELEMENTARY,"CITY OF EL PASO, PROPOSITION",,AGAINST (EN CONTRA),NP,172,4,115,0,291,176,115
El Paso,122-VISTA DEL SOL ELEMENTARY,"CITY OF EL PASO, PROPOSITION",,FOR (A FAVOR),NP,575,11,533,2,1121,586,535
El Paso,122-VISTA DEL SOL ELEMENTARY,"CITY OF EL PASO, PROPOSITION",,AGAINST (EN CONTRA),NP,188,5,134,0,327,193,134
El Paso,122-VISTA DEL SOL ELEMENTARY,"CITY OF EL PASO, PROPOSITION",,FOR (A FAVOR),NP,497,11,452,2,962,508,454
El Paso,122-VISTA DEL SOL ELEMENTARY,"CITY OF EL PASO, PROPOSITION",,AGAINST (EN CONTRA),NP,277,3,211,0,491,280,211
El Paso,122-VISTA DEL SOL ELEMENTARY,STRAIGHT PARTY,,REPUBLICAN,REP,109,5,83,0,197,114,83
El Paso,122-VISTA DEL SOL ELEMENTARY,STRAIGHT PARTY,,DEMOCRAT,DEM,366,8,395,1,770,374,396
El Paso,122-VISTA DEL SOL ELEMENTARY,STRAIGHT PARTY,,LIBERTARIAN,LIB,0,0,1,0,1,0,1
El Paso,122-VISTA DEL SOL ELEMENTARY,STRAIGHT PARTY,,GREEN,GRN,2,0,2,0,4,2,2
El Paso,122-VISTA DEL SOL ELEMENTARY,US PRESIDENT,,MITT ROMNEY,REP,220,6,142,0,368,226,142
El Paso,122-VISTA DEL SOL ELEMENTARY,US PRESIDENT,,BARACK OBAMA,DEM,568,11,534,2,1115,579,536
El Paso,122-VISTA DEL SOL ELEMENTARY,US PRESIDENT,,GARY JOHNSON,LIB,2,0,5,0,7,2,5
El Paso,122-VISTA DEL SOL ELEMENTARY,US PRESIDENT,,JILL STEIN,GRN,5,0,2,0,7,5,2
El Paso,122-VISTA DEL SOL ELEMENTARY,US PRESIDENT,,WRITE-IN,NP,1,0,0,0,1,1,0
El Paso,122-VISTA DEL SOL ELEMENTARY,US SENATOR,,TED CRUZ,REP,243,7,165,1,416,250,166
El Paso,122-VISTA DEL SOL ELEMENTARY,US SENATOR,,PAUL SADLER,DEM,513,10,482,1,1006,523,483
El Paso,122-VISTA DEL SOL ELEMENTARY,US SENATOR,,JOHN JAY MYERS,LIB,12,0,10,0,22,12,10
El Paso,122-VISTA DEL SOL ELEMENTARY,US SENATOR,,DAVID B. COLLINS,GRN,13,0,10,0,23,13,10
El Paso,122-VISTA DEL SOL ELEMENTARY,US REP DISTRICT 16,,BARBARA CARRASCO,REP,201,6,156,0,363,207,156
El Paso,122-VISTA DEL SOL ELEMENTARY,US REP DISTRICT 16,,BETO OROURKE,DEM,567,11,506,2,1086,578,508
El Paso,122-VISTA DEL SOL ELEMENTARY,US REP DISTRICT 16,,JUNART SODOY,LIB,14,0,12,0,26,14,12
El Paso,122-VISTA DEL SOL ELEMENTARY,RAILROAD COMMISSIONER,,CHRISTI CRADDICK,REP,202,6,137,0,345,208,137
El Paso,122-VISTA DEL SOL ELEMENTARY,RAILROAD COMMISSIONER,,DALE HENRY,DEM,511,11,482,2,1006,522,484
El Paso,122-VISTA DEL SOL ELEMENTARY,RAILROAD COMMISSIONER,,VIVEKANANDA (VIK) WA,LIB,14,0,10,0,24,14,10
El Paso,122-VISTA DEL SOL ELEMENTARY,RAILROAD COMMISSIONER,,CHRIS KENNEDY,GRN,27,0,21,0,48,27,21
El Paso,122-VISTA DEL SOL ELEMENTARY,RAILROAD COMMISSIONER,,BARRY SMITHERMAN,REP,251,7,184,0,442,258,184
El Paso,122-VISTA DEL SOL ELEMENTARY,RAILROAD COMMISSIONER,,JAIME O. PEREZ,LIB,303,4,262,1,570,307,263
El Paso,122-VISTA DEL SOL ELEMENTARY,RAILROAD COMMISSIONER,,JOSH WENDEL,GRN,63,1,57,0,121,64,57
El Paso,122-VISTA DEL SOL ELEMENTARY,"JUSTICE, SUPREME COURT, PLACE 2",,DON WILLETT,REP,337,8,255,0,600,345,255
El Paso,122-VISTA DEL SOL ELEMENTARY,"JUSTICE, SUPREME COURT, PLACE 2",,RS ROBERT KOELSCH,LIB,261,4,250,1,516,265,251
El Paso,122-VISTA DEL SOL ELEMENTARY,"JUSTICE, SUPREME COURT, PLACE 4",,JOHN DEVINE,REP,305,7,237,0,549,312,237
El Paso,122-VISTA DEL SOL ELEMENTARY,"JUSTICE, SUPREME COURT, PLACE 4",,TOM OXFORD,LIB,206,4,190,1,401,210,191
El Paso,122-VISTA DEL SOL ELEMENTARY,"JUSTICE, SUPREME COURT, PLACE 4",,CHARLES E. WATERBURY,GRN,81,1,71,0,153,82,71
El Paso,122-VISTA DEL SOL ELEMENTARY,"JUSTICE, SUPREME COURT, PLACE 6",,NATHAN HECHT,REP,191,7,132,0,330,198,132
El Paso,122-VISTA DEL SOL ELEMENTARY,"JUSTICE, SUPREME COURT, PLACE 6",,MICHELE PETTY,DEM,529,10,506,2,1047,539,508
El Paso,122-VISTA DEL SOL ELEMENTARY,"JUSTICE, SUPREME COURT, PLACE 6",,MARK ASH,LIB,20,0,13,0,33,20,13
El Paso,122-VISTA DEL SOL ELEMENTARY,"JUSTICE, SUPREME COURT, PLACE 6",,JIM CHISHOLM,GRN,19,0,7,0,26,19,7
El Paso,122-VISTA DEL SOL ELEMENTARY,"PRESIDING JUDGE, COURT OF CRIMINAL APPEALS",,SHARON KELLER,REP,219,5,154,0,378,224,154
El Paso,122-VISTA DEL SOL ELEMENTARY,"PRESIDING JUDGE, COURT OF CRIMINAL APPEALS",,KEITH HAMPTON,DEM,518,11,488,2,1019,529,490
El Paso,122-VISTA DEL SOL ELEMENTARY,"PRESIDING JUDGE, COURT OF CRIMINAL APPEALS",,LANCE STOTT,LIB,19,0,17,0,36,19,17
El Paso,122-VISTA DEL SOL ELEMENTARY,"JUDGE, COURT OF CRIMINAL APPEALS, PLACE 7",,BARBARA PARKER HERVE,REP,340,7,262,0,609,347,262
El Paso,122-VISTA DEL SOL ELEMENTARY,"JUDGE, COURT OF CRIMINAL APPEALS, PLACE 7",,MARK W. BENNETT,LIB,250,4,235,1,490,254,236
El Paso,122-VISTA DEL SOL ELEMENTARY,"JUDGE, COURT OF CRIMINAL APPEALS, PLACE 8",,ELSA ALCALA,REP,372,7,284,1,664,379,285
El Paso,122-VISTA DEL SOL ELEMENTARY,"JUDGE, COURT OF CRIMINAL APPEALS, PLACE 8",,WILLIAM BRYAN STRANG,LIB,222,4,211,0,437,226,211
El Paso,122-VISTA DEL SOL ELEMENTARY,MEMBER STATE BOARD OF EDUCATION DISTRICT 1,,CARLOS CHARLIE GARZA,REP,220,6,144,0,370,226,144
El Paso,122-VISTA DEL SOL ELEMENTARY,MEMBER STATE BOARD OF EDUCATION DISTRICT 1,,MARTHA M. DOMINGUEZ,DEM,544,10,510,2,1066,554,512
El Paso,122-VISTA DEL SOL ELEMENTARY,STATE SENATOR DISTRICT 29,,DAN CHAVEZ,REP,208,6,141,0,355,214,141
El Paso,122-VISTA DEL SOL ELEMENTARY,STATE SENATOR DISTRICT 29,,JOSE R. RODRIGUEZ,DEM,570,10,520,2,1102,580,522
El Paso,122-VISTA DEL SOL ELEMENTARY,STATE REPRESENTATIVE DISTRICT 79,,JOE C. PICKETT,DEM,643,10,575,2,1230,653,577
El Paso,122-VISTA DEL SOL ELEMENTARY,"CHIEF JUSTICE, COURT OF APPEALS 8TH DISTRICT",,ANN CRAWFORD MCCLURE,DEM,612,11,558,2,1183,623,560
El Paso,122-VISTA DEL SOL ELEMENTARY,"JUSTICE, 8TH COURT OF APPEALS DISTRICT, PLACE 2",,CHRIS ANTCLIFF,REP,209,6,144,0,359,215,144
El Paso,122-VISTA DEL SOL ELEMENTARY,"JUSTICE, 8TH COURT OF APPEALS DISTRICT, PLACE 2",,YVONNE RODRIGUEZ,DEM,556,10,510,2,1078,566,512
El Paso,122-VISTA DEL SOL ELEMENTARY,"JUSTICE, 8TH COURT OF APPEALS DISTRICT, PLACE 3",,GUADALUPE LUPE RIVER,DEM,622,11,568,2,1203,633,570
El Paso,122-VISTA DEL SOL ELEMENTARY,"DISTRICT JUDGE, 34TH JUDICIAL DISTRICT",,BILL MOODY,DEM,624,11,557,2,1194,635,559
El Paso,122-VISTA DEL SOL ELEMENTARY,"DISTRICT JUDGE, 41ST JUDICIAL DISTRICT",,ANNA PEREZ,DEM,616,11,563,2,1192,627,565
El Paso,122-VISTA DEL SOL ELEMENTARY,"DISTRICT JUDGE, 243RD JUDICIAL DISTRICT",,BILLY DON HICKS,REP,229,6,142,0,377,235,142
El Paso,122-VISTA DEL SOL ELEMENTARY,"DISTRICT JUDGE, 243RD JUDICIAL DISTRICT",,LUIS AGUILAR,DEM,537,10,513,2,1062,547,515
El Paso,122-VISTA DEL SOL ELEMENTARY,"DISTRICT JUDGE, 346TH JUDICIAL DISTRICT",,ANGIE J. BARILL,DEM,616,11,560,2,1189,627,562
El Paso,122-VISTA DEL SOL ELEMENTARY,"DISTRICT JUDGE, 383RD JUDICIAL DISTRICT",,MIKE HERRERA,DEM,618,11,560,2,1191,629,562
El Paso,122-VISTA DEL SOL ELEMENTARY,"DISTRICT JUDGE, 384TH JUDICIAL DISTRICT",,PATRICK M. GARCIA,DEM,610,11,558,2,1181,621,560
El Paso,122-VISTA DEL SOL ELEMENTARY,"DISTRICT JUDGE, 388TH JUDICIAL DISTRICT",,LAURA STRATHMANN,DEM,622,11,550,2,1185,633,552
El Paso,122-VISTA DEL SOL ELEMENTARY,"DISTRICT JUDGE, 409TH JUDICIAL DISTRICT",,SAM MEDRANO JR,DEM,605,11,557,2,1175,616,559
El Paso,122-VISTA DEL SOL ELEMENTARY,"DISTRICT JUDGE, 448TH JUDICIAL DISTRICT",,SERGIO H. ENRIQUEZ,DEM,615,11,553,2,1181,626,555
El Paso,122-VISTA DEL SOL ELEMENTARY,"CRIMINAL DISTRICT JUDGE, COURT NO. 1",,DIANE NAVARRETE,DEM,612,11,556,2,1181,623,558
El Paso,122-VISTA DEL SOL ELEMENTARY,"FAMILY DISTRICT JUDGE, 65TH JUDICIAL DISTRICT",,YAHARA L. GUTIERREZ,DEM,607,11,557,2,1177,618,559
El Paso,122-VISTA DEL SOL ELEMENTARY,"DISTRICT ATTORNEY, 34TH JUDICIAL DISTRICT",,JAIME ESPARZA,DEM,599,11,558,2,1170,610,560
El Paso,122-VISTA DEL SOL ELEMENTARY,"JUDGE, COUNTY CRIMINAL COURT NO. 3",,CARLOS CARRASCO,DEM,601,11,557,2,1171,612,559
El Paso,122-VISTA DEL SOL ELEMENTARY,"JUDGE, COUNTY CRIMINAL COURT NO. 4",,JESUS HERRERA,DEM,600,11,555,2,1168,611,557
El Paso,122-VISTA DEL SOL ELEMENTARY,COUNTY ATTORNEY,,JO ANNE BERNAL,DEM,602,11,556,2,1171,613,558
El Paso,122-VISTA DEL SOL ELEMENTARY,SHERIFF,,RICHARD D. WILES,DEM,623,11,560,2,1196,634,562
El Paso,122-VISTA DEL SOL ELEMENTARY,COUNTY TAX ASSESSOR COLLECTOR,,VICTOR A. FLORES,DEM,610,11,557,2,1180,621,559
El Paso,122-VISTA DEL SOL ELEMENTARY,"COUNTY COMMISSIONER, PRECINCT NO. 1",,BILL LENDERMAN,REP,203,6,131,1,341,209,132
El Paso,122-VISTA DEL SOL ELEMENTARY,"COUNTY COMMISSIONER, PRECINCT NO. 1",,CARLOS LEON,DEM,564,10,517,1,1092,574,518
El Paso,122-VISTA DEL SOL ELEMENTARY,"CONSTABLE, PRECINCT NO. 4",,LUIS LOUIE AGUILAR,DEM,599,11,558,2,1170,610,560
El Paso,123-MYRTLE COOPER ELEMENTARY,"CITY OF EL PASO, PROPOSITION",,FOR (A FAVOR),NP,473,7,541,1,1022,480,542
El Paso,123-MYRTLE COOPER ELEMENTARY,"CITY OF EL PASO, PROPOSITION",,AGAINST (EN CONTRA),NP,118,1,93,0,212,119,93
El Paso,123-MYRTLE COOPER ELEMENTARY,"CITY OF EL PASO, PROPOSITION",,FOR (A FAVOR),NP,438,7,502,1,948,445,503
El Paso,123-MYRTLE COOPER ELEMENTARY,"CITY OF EL PASO, PROPOSITION",,AGAINST (EN CONTRA),NP,136,1,122,0,259,137,122
El Paso,123-MYRTLE COOPER ELEMENTARY,"CITY OF EL PASO, PROPOSITION",,FOR (A FAVOR),NP,378,6,425,1,810,384,426
El Paso,123-MYRTLE COOPER ELEMENTARY,"CITY OF EL PASO, PROPOSITION",,AGAINST (EN CONTRA),NP,202,4,201,0,407,206,201
El Paso,123-MYRTLE COOPER ELEMENTARY,STRAIGHT PARTY,,REPUBLICAN,REP,98,4,92,0,194,102,92
El Paso,123-MYRTLE COOPER ELEMENTARY,STRAIGHT PARTY,,DEMOCRAT,DEM,306,2,364,0,672,308,364
El Paso,123-MYRTLE COOPER ELEMENTARY,STRAIGHT PARTY,,LIBERTARIAN,LIB,1,0,6,0,7,1,6
El Paso,123-MYRTLE COOPER ELEMENTARY,STRAIGHT PARTY,,GREEN,GRN,2,0,0,0,2,2,0
El Paso,123-MYRTLE COOPER ELEMENTARY,US PRESIDENT,,MITT ROMNEY,REP,165,6,132,0,303,171,132
El Paso,123-MYRTLE COOPER ELEMENTARY,US PRESIDENT,,BARACK OBAMA,DEM,438,5,503,1,947,443,504
El Paso,123-MYRTLE COOPER ELEMENTARY,US PRESIDENT,,GARY JOHNSON,LIB,5,0,7,0,12,5,7
El Paso,123-MYRTLE COOPER ELEMENTARY,US PRESIDENT,,JILL STEIN,GRN,3,0,1,0,4,3,1
El Paso,123-MYRTLE COOPER ELEMENTARY,US PRESIDENT,,WRITE-IN,NP,0,0,3,0,3,0,3
El Paso,123-MYRTLE COOPER ELEMENTARY,US SENATOR,,TED CRUZ,REP,180,6,172,0,358,186,172
El Paso,123-MYRTLE COOPER ELEMENTARY,US SENATOR,,PAUL SADLER,DEM,397,2,427,1,827,399,428
El Paso,123-MYRTLE COOPER ELEMENTARY,US SENATOR,,JOHN JAY MYERS,LIB,13,1,15,0,29,14,15
El Paso,123-MYRTLE COOPER ELEMENTARY,US SENATOR,,DAVID B. COLLINS,GRN,5,0,15,0,20,5,15
El Paso,123-MYRTLE COOPER ELEMENTARY,US REP DISTRICT 16,,BARBARA CARRASCO,REP,162,6,162,0,330,168,162
El Paso,123-MYRTLE COOPER ELEMENTARY,US REP DISTRICT 16,,BETO OROURKE,DEM,431,2,466,1,900,433,467
El Paso,123-MYRTLE COOPER ELEMENTARY,US REP DISTRICT 16,,JUNART SODOY,LIB,11,1,10,0,22,12,10
El Paso,123-MYRTLE COOPER ELEMENTARY,RAILROAD COMMISSIONER,,CHRISTI CRADDICK,REP,152,6,140,0,298,158,140
El Paso,123-MYRTLE COOPER ELEMENTARY,RAILROAD COMMISSIONER,,DALE HENRY,DEM,404,3,445,1,853,407,446
El Paso,123-MYRTLE COOPER ELEMENTARY,RAILROAD COMMISSIONER,,VIVEKANANDA (VIK) WA,LIB,12,0,12,0,24,12,12
El Paso,123-MYRTLE COOPER ELEMENTARY,RAILROAD COMMISSIONER,,CHRIS KENNEDY,GRN,17,0,21,0,38,17,21
El Paso,123-MYRTLE COOPER ELEMENTARY,RAILROAD COMMISSIONER,,BARRY SMITHERMAN,REP,189,6,172,1,368,195,173
El Paso,123-MYRTLE COOPER ELEMENTARY,RAILROAD COMMISSIONER,,JAIME O. PEREZ,LIB,236,3,290,0,529,239,290
El Paso,123-MYRTLE COOPER ELEMENTARY,RAILROAD COMMISSIONER,,JOSH WENDEL,GRN,40,0,59,0,99,40,59
El Paso,123-MYRTLE COOPER ELEMENTARY,"JUSTICE, SUPREME COURT, PLACE 2",,DON WILLETT,REP,242,6,265,1,514,248,266
El Paso,123-MYRTLE COOPER ELEMENTARY,"JUSTICE, SUPREME COURT, PLACE 2",,RS ROBERT KOELSCH,LIB,205,3,255,0,463,208,255
El Paso,123-MYRTLE COOPER ELEMENTARY,"JUSTICE, SUPREME COURT, PLACE 4",,JOHN DEVINE,REP,225,6,230,0,461,231,230
El Paso,123-MYRTLE COOPER ELEMENTARY,"JUSTICE, SUPREME COURT, PLACE 4",,TOM OXFORD,LIB,149,3,194,1,347,152,195
El Paso,123-MYRTLE COOPER ELEMENTARY,"JUSTICE, SUPREME COURT, PLACE 4",,CHARLES E. WATERBURY,GRN,70,0,89,0,159,70,89
El Paso,123-MYRTLE COOPER ELEMENTARY,"JUSTICE, SUPREME COURT, PLACE 6",,NATHAN HECHT,REP,149,6,130,0,285,155,130
El Paso,123-MYRTLE COOPER ELEMENTARY,"JUSTICE, SUPREME COURT, PLACE 6",,MICHELE PETTY,DEM,403,2,457,1,863,405,458
El Paso,123-MYRTLE COOPER ELEMENTARY,"JUSTICE, SUPREME COURT, PLACE 6",,MARK ASH,LIB,15,1,15,0,31,16,15
El Paso,123-MYRTLE COOPER ELEMENTARY,"JUSTICE, SUPREME COURT, PLACE 6",,JIM CHISHOLM,GRN,13,0,14,0,27,13,14
El Paso,123-MYRTLE COOPER ELEMENTARY,"PRESIDING JUDGE, COURT OF CRIMINAL APPEALS",,SHARON KELLER,REP,165,6,150,0,321,171,150
El Paso,123-MYRTLE COOPER ELEMENTARY,"PRESIDING JUDGE, COURT OF CRIMINAL APPEALS",,KEITH HAMPTON,DEM,402,3,448,1,854,405,449
El Paso,123-MYRTLE COOPER ELEMENTARY,"PRESIDING JUDGE, COURT OF CRIMINAL APPEALS",,LANCE STOTT,LIB,17,0,19,0,36,17,19
El Paso,123-MYRTLE COOPER ELEMENTARY,"JUDGE, COURT OF CRIMINAL APPEALS, PLACE 7",,BARBARA PARKER HERVE,REP,244,7,263,0,514,251,263
El Paso,123-MYRTLE COOPER ELEMENTARY,"JUDGE, COURT OF CRIMINAL APPEALS, PLACE 7",,MARK W. BENNETT,LIB,195,2,243,1,441,197,244
El Paso,123-MYRTLE COOPER ELEMENTARY,"JUDGE, COURT OF CRIMINAL APPEALS, PLACE 8",,ELSA ALCALA,REP,266,7,280,0,553,273,280
El Paso,123-MYRTLE COOPER ELEMENTARY,"JUDGE, COURT OF CRIMINAL APPEALS, PLACE 8",,WILLIAM BRYAN STRANG,LIB,173,2,225,1,401,175,226
El Paso,123-MYRTLE COOPER ELEMENTARY,MEMBER STATE BOARD OF EDUCATION DISTRICT 1,,CARLOS CHARLIE GARZA,REP,168,6,144,0,318,174,144
El Paso,123-MYRTLE COOPER ELEMENTARY,MEMBER STATE BOARD OF EDUCATION DISTRICT 1,,MARTHA M. DOMINGUEZ,DEM,410,3,480,1,894,413,481
El Paso,123-MYRTLE COOPER ELEMENTARY,STATE SENATOR DISTRICT 29,,DAN CHAVEZ,REP,153,6,134,0,293,159,134
El Paso,123-MYRTLE COOPER ELEMENTARY,STATE SENATOR DISTRICT 29,,JOSE R. RODRIGUEZ,DEM,440,3,491,1,935,443,492
El Paso,123-MYRTLE COOPER ELEMENTARY,STATE REPRESENTATIVE DISTRICT 79,,JOE C. PICKETT,DEM,476,6,520,1,1003,482,521
El Paso,123-MYRTLE COOPER ELEMENTARY,"CHIEF JUSTICE, COURT OF APPEALS 8TH DISTRICT",,ANN CRAWFORD MCCLURE,DEM,459,5,516,1,981,464,517
El Paso,123-MYRTLE COOPER ELEMENTARY,"JUSTICE, 8TH COURT OF APPEALS DISTRICT, PLACE 2",,CHRIS ANTCLIFF,REP,166,6,136,0,308,172,136
El Paso,123-MYRTLE COOPER ELEMENTARY,"JUSTICE, 8TH COURT OF APPEALS DISTRICT, PLACE 2",,YVONNE RODRIGUEZ,DEM,419,3,481,1,904,422,482
El Paso,123-MYRTLE COOPER ELEMENTARY,"JUSTICE, 8TH COURT OF APPEALS DISTRICT, PLACE 3",,GUADALUPE LUPE RIVER,DEM,468,5,518,1,992,473,519
El Paso,123-MYRTLE COOPER ELEMENTARY,"DISTRICT JUDGE, 34TH JUDICIAL DISTRICT",,BILL MOODY,DEM,466,5,516,1,988,471,517
El Paso,123-MYRTLE COOPER ELEMENTARY,"DISTRICT JUDGE, 41ST JUDICIAL DISTRICT",,ANNA PEREZ,DEM,461,6,518,1,986,467,519
El Paso,123-MYRTLE COOPER ELEMENTARY,"DISTRICT JUDGE, 243RD JUDICIAL DISTRICT",,BILLY DON HICKS,REP,168,6,143,0,317,174,143
El Paso,123-MYRTLE COOPER ELEMENTARY,"DISTRICT JUDGE, 243RD JUDICIAL DISTRICT",,LUIS AGUILAR,DEM,416,3,478,1,898,419,479
El Paso,123-MYRTLE COOPER ELEMENTARY,"DISTRICT JUDGE, 346TH JUDICIAL DISTRICT",,ANGIE J. BARILL,DEM,456,5,516,1,978,461,517
El Paso,123-MYRTLE COOPER ELEMENTARY,"DISTRICT JUDGE, 383RD JUDICIAL DISTRICT",,MIKE HERRERA,DEM,455,5,518,1,979,460,519
El Paso,123-MYRTLE COOPER ELEMENTARY,"DISTRICT JUDGE, 384TH JUDICIAL DISTRICT",,PATRICK M. GARCIA,DEM,450,5,516,1,972,455,517
El Paso,123-MYRTLE COOPER ELEMENTARY,"DISTRICT JUDGE, 388TH JUDICIAL DISTRICT",,LAURA STRATHMANN,DEM,454,5,518,1,978,459,519
El Paso,123-MYRTLE COOPER ELEMENTARY,"DISTRICT JUDGE, 409TH JUDICIAL DISTRICT",,SAM MEDRANO JR,DEM,452,5,516,1,974,457,517
El Paso,123-MYRTLE COOPER ELEMENTARY,"DISTRICT JUDGE, 448TH JUDICIAL DISTRICT",,SERGIO H. ENRIQUEZ,DEM,451,5,510,1,967,456,511
El Paso,123-MYRTLE COOPER ELEMENTARY,"CRIMINAL DISTRICT JUDGE, COURT NO. 1",,DIANE NAVARRETE,DEM,449,5,514,1,969,454,515
El Paso,123-MYRTLE COOPER ELEMENTARY,"FAMILY DISTRICT JUDGE, 65TH JUDICIAL DISTRICT",,YAHARA L. GUTIERREZ,DEM,448,5,519,1,973,453,520
El Paso,123-MYRTLE COOPER ELEMENTARY,"DISTRICT ATTORNEY, 34TH JUDICIAL DISTRICT",,JAIME ESPARZA,DEM,459,5,511,1,976,464,512
El Paso,123-MYRTLE COOPER ELEMENTARY,"JUDGE, COUNTY CRIMINAL COURT NO. 3",,CARLOS CARRASCO,DEM,448,5,509,1,963,453,510
El Paso,123-MYRTLE COOPER ELEMENTARY,"JUDGE, COUNTY CRIMINAL COURT NO. 4",,JESUS HERRERA,DEM,447,5,508,1,961,452,509
El Paso,123-MYRTLE COOPER ELEMENTARY,COUNTY ATTORNEY,,JO ANNE BERNAL,DEM,454,5,512,1,972,459,513
El Paso,123-MYRTLE COOPER ELEMENTARY,SHERIFF,,RICHARD D. WILES,DEM,463,5,523,1,992,468,524
El Paso,123-MYRTLE COOPER ELEMENTARY,COUNTY TAX ASSESSOR COLLECTOR,,VICTOR A. FLORES,DEM,453,6,522,1,982,459,523
El Paso,123-MYRTLE COOPER ELEMENTARY,"COUNTY COMMISSIONER, PRECINCT NO. 1",,BILL LENDERMAN,REP,159,6,131,0,296,165,131
El Paso,123-MYRTLE COOPER ELEMENTARY,"COUNTY COMMISSIONER, PRECINCT NO. 1",,CARLOS LEON,DEM,424,3,483,1,911,427,484
El Paso,123-MYRTLE COOPER ELEMENTARY,"CONSTABLE, PRECINCT NO. 4",,LUIS LOUIE AGUILAR,DEM,452,5,513,1,971,457,514
El Paso,124-SIERRA VISTA ELEMENTARY,"CITY OF EL PASO, PROPOSITION",,FOR (A FAVOR),NP,441,5,364,0,810,446,364
El Paso,124-SIERRA VISTA ELEMENTARY,"CITY OF EL PASO, PROPOSITION",,AGAINST (EN CONTRA),NP,108,1,78,0,187,109,78
El Paso,124-SIERRA VISTA ELEMENTARY,"CITY OF EL PASO, PROPOSITION",,FOR (A FAVOR),NP,401,4,325,0,730,405,325
El Paso,124-SIERRA VISTA ELEMENTARY,"CITY OF EL PASO, PROPOSITION",,AGAINST (EN CONTRA),NP,128,2,102,0,232,130,102
El Paso,124-SIERRA VISTA ELEMENTARY,"CITY OF EL PASO, PROPOSITION",,FOR (A FAVOR),NP,340,1,279,0,620,341,279
El Paso,124-SIERRA VISTA ELEMENTARY,"CITY OF EL PASO, PROPOSITION",,AGAINST (EN CONTRA),NP,198,5,160,0,363,203,160
El Paso,124-SIERRA VISTA ELEMENTARY,STRAIGHT PARTY,,REPUBLICAN,REP,82,5,50,0,137,87,50
El Paso,124-SIERRA VISTA ELEMENTARY,STRAIGHT PARTY,,DEMOCRAT,DEM,293,1,270,0,564,294,270
El Paso,124-SIERRA VISTA ELEMENTARY,STRAIGHT PARTY,,LIBERTARIAN,LIB,5,0,4,0,9,5,4
El Paso,124-SIERRA VISTA ELEMENTARY,STRAIGHT PARTY,,GREEN,GRN,1,0,2,0,3,1,2
El Paso,124-SIERRA VISTA ELEMENTARY,US PRESIDENT,,MITT ROMNEY,REP,140,5,90,0,235,145,90
El Paso,124-SIERRA VISTA ELEMENTARY,US PRESIDENT,,BARACK OBAMA,DEM,398,3,357,0,758,401,357
El Paso,124-SIERRA VISTA ELEMENTARY,US PRESIDENT,,GARY JOHNSON,LIB,4,0,1,0,5,4,1
El Paso,124-SIERRA VISTA ELEMENTARY,US PRESIDENT,,JILL STEIN,GRN,1,0,3,0,4,1,3
El Paso,124-SIERRA VISTA ELEMENTARY,US PRESIDENT,,WRITE-IN,NP,0,0,0,0,0,0,0
El Paso,124-SIERRA VISTA ELEMENTARY,US SENATOR,,TED CRUZ,REP,161,5,117,0,283,166,117
El Paso,124-SIERRA VISTA ELEMENTARY,US SENATOR,,PAUL SADLER,DEM,354,2,305,0,661,356,305
El Paso,124-SIERRA VISTA ELEMENTARY,US SENATOR,,JOHN JAY MYERS,LIB,14,0,6,0,20,14,6
El Paso,124-SIERRA VISTA ELEMENTARY,US SENATOR,,DAVID B. COLLINS,GRN,6,1,3,0,10,7,3
El Paso,124-SIERRA VISTA ELEMENTARY,US REP DISTRICT 16,,BARBARA CARRASCO,REP,153,5,121,0,279,158,121
El Paso,124-SIERRA VISTA ELEMENTARY,US REP DISTRICT 16,,BETO OROURKE,DEM,382,3,312,0,697,385,312
El Paso,124-SIERRA VISTA ELEMENTARY,US REP DISTRICT 16,,JUNART SODOY,LIB,8,0,6,0,14,8,6
El Paso,124-SIERRA VISTA ELEMENTARY,RAILROAD COMMISSIONER,,CHRISTI CRADDICK,REP,139,5,86,0,230,144,86
El Paso,124-SIERRA VISTA ELEMENTARY,RAILROAD COMMISSIONER,,DALE HENRY,DEM,364,3,313,0,680,367,313
El Paso,124-SIERRA VISTA ELEMENTARY,RAILROAD COMMISSIONER,,VIVEKANANDA (VIK) WA,LIB,9,0,12,0,21,9,12
El Paso,124-SIERRA VISTA ELEMENTARY,RAILROAD COMMISSIONER,,CHRIS KENNEDY,GRN,13,0,12,0,25,13,12
El Paso,124-SIERRA VISTA ELEMENTARY,RAILROAD COMMISSIONER,,BARRY SMITHERMAN,REP,156,5,116,0,277,161,116
El Paso,124-SIERRA VISTA ELEMENTARY,RAILROAD COMMISSIONER,,JAIME O. PEREZ,LIB,238,1,206,0,445,239,206
El Paso,124-SIERRA VISTA ELEMENTARY,RAILROAD COMMISSIONER,,JOSH WENDEL,GRN,34,0,29,0,63,34,29
El Paso,124-SIERRA VISTA ELEMENTARY,"JUSTICE, SUPREME COURT, PLACE 2",,DON WILLETT,REP,233,5,175,0,413,238,175
El Paso,124-SIERRA VISTA ELEMENTARY,"JUSTICE, SUPREME COURT, PLACE 2",,RS ROBERT KOELSCH,LIB,188,1,166,0,355,189,166
El Paso,124-SIERRA VISTA ELEMENTARY,"JUSTICE, SUPREME COURT, PLACE 4",,JOHN DEVINE,REP,233,6,150,0,389,239,150
El Paso,124-SIERRA VISTA ELEMENTARY,"JUSTICE, SUPREME COURT, PLACE 4",,TOM OXFORD,LIB,135,0,136,0,271,135,136
El Paso,124-SIERRA VISTA ELEMENTARY,"JUSTICE, SUPREME COURT, PLACE 4",,CHARLES E. WATERBURY,GRN,55,0,58,0,113,55,58
El Paso,124-SIERRA VISTA ELEMENTARY,"JUSTICE, SUPREME COURT, PLACE 6",,NATHAN HECHT,REP,123,5,77,0,205,128,77
El Paso,124-SIERRA VISTA ELEMENTARY,"JUSTICE, SUPREME COURT, PLACE 6",,MICHELE PETTY,DEM,377,3,324,0,704,380,324
El Paso,124-SIERRA VISTA ELEMENTARY,"JUSTICE, SUPREME COURT, PLACE 6",,MARK ASH,LIB,14,0,16,0,30,14,16
El Paso,124-SIERRA VISTA ELEMENTARY,"JUSTICE, SUPREME COURT, PLACE 6",,JIM CHISHOLM,GRN,11,0,7,0,18,11,7
El Paso,124-SIERRA VISTA ELEMENTARY,"PRESIDING JUDGE, COURT OF CRIMINAL APPEALS",,SHARON KELLER,REP,148,5,87,0,240,153,87
El Paso,124-SIERRA VISTA ELEMENTARY,"PRESIDING JUDGE, COURT OF CRIMINAL APPEALS",,KEITH HAMPTON,DEM,365,2,318,0,685,367,318
El Paso,124-SIERRA VISTA ELEMENTARY,"PRESIDING JUDGE, COURT OF CRIMINAL APPEALS",,LANCE STOTT,LIB,15,0,18,0,33,15,18
El Paso,124-SIERRA VISTA ELEMENTARY,"JUDGE, COURT OF CRIMINAL APPEALS, PLACE 7",,BARBARA PARKER HERVE,REP,247,6,182,0,435,253,182
El Paso,124-SIERRA VISTA ELEMENTARY,"JUDGE, COURT OF CRIMINAL APPEALS, PLACE 7",,MARK W. BENNETT,LIB,177,0,157,0,334,177,157
El Paso,124-SIERRA VISTA ELEMENTARY,"JUDGE, COURT OF CRIMINAL APPEALS, PLACE 8",,ELSA ALCALA,REP,276,6,194,0,476,282,194
El Paso,124-SIERRA VISTA ELEMENTARY,"JUDGE, COURT OF CRIMINAL APPEALS, PLACE 8",,WILLIAM BRYAN STRANG,LIB,143,0,141,0,284,143,141
El Paso,124-SIERRA VISTA ELEMENTARY,MEMBER STATE BOARD OF EDUCATION DISTRICT 1,,CARLOS CHARLIE GARZA,REP,151,5,91,0,247,156,91
El Paso,124-SIERRA VISTA ELEMENTARY,MEMBER STATE BOARD OF EDUCATION DISTRICT 1,,MARTHA M. DOMINGUEZ,DEM,375,2,329,0,706,377,329
El Paso,124-SIERRA VISTA ELEMENTARY,STATE SENATOR DISTRICT 29,,DAN CHAVEZ,REP,130,5,88,0,223,135,88
El Paso,124-SIERRA VISTA ELEMENTARY,STATE SENATOR DISTRICT 29,,JOSE R. RODRIGUEZ,DEM,402,2,344,0,748,404,344
El Paso,124-SIERRA VISTA ELEMENTARY,STATE REPRESENTATIVE DISTRICT 75,,MARY E. GONZALEZ,DEM,429,2,361,0,792,431,361
El Paso,124-SIERRA VISTA ELEMENTARY,"CHIEF JUSTICE, COURT OF APPEALS 8TH DISTRICT",,ANN CRAWFORD MCCLURE,DEM,426,1,358,0,785,427,358
El Paso,124-SIERRA VISTA ELEMENTARY,"JUSTICE, 8TH COURT OF APPEALS DISTRICT, PLACE 2",,CHRIS ANTCLIFF,REP,136,5,90,0,231,141,90
El Paso,124-SIERRA VISTA ELEMENTARY,"JUSTICE, 8TH COURT OF APPEALS DISTRICT, PLACE 2",,YVONNE RODRIGUEZ,DEM,390,2,334,0,726,392,334
El Paso,124-SIERRA VISTA ELEMENTARY,"JUSTICE, 8TH COURT OF APPEALS DISTRICT, PLACE 3",,GUADALUPE LUPE RIVER,DEM,434,2,358,0,794,436,358
El Paso,124-SIERRA VISTA ELEMENTARY,"DISTRICT JUDGE, 34TH JUDICIAL DISTRICT",,BILL MOODY,DEM,424,2,361,0,787,426,361
El Paso,124-SIERRA VISTA ELEMENTARY,"DISTRICT JUDGE, 41ST JUDICIAL DISTRICT",,ANNA PEREZ,DEM,428,1,356,0,785,429,356
El Paso,124-SIERRA VISTA ELEMENTARY,"DISTRICT JUDGE, 243RD JUDICIAL DISTRICT",,BILLY DON HICKS,REP,143,5,84,0,232,148,84
El Paso,124-SIERRA VISTA ELEMENTARY,"DISTRICT JUDGE, 243RD JUDICIAL DISTRICT",,LUIS AGUILAR,DEM,384,2,343,0,729,386,343
El Paso,124-SIERRA VISTA ELEMENTARY,"DISTRICT JUDGE, 346TH JUDICIAL DISTRICT",,ANGIE J. BARILL,DEM,424,1,355,0,780,425,355
El Paso,124-SIERRA VISTA ELEMENTARY,"DISTRICT JUDGE, 383RD JUDICIAL DISTRICT",,MIKE HERRERA,DEM,424,2,354,0,780,426,354
El Paso,124-SIERRA VISTA ELEMENTARY,"DISTRICT JUDGE, 384TH JUDICIAL DISTRICT",,PATRICK M. GARCIA,DEM,420,2,351,0,773,422,351
El Paso,124-SIERRA VISTA ELEMENTARY,"DISTRICT JUDGE, 388TH JUDICIAL DISTRICT",,LAURA STRATHMANN,DEM,420,2,353,0,775,422,353
El Paso,124-SIERRA VISTA ELEMENTARY,"DISTRICT JUDGE, 409TH JUDICIAL DISTRICT",,SAM MEDRANO JR,DEM,420,2,352,0,774,422,352
El Paso,124-SIERRA VISTA ELEMENTARY,"DISTRICT JUDGE, 448TH JUDICIAL DISTRICT",,SERGIO H. ENRIQUEZ,DEM,417,2,352,0,771,419,352
El Paso,124-SIERRA VISTA ELEMENTARY,"CRIMINAL DISTRICT JUDGE, COURT NO. 1",,DIANE NAVARRETE,DEM,418,3,350,0,771,421,350
El Paso,124-SIERRA VISTA ELEMENTARY,"FAMILY DISTRICT JUDGE, 65TH JUDICIAL DISTRICT",,YAHARA L. GUTIERREZ,DEM,419,1,357,0,777,420,357
El Paso,124-SIERRA VISTA ELEMENTARY,"DISTRICT ATTORNEY, 34TH JUDICIAL DISTRICT",,JAIME ESPARZA,DEM,417,2,360,0,779,419,360
El Paso,124-SIERRA VISTA ELEMENTARY,"JUDGE, COUNTY CRIMINAL COURT NO. 3",,CARLOS CARRASCO,DEM,415,2,353,0,770,417,353
El Paso,124-SIERRA VISTA ELEMENTARY,"JUDGE, COUNTY CRIMINAL COURT NO. 4",,JESUS HERRERA,DEM,415,2,353,0,770,417,353
El Paso,124-SIERRA VISTA ELEMENTARY,COUNTY ATTORNEY,,JO ANNE BERNAL,DEM,414,2,356,0,772,416,356
El Paso,124-SIERRA VISTA ELEMENTARY,SHERIFF,,RICHARD D. WILES,DEM,424,2,361,0,787,426,361
El Paso,124-SIERRA VISTA ELEMENTARY,COUNTY TAX ASSESSOR COLLECTOR,,VICTOR A. FLORES,DEM,424,1,359,0,784,425,359
El Paso,124-SIERRA VISTA ELEMENTARY,"COUNTY COMMISSIONER, PRECINCT NO. 1",,BILL LENDERMAN,REP,120,5,87,0,212,125,87
El Paso,124-SIERRA VISTA ELEMENTARY,"COUNTY COMMISSIONER, PRECINCT NO. 1",,CARLOS LEON,DEM,402,2,335,0,739,404,335
El Paso,124-SIERRA VISTA ELEMENTARY,"CONSTABLE, PRECINCT NO. 5",,MANNY LOPEZ,DEM,416,2,355,0,773,418,355
El Paso,125-SIERRA VISTA ELEMENTARY,"CITY OF EL PASO, PROPOSITION",,FOR (A FAVOR),NP,727,17,565,0,1309,744,565
El Paso,125-SIERRA VISTA ELEMENTARY,"CITY OF EL PASO, PROPOSITION",,AGAINST (EN CONTRA),NP,170,1,139,0,310,171,139
El Paso,125-SIERRA VISTA ELEMENTARY,"CITY OF EL PASO, PROPOSITION",,FOR (A FAVOR),NP,684,15,532,0,1231,699,532
El Paso,125-SIERRA VISTA ELEMENTARY,"CITY OF EL PASO, PROPOSITION",,AGAINST (EN CONTRA),NP,194,3,168,0,365,197,168
El Paso,125-SIERRA VISTA ELEMENTARY,"CITY OF EL PASO, PROPOSITION",,FOR (A FAVOR),NP,571,11,453,0,1035,582,453
El Paso,125-SIERRA VISTA ELEMENTARY,"CITY OF EL PASO, PROPOSITION",,AGAINST (EN CONTRA),NP,318,7,237,0,562,325,237
El Paso,125-SIERRA VISTA ELEMENTARY,STRAIGHT PARTY,,REPUBLICAN,REP,153,7,136,0,296,160,136
El Paso,125-SIERRA VISTA ELEMENTARY,STRAIGHT PARTY,,DEMOCRAT,DEM,409,7,346,0,762,416,346
El Paso,125-SIERRA VISTA ELEMENTARY,STRAIGHT PARTY,,LIBERTARIAN,LIB,2,0,7,0,9,2,7
El Paso,125-SIERRA VISTA ELEMENTARY,STRAIGHT PARTY,,GREEN,GRN,0,0,1,0,1,0,1
El Paso,125-SIERRA VISTA ELEMENTARY,US PRESIDENT,,MITT ROMNEY,REP,280,13,223,0,516,293,223
El Paso,125-SIERRA VISTA ELEMENTARY,US PRESIDENT,,BARACK OBAMA,DEM,629,11,490,0,1130,640,490
El Paso,125-SIERRA VISTA ELEMENTARY,US PRESIDENT,,GARY JOHNSON,LIB,4,0,7,0,11,4,7
El Paso,125-SIERRA VISTA ELEMENTARY,US PRESIDENT,,JILL STEIN,GRN,1,0,1,0,2,1,1
El Paso,125-SIERRA VISTA ELEMENTARY,US PRESIDENT,,WRITE-IN,NP,2,0,0,0,2,2,0
El Paso,125-SIERRA VISTA ELEMENTARY,US SENATOR,,TED CRUZ,REP,297,10,241,0,548,307,241
El Paso,125-SIERRA VISTA ELEMENTARY,US SENATOR,,PAUL SADLER,DEM,560,11,435,0,1006,571,435
El Paso,125-SIERRA VISTA ELEMENTARY,US SENATOR,,JOHN JAY MYERS,LIB,14,1,16,0,31,15,16
El Paso,125-SIERRA VISTA ELEMENTARY,US SENATOR,,DAVID B. COLLINS,GRN,12,0,10,0,22,12,10
El Paso,125-SIERRA VISTA ELEMENTARY,US REP DISTRICT 16,,BARBARA CARRASCO,REP,269,10,240,0,519,279,240
El Paso,125-SIERRA VISTA ELEMENTARY,US REP DISTRICT 16,,BETO OROURKE,DEM,620,10,455,0,1085,630,455
El Paso,125-SIERRA VISTA ELEMENTARY,US REP DISTRICT 16,,JUNART SODOY,LIB,7,1,14,0,22,8,14
El Paso,125-SIERRA VISTA ELEMENTARY,RAILROAD COMMISSIONER,,CHRISTI CRADDICK,REP,269,11,209,0,489,280,209
El Paso,125-SIERRA VISTA ELEMENTARY,RAILROAD COMMISSIONER,,DALE HENRY,DEM,570,10,441,0,1021,580,441
El Paso,125-SIERRA VISTA ELEMENTARY,RAILROAD COMMISSIONER,,VIVEKANANDA (VIK) WA,LIB,11,0,22,0,33,11,22
El Paso,125-SIERRA VISTA ELEMENTARY,RAILROAD COMMISSIONER,,CHRIS KENNEDY,GRN,24,0,18,0,42,24,18
El Paso,125-SIERRA VISTA ELEMENTARY,RAILROAD COMMISSIONER,,BARRY SMITHERMAN,REP,300,11,265,0,576,311,265
El Paso,125-SIERRA VISTA ELEMENTARY,RAILROAD COMMISSIONER,,JAIME O. PEREZ,LIB,348,3,277,0,628,351,277
El Paso,125-SIERRA VISTA ELEMENTARY,RAILROAD COMMISSIONER,,JOSH WENDEL,GRN,60,3,51,0,114,63,51
El Paso,125-SIERRA VISTA ELEMENTARY,"JUSTICE, SUPREME COURT, PLACE 2",,DON WILLETT,REP,385,12,345,0,742,397,345
El Paso,125-SIERRA VISTA ELEMENTARY,"JUSTICE, SUPREME COURT, PLACE 2",,RS ROBERT KOELSCH,LIB,306,4,230,0,540,310,230
El Paso,125-SIERRA VISTA ELEMENTARY,"JUSTICE, SUPREME COURT, PLACE 4",,JOHN DEVINE,REP,363,9,318,0,690,372,318
El Paso,125-SIERRA VISTA ELEMENTARY,"JUSTICE, SUPREME COURT, PLACE 4",,TOM OXFORD,LIB,235,4,198,0,437,239,198
El Paso,125-SIERRA VISTA ELEMENTARY,"JUSTICE, SUPREME COURT, PLACE 4",,CHARLES E. WATERBURY,GRN,89,2,60,0,151,91,60
El Paso,125-SIERRA VISTA ELEMENTARY,"JUSTICE, SUPREME COURT, PLACE 6",,NATHAN HECHT,REP,244,10,206,0,460,254,206
El Paso,125-SIERRA VISTA ELEMENTARY,"JUSTICE, SUPREME COURT, PLACE 6",,MICHELE PETTY,DEM,592,10,459,0,1061,602,459
El Paso,125-SIERRA VISTA ELEMENTARY,"JUSTICE, SUPREME COURT, PLACE 6",,MARK ASH,LIB,22,1,14,0,37,23,14
El Paso,125-SIERRA VISTA ELEMENTARY,"JUSTICE, SUPREME COURT, PLACE 6",,JIM CHISHOLM,GRN,15,0,10,0,25,15,10
El Paso,125-SIERRA VISTA ELEMENTARY,"PRESIDING JUDGE, COURT OF CRIMINAL APPEALS",,SHARON KELLER,REP,264,11,231,0,506,275,231
El Paso,125-SIERRA VISTA ELEMENTARY,"PRESIDING JUDGE, COURT OF CRIMINAL APPEALS",,KEITH HAMPTON,DEM,584,10,437,0,1031,594,437
El Paso,125-SIERRA VISTA ELEMENTARY,"PRESIDING JUDGE, COURT OF CRIMINAL APPEALS",,LANCE STOTT,LIB,23,0,22,0,45,23,22
El Paso,125-SIERRA VISTA ELEMENTARY,"JUDGE, COURT OF CRIMINAL APPEALS, PLACE 7",,BARBARA PARKER HERVE,REP,403,12,339,0,754,415,339
El Paso,125-SIERRA VISTA ELEMENTARY,"JUDGE, COURT OF CRIMINAL APPEALS, PLACE 7",,MARK W. BENNETT,LIB,299,4,244,0,547,303,244
El Paso,125-SIERRA VISTA ELEMENTARY,"JUDGE, COURT OF CRIMINAL APPEALS, PLACE 8",,ELSA ALCALA,REP,442,12,385,0,839,454,385
El Paso,125-SIERRA VISTA ELEMENTARY,"JUDGE, COURT OF CRIMINAL APPEALS, PLACE 8",,WILLIAM BRYAN STRANG,LIB,250,3,195,0,448,253,195
El Paso,125-SIERRA VISTA ELEMENTARY,MEMBER STATE BOARD OF EDUCATION DISTRICT 1,,CARLOS CHARLIE GARZA,REP,270,11,227,0,508,281,227
El Paso,125-SIERRA VISTA ELEMENTARY,MEMBER STATE BOARD OF EDUCATION DISTRICT 1,,MARTHA M. DOMINGUEZ,DEM,605,10,466,0,1081,615,466
El Paso,125-SIERRA VISTA ELEMENTARY,STATE SENATOR DISTRICT 29,,DAN CHAVEZ,REP,253,10,217,0,480,263,217
El Paso,125-SIERRA VISTA ELEMENTARY,STATE SENATOR DISTRICT 29,,JOSE R. RODRIGUEZ,DEM,635,11,487,0,1133,646,487
El Paso,125-SIERRA VISTA ELEMENTARY,STATE REPRESENTATIVE DISTRICT 75,,MARY E. GONZALEZ,DEM,689,13,553,0,1255,702,553
El Paso,125-SIERRA VISTA ELEMENTARY,"CHIEF JUSTICE, COURT OF APPEALS 8TH DISTRICT",,ANN CRAWFORD MCCLURE,DEM,673,12,545,0,1230,685,545
El Paso,125-SIERRA VISTA ELEMENTARY,"JUSTICE, 8TH COURT OF APPEALS DISTRICT, PLACE 2",,CHRIS ANTCLIFF,REP,264,10,215,0,489,274,215
El Paso,125-SIERRA VISTA ELEMENTARY,"JUSTICE, 8TH COURT OF APPEALS DISTRICT, PLACE 2",,YVONNE RODRIGUEZ,DEM,613,10,474,0,1097,623,474
El Paso,125-SIERRA VISTA ELEMENTARY,"JUSTICE, 8TH COURT OF APPEALS DISTRICT, PLACE 3",,GUADALUPE LUPE RIVER,DEM,680,13,547,0,1240,693,547
El Paso,125-SIERRA VISTA ELEMENTARY,"DISTRICT JUDGE, 34TH JUDICIAL DISTRICT",,BILL MOODY,DEM,671,12,552,0,1235,683,552
El Paso,125-SIERRA VISTA ELEMENTARY,"DISTRICT JUDGE, 41ST JUDICIAL DISTRICT",,ANNA PEREZ,DEM,683,13,549,0,1245,696,549
El Paso,125-SIERRA VISTA ELEMENTARY,"DISTRICT JUDGE, 243RD JUDICIAL DISTRICT",,BILLY DON HICKS,REP,282,11,223,0,516,293,223
El Paso,125-SIERRA VISTA ELEMENTARY,"DISTRICT JUDGE, 243RD JUDICIAL DISTRICT",,LUIS AGUILAR,DEM,598,10,470,0,1078,608,470
El Paso,125-SIERRA VISTA ELEMENTARY,"DISTRICT JUDGE, 346TH JUDICIAL DISTRICT",,ANGIE J. BARILL,DEM,676,13,534,0,1223,689,534
El Paso,125-SIERRA VISTA ELEMENTARY,"DISTRICT JUDGE, 383RD JUDICIAL DISTRICT",,MIKE HERRERA,DEM,676,13,533,0,1222,689,533
El Paso,125-SIERRA VISTA ELEMENTARY,"DISTRICT JUDGE, 384TH JUDICIAL DISTRICT",,PATRICK M. GARCIA,DEM,677,13,532,0,1222,690,532
El Paso,125-SIERRA VISTA ELEMENTARY,"DISTRICT JUDGE, 388TH JUDICIAL DISTRICT",,LAURA STRATHMANN,DEM,669,12,533,0,1214,681,533
El Paso,125-SIERRA VISTA ELEMENTARY,"DISTRICT JUDGE, 409TH JUDICIAL DISTRICT",,SAM MEDRANO JR,DEM,679,11,537,0,1227,690,537
El Paso,125-SIERRA VISTA ELEMENTARY,"DISTRICT JUDGE, 448TH JUDICIAL DISTRICT",,SERGIO H. ENRIQUEZ,DEM,671,13,530,0,1214,684,530
El Paso,125-SIERRA VISTA ELEMENTARY,"CRIMINAL DISTRICT JUDGE, COURT NO. 1",,DIANE NAVARRETE,DEM,678,13,537,0,1228,691,537
El Paso,125-SIERRA VISTA ELEMENTARY,"FAMILY DISTRICT JUDGE, 65TH JUDICIAL DISTRICT",,YAHARA L. GUTIERREZ,DEM,671,13,528,0,1212,684,528
El Paso,125-SIERRA VISTA ELEMENTARY,"DISTRICT ATTORNEY, 34TH JUDICIAL DISTRICT",,JAIME ESPARZA,DEM,691,13,542,0,1246,704,542
El Paso,125-SIERRA VISTA ELEMENTARY,"JUDGE, COUNTY CRIMINAL COURT NO. 3",,CARLOS CARRASCO,DEM,663,12,528,0,1203,675,528
El Paso,125-SIERRA VISTA ELEMENTARY,"JUDGE, COUNTY CRIMINAL COURT NO. 4",,JESUS HERRERA,DEM,660,13,528,0,1201,673,528
El Paso,125-SIERRA VISTA ELEMENTARY,COUNTY ATTORNEY,,JO ANNE BERNAL,DEM,670,12,532,0,1214,682,532
El Paso,125-SIERRA VISTA ELEMENTARY,SHERIFF,,RICHARD D. WILES,DEM,685,13,548,0,1246,698,548
El Paso,125-SIERRA VISTA ELEMENTARY,COUNTY TAX ASSESSOR COLLECTOR,,VICTOR A. FLORES,DEM,681,16,539,0,1236,697,539
El Paso,125-SIERRA VISTA ELEMENTARY,"COUNTY COMMISSIONER, PRECINCT NO. 1",,BILL LENDERMAN,REP,245,8,207,0,460,253,207
El Paso,125-SIERRA VISTA ELEMENTARY,"COUNTY COMMISSIONER, PRECINCT NO. 1",,CARLOS LEON,DEM,633,12,485,0,1130,645,485
El Paso,125-SIERRA VISTA ELEMENTARY,"CONSTABLE, PRECINCT NO. 5",,MANNY LOPEZ,DEM,661,11,524,0,1196,672,524
El Paso,126-FIRE STATION 35,"CITY OF EL PASO, PROPOSITION",,FOR (A FAVOR),NP,936,19,687,0,1642,955,687
El Paso,126-FIRE STATION 35,"CITY OF EL PASO, PROPOSITION",,AGAINST (EN CONTRA),NP,290,9,140,0,439,299,140
El Paso,126-FIRE STATION 35,"CITY OF EL PASO, PROPOSITION",,FOR (A FAVOR),NP,876,16,647,0,1539,892,647
El Paso,126-FIRE STATION 35,"CITY OF EL PASO, PROPOSITION",,AGAINST (EN CONTRA),NP,323,11,171,0,505,334,171
El Paso,126-FIRE STATION 35,"CITY OF EL PASO, PROPOSITION",,FOR (A FAVOR),NP,817,21,623,0,1461,838,623
El Paso,126-FIRE STATION 35,"CITY OF EL PASO, PROPOSITION",,AGAINST (EN CONTRA),NP,392,6,209,0,607,398,209
El Paso,126-FIRE STATION 35,STRAIGHT PARTY,,REPUBLICAN,REP,242,7,189,0,438,249,189
El Paso,126-FIRE STATION 35,STRAIGHT PARTY,,DEMOCRAT,DEM,467,5,339,0,811,472,339
El Paso,126-FIRE STATION 35,STRAIGHT PARTY,,LIBERTARIAN,LIB,3,0,3,0,6,3,3
El Paso,126-FIRE STATION 35,STRAIGHT PARTY,,GREEN,GRN,1,0,2,0,3,1,2
El Paso,126-FIRE STATION 35,US PRESIDENT,,MITT ROMNEY,REP,481,19,323,0,823,500,323
El Paso,126-FIRE STATION 35,US PRESIDENT,,BARACK OBAMA,DEM,738,14,518,0,1270,752,518
El Paso,126-FIRE STATION 35,US PRESIDENT,,GARY JOHNSON,LIB,6,0,2,0,8,6,2
El Paso,126-FIRE STATION 35,US PRESIDENT,,JILL STEIN,GRN,1,0,2,0,3,1,2
El Paso,126-FIRE STATION 35,US PRESIDENT,,WRITE-IN,NP,3,0,3,0,6,3,3
El Paso,126-FIRE STATION 35,US SENATOR,,TED CRUZ,REP,494,20,332,0,846,514,332
El Paso,126-FIRE STATION 35,US SENATOR,,PAUL SADLER,DEM,687,13,462,0,1162,700,462
El Paso,126-FIRE STATION 35,US SENATOR,,JOHN JAY MYERS,LIB,16,0,13,0,29,16,13
El Paso,126-FIRE STATION 35,US SENATOR,,DAVID B. COLLINS,GRN,5,0,9,0,14,5,9
El Paso,126-FIRE STATION 35,US REP DISTRICT 16,,BARBARA CARRASCO,REP,456,20,300,0,776,476,300
El Paso,126-FIRE STATION 35,US REP DISTRICT 16,,BETO OROURKE,DEM,742,13,517,0,1272,755,517
El Paso,126-FIRE STATION 35,US REP DISTRICT 16,,JUNART SODOY,LIB,13,0,13,0,26,13,13
El Paso,126-FIRE STATION 35,RAILROAD COMMISSIONER,,CHRISTI CRADDICK,REP,444,18,293,0,755,462,293
El Paso,126-FIRE STATION 35,RAILROAD COMMISSIONER,,DALE HENRY,DEM,675,12,454,0,1141,687,454
El Paso,126-FIRE STATION 35,RAILROAD COMMISSIONER,,VIVEKANANDA (VIK) WA,LIB,19,0,20,0,39,19,20
El Paso,126-FIRE STATION 35,RAILROAD COMMISSIONER,,CHRIS KENNEDY,GRN,29,1,23,0,53,30,23
El Paso,126-FIRE STATION 35,RAILROAD COMMISSIONER,,BARRY SMITHERMAN,REP,508,19,341,0,868,527,341
El Paso,126-FIRE STATION 35,RAILROAD COMMISSIONER,,JAIME O. PEREZ,LIB,420,7,290,0,717,427,290
El Paso,126-FIRE STATION 35,RAILROAD COMMISSIONER,,JOSH WENDEL,GRN,76,1,46,0,123,77,46
El Paso,126-FIRE STATION 35,"JUSTICE, SUPREME COURT, PLACE 2",,DON WILLETT,REP,613,20,428,0,1061,633,428
El Paso,126-FIRE STATION 35,"JUSTICE, SUPREME COURT, PLACE 2",,RS ROBERT KOELSCH,LIB,366,7,236,0,609,373,236
El Paso,126-FIRE STATION 35,"JUSTICE, SUPREME COURT, PLACE 4",,JOHN DEVINE,REP,582,20,404,0,1006,602,404
El Paso,126-FIRE STATION 35,"JUSTICE, SUPREME COURT, PLACE 4",,TOM OXFORD,LIB,308,3,195,0,506,311,195
El Paso,126-FIRE STATION 35,"JUSTICE, SUPREME COURT, PLACE 4",,CHARLES E. WATERBURY,GRN,94,4,69,0,167,98,69
El Paso,126-FIRE STATION 35,"JUSTICE, SUPREME COURT, PLACE 6",,NATHAN HECHT,REP,426,17,278,0,721,443,278
El Paso,126-FIRE STATION 35,"JUSTICE, SUPREME COURT, PLACE 6",,MICHELE PETTY,DEM,699,12,475,0,1186,711,475
El Paso,126-FIRE STATION 35,"JUSTICE, SUPREME COURT, PLACE 6",,MARK ASH,LIB,27,1,19,0,47,28,19
El Paso,126-FIRE STATION 35,"JUSTICE, SUPREME COURT, PLACE 6",,JIM CHISHOLM,GRN,16,1,19,0,36,17,19
El Paso,126-FIRE STATION 35,"PRESIDING JUDGE, COURT OF CRIMINAL APPEALS",,SHARON KELLER,REP,461,17,299,0,777,478,299
El Paso,126-FIRE STATION 35,"PRESIDING JUDGE, COURT OF CRIMINAL APPEALS",,KEITH HAMPTON,DEM,683,12,467,0,1162,695,467
El Paso,126-FIRE STATION 35,"PRESIDING JUDGE, COURT OF CRIMINAL APPEALS",,LANCE STOTT,LIB,27,1,27,0,55,28,27
El Paso,126-FIRE STATION 35,"JUDGE, COURT OF CRIMINAL APPEALS, PLACE 7",,BARBARA PARKER HERVE,REP,637,18,442,0,1097,655,442
El Paso,126-FIRE STATION 35,"JUDGE, COURT OF CRIMINAL APPEALS, PLACE 7",,MARK W. BENNETT,LIB,341,7,225,0,573,348,225
El Paso,126-FIRE STATION 35,"JUDGE, COURT OF CRIMINAL APPEALS, PLACE 8",,ELSA ALCALA,REP,686,19,463,0,1168,705,463
El Paso,126-FIRE STATION 35,"JUDGE, COURT OF CRIMINAL APPEALS, PLACE 8",,WILLIAM BRYAN STRANG,LIB,299,6,198,0,503,305,198
El Paso,126-FIRE STATION 35,MEMBER STATE BOARD OF EDUCATION DISTRICT 1,,CARLOS CHARLIE GARZA,REP,458,16,306,0,780,474,306
El Paso,126-FIRE STATION 35,MEMBER STATE BOARD OF EDUCATION DISTRICT 1,,MARTHA M. DOMINGUEZ,DEM,724,14,491,0,1229,738,491
El Paso,126-FIRE STATION 35,STATE SENATOR DISTRICT 29,,DAN CHAVEZ,REP,431,17,288,0,736,448,288
El Paso,126-FIRE STATION 35,STATE SENATOR DISTRICT 29,,JOSE R. RODRIGUEZ,DEM,766,15,525,0,1306,781,525
El Paso,126-FIRE STATION 35,STATE REPRESENTATIVE DISTRICT 75,,MARY E. GONZALEZ,DEM,842,15,585,0,1442,857,585
El Paso,126-FIRE STATION 35,"CHIEF JUSTICE, COURT OF APPEALS 8TH DISTRICT",,ANN CRAWFORD MCCLURE,DEM,830,12,576,0,1418,842,576
El Paso,126-FIRE STATION 35,"JUSTICE, 8TH COURT OF APPEALS DISTRICT, PLACE 2",,CHRIS ANTCLIFF,REP,467,19,287,0,773,486,287
El Paso,126-FIRE STATION 35,"JUSTICE, 8TH COURT OF APPEALS DISTRICT, PLACE 2",,YVONNE RODRIGUEZ,DEM,713,12,509,0,1234,725,509
El Paso,126-FIRE STATION 35,"JUSTICE, 8TH COURT OF APPEALS DISTRICT, PLACE 3",,GUADALUPE LUPE RIVER,DEM,850,17,592,0,1459,867,592
El Paso,126-FIRE STATION 35,"DISTRICT JUDGE, 34TH JUDICIAL DISTRICT",,BILL MOODY,DEM,840,16,581,0,1437,856,581
El Paso,126-FIRE STATION 35,"DISTRICT JUDGE, 41ST JUDICIAL DISTRICT",,ANNA PEREZ,DEM,838,16,589,0,1443,854,589
El Paso,126-FIRE STATION 35,"DISTRICT JUDGE, 243RD JUDICIAL DISTRICT",,BILLY DON HICKS,REP,456,16,295,0,767,472,295
El Paso,126-FIRE STATION 35,"DISTRICT JUDGE, 243RD JUDICIAL DISTRICT",,LUIS AGUILAR,DEM,717,14,508,0,1239,731,508
El Paso,126-FIRE STATION 35,"DISTRICT JUDGE, 346TH JUDICIAL DISTRICT",,ANGIE J. BARILL,DEM,836,15,574,0,1425,851,574
El Paso,126-FIRE STATION 35,"DISTRICT JUDGE, 383RD JUDICIAL DISTRICT",,MIKE HERRERA,DEM,830,15,575,0,1420,845,575
El Paso,126-FIRE STATION 35,"DISTRICT JUDGE, 384TH JUDICIAL DISTRICT",,PATRICK M. GARCIA,DEM,828,15,572,0,1415,843,572
El Paso,126-FIRE STATION 35,"DISTRICT JUDGE, 388TH JUDICIAL DISTRICT",,LAURA STRATHMANN,DEM,829,14,579,0,1422,843,579
El Paso,126-FIRE STATION 35,"DISTRICT JUDGE, 409TH JUDICIAL DISTRICT",,SAM MEDRANO JR,DEM,826,16,579,0,1421,842,579
El Paso,126-FIRE STATION 35,"DISTRICT JUDGE, 448TH JUDICIAL DISTRICT",,SERGIO H. ENRIQUEZ,DEM,822,15,573,0,1410,837,573
El Paso,126-FIRE STATION 35,"CRIMINAL DISTRICT JUDGE, COURT NO. 1",,DIANE NAVARRETE,DEM,826,15,571,0,1412,841,571
El Paso,126-FIRE STATION 35,"FAMILY DISTRICT JUDGE, 65TH JUDICIAL DISTRICT",,YAHARA L. GUTIERREZ,DEM,832,15,573,0,1420,847,573
El Paso,126-FIRE STATION 35,"DISTRICT ATTORNEY, 34TH JUDICIAL DISTRICT",,JAIME ESPARZA,DEM,839,15,596,0,1450,854,596
El Paso,126-FIRE STATION 35,"JUDGE, COUNTY CRIMINAL COURT NO. 3",,CARLOS CARRASCO,DEM,820,15,571,0,1406,835,571
El Paso,126-FIRE STATION 35,"JUDGE, COUNTY CRIMINAL COURT NO. 4",,JESUS HERRERA,DEM,824,15,569,0,1408,839,569
El Paso,126-FIRE STATION 35,COUNTY ATTORNEY,,JO ANNE BERNAL,DEM,830,15,578,0,1423,845,578
El Paso,126-FIRE STATION 35,SHERIFF,,RICHARD D. WILES,DEM,859,17,603,0,1479,876,603
El Paso,126-FIRE STATION 35,COUNTY TAX ASSESSOR COLLECTOR,,VICTOR A. FLORES,DEM,837,21,593,0,1451,858,593
El Paso,126-FIRE STATION 35,"COUNTY COMMISSIONER, PRECINCT NO. 1",,BILL LENDERMAN,REP,412,15,265,0,692,427,265
El Paso,126-FIRE STATION 35,"COUNTY COMMISSIONER, PRECINCT NO. 1",,CARLOS LEON,DEM,767,15,541,0,1323,782,541
El Paso,126-FIRE STATION 35,"CONSTABLE, PRECINCT NO. 5",,MANNY LOPEZ,DEM,811,14,571,0,1396,825,571
El Paso,127-RED SANDS ELEMENTARY,STRAIGHT PARTY,,REPUBLICAN,REP,12,1,19,0,32,13,19
El Paso,127-RED SANDS ELEMENTARY,STRAIGHT PARTY,,DEMOCRAT,DEM,31,0,32,0,63,31,32
El Paso,127-RED SANDS ELEMENTARY,STRAIGHT PARTY,,LIBERTARIAN,LIB,0,0,1,0,1,0,1
El Paso,127-RED SANDS ELEMENTARY,STRAIGHT PARTY,,GREEN,GRN,0,0,0,0,0,0,0
El Paso,127-RED SANDS ELEMENTARY,US PRESIDENT,,MITT ROMNEY,REP,26,1,28,0,55,27,28
El Paso,127-RED SANDS ELEMENTARY,US PRESIDENT,,BARACK OBAMA,DEM,44,0,45,0,89,44,45
El Paso,127-RED SANDS ELEMENTARY,US PRESIDENT,,GARY JOHNSON,LIB,1,0,0,0,1,1,0
El Paso,127-RED SANDS ELEMENTARY,US PRESIDENT,,JILL STEIN,GRN,1,0,0,0,1,1,0
El Paso,127-RED SANDS ELEMENTARY,US PRESIDENT,,WRITE-IN,NP,0,0,0,0,0,0,0
El Paso,127-RED SANDS ELEMENTARY,US SENATOR,,TED CRUZ,REP,28,2,24,0,54,30,24
El Paso,127-RED SANDS ELEMENTARY,US SENATOR,,PAUL SADLER,DEM,39,0,43,0,82,39,43
El Paso,127-RED SANDS ELEMENTARY,US SENATOR,,JOHN JAY MYERS,LIB,2,0,2,0,4,2,2
El Paso,127-RED SANDS ELEMENTARY,US SENATOR,,DAVID B. COLLINS,GRN,1,0,0,0,1,1,0
El Paso,127-RED SANDS ELEMENTARY,US REP DISTRICT 16,,BARBARA CARRASCO,REP,21,2,24,0,47,23,24
El Paso,127-RED SANDS ELEMENTARY,US REP DISTRICT 16,,BETO OROURKE,DEM,47,0,44,0,91,47,44
El Paso,127-RED SANDS ELEMENTARY,US REP DISTRICT 16,,JUNART SODOY,LIB,1,0,1,0,2,1,1
El Paso,127-RED SANDS ELEMENTARY,RAILROAD COMMISSIONER,,CHRISTI CRADDICK,REP,23,2,25,0,50,25,25
El Paso,127-RED SANDS ELEMENTARY,RAILROAD COMMISSIONER,,DALE HENRY,DEM,39,0,38,0,77,39,38
El Paso,127-RED SANDS ELEMENTARY,RAILROAD COMMISSIONER,,VIVEKANANDA (VIK) WA,LIB,3,0,0,0,3,3,0
El Paso,127-RED SANDS ELEMENTARY,RAILROAD COMMISSIONER,,CHRIS KENNEDY,GRN,3,0,5,0,8,3,5
El Paso,127-RED SANDS ELEMENTARY,RAILROAD COMMISSIONER,,BARRY SMITHERMAN,REP,25,2,28,0,55,27,28
El Paso,127-RED SANDS ELEMENTARY,RAILROAD COMMISSIONER,,JAIME O. PEREZ,LIB,23,0,20,0,43,23,20
El Paso,127-RED SANDS ELEMENTARY,RAILROAD COMMISSIONER,,JOSH WENDEL,GRN,2,0,4,0,6,2,4
El Paso,127-RED SANDS ELEMENTARY,"JUSTICE, SUPREME COURT, PLACE 2",,DON WILLETT,REP,29,2,30,0,61,31,30
El Paso,127-RED SANDS ELEMENTARY,"JUSTICE, SUPREME COURT, PLACE 2",,RS ROBERT KOELSCH,LIB,19,0,21,0,40,19,21
El Paso,127-RED SANDS ELEMENTARY,"JUSTICE, SUPREME COURT, PLACE 4",,JOHN DEVINE,REP,25,2,27,0,54,27,27
El Paso,127-RED SANDS ELEMENTARY,"JUSTICE, SUPREME COURT, PLACE 4",,TOM OXFORD,LIB,18,0,16,0,34,18,16
El Paso,127-RED SANDS ELEMENTARY,"JUSTICE, SUPREME COURT, PLACE 4",,CHARLES E. WATERBURY,GRN,6,0,8,0,14,6,8
El Paso,127-RED SANDS ELEMENTARY,"JUSTICE, SUPREME COURT, PLACE 6",,NATHAN HECHT,REP,20,2,22,0,44,22,22
El Paso,127-RED SANDS ELEMENTARY,"JUSTICE, SUPREME COURT, PLACE 6",,MICHELE PETTY,DEM,45,0,41,0,86,45,41
El Paso,127-RED SANDS ELEMENTARY,"JUSTICE, SUPREME COURT, PLACE 6",,MARK ASH,LIB,2,0,4,0,6,2,4
El Paso,127-RED SANDS ELEMENTARY,"JUSTICE, SUPREME COURT, PLACE 6",,JIM CHISHOLM,GRN,0,0,2,0,2,0,2
El Paso,127-RED SANDS ELEMENTARY,"PRESIDING JUDGE, COURT OF CRIMINAL APPEALS",,SHARON KELLER,REP,24,2,22,0,48,26,22
El Paso,127-RED SANDS ELEMENTARY,"PRESIDING JUDGE, COURT OF CRIMINAL APPEALS",,KEITH HAMPTON,DEM,40,0,43,0,83,40,43
El Paso,127-RED SANDS ELEMENTARY,"PRESIDING JUDGE, COURT OF CRIMINAL APPEALS",,LANCE STOTT,LIB,2,0,4,0,6,2,4
El Paso,127-RED SANDS ELEMENTARY,"JUDGE, COURT OF CRIMINAL APPEALS, PLACE 7",,BARBARA PARKER HERVE,REP,27,2,36,0,65,29,36
El Paso,127-RED SANDS ELEMENTARY,"JUDGE, COURT OF CRIMINAL APPEALS, PLACE 7",,MARK W. BENNETT,LIB,20,0,16,0,36,20,16
El Paso,127-RED SANDS ELEMENTARY,"JUDGE, COURT OF CRIMINAL APPEALS, PLACE 8",,ELSA ALCALA,REP,33,2,32,0,67,35,32
El Paso,127-RED SANDS ELEMENTARY,"JUDGE, COURT OF CRIMINAL APPEALS, PLACE 8",,WILLIAM BRYAN STRANG,LIB,17,0,20,0,37,17,20
El Paso,127-RED SANDS ELEMENTARY,MEMBER STATE BOARD OF EDUCATION DISTRICT 1,,CARLOS CHARLIE GARZA,REP,24,2,24,0,50,26,24
El Paso,127-RED SANDS ELEMENTARY,MEMBER STATE BOARD OF EDUCATION DISTRICT 1,,MARTHA M. DOMINGUEZ,DEM,43,0,45,0,88,43,45
El Paso,127-RED SANDS ELEMENTARY,STATE SENATOR DISTRICT 29,,DAN CHAVEZ,REP,20,2,24,0,46,22,24
El Paso,127-RED SANDS ELEMENTARY,STATE SENATOR DISTRICT 29,,JOSE R. RODRIGUEZ,DEM,49,0,45,0,94,49,45
El Paso,127-RED SANDS ELEMENTARY,STATE REPRESENTATIVE DISTRICT 79,,JOE C. PICKETT,DEM,51,2,49,0,102,53,49
El Paso,127-RED SANDS ELEMENTARY,"CHIEF JUSTICE, COURT OF APPEALS 8TH DISTRICT",,ANN CRAWFORD MCCLURE,DEM,49,1,47,0,97,50,47
El Paso,127-RED SANDS ELEMENTARY,"JUSTICE, 8TH COURT OF APPEALS DISTRICT, PLACE 2",,CHRIS ANTCLIFF,REP,24,2,25,0,51,26,25
El Paso,127-RED SANDS ELEMENTARY,"JUSTICE, 8TH COURT OF APPEALS DISTRICT, PLACE 2",,YVONNE RODRIGUEZ,DEM,43,0,44,0,87,43,44
El Paso,127-RED SANDS ELEMENTARY,"JUSTICE, 8TH COURT OF APPEALS DISTRICT, PLACE 3",,GUADALUPE LUPE RIVER,DEM,53,1,48,0,102,54,48
El Paso,127-RED SANDS ELEMENTARY,"DISTRICT JUDGE, 34TH JUDICIAL DISTRICT",,BILL MOODY,DEM,54,1,48,0,103,55,48
El Paso,127-RED SANDS ELEMENTARY,"DISTRICT JUDGE, 41ST JUDICIAL DISTRICT",,ANNA PEREZ,DEM,53,1,45,0,99,54,45
El Paso,127-RED SANDS ELEMENTARY,"DISTRICT JUDGE, 243RD JUDICIAL DISTRICT",,BILLY DON HICKS,REP,22,2,24,0,48,24,24
El Paso,127-RED SANDS ELEMENTARY,"DISTRICT JUDGE, 243RD JUDICIAL DISTRICT",,LUIS AGUILAR,DEM,46,0,45,0,91,46,45
El Paso,127-RED SANDS ELEMENTARY,"DISTRICT JUDGE, 346TH JUDICIAL DISTRICT",,ANGIE J. BARILL,DEM,51,1,48,0,100,52,48
El Paso,127-RED SANDS ELEMENTARY,"DISTRICT JUDGE, 383RD JUDICIAL DISTRICT",,MIKE HERRERA,DEM,51,1,47,0,99,52,47
El Paso,127-RED SANDS ELEMENTARY,"DISTRICT JUDGE, 384TH JUDICIAL DISTRICT",,PATRICK M. GARCIA,DEM,53,1,46,0,100,54,46
El Paso,127-RED SANDS ELEMENTARY,"DISTRICT JUDGE, 388TH JUDICIAL DISTRICT",,LAURA STRATHMANN,DEM,52,1,48,0,101,53,48
El Paso,127-RED SANDS ELEMENTARY,"DISTRICT JUDGE, 409TH JUDICIAL DISTRICT",,SAM MEDRANO JR,DEM,51,1,46,0,98,52,46
El Paso,127-RED SANDS ELEMENTARY,"DISTRICT JUDGE, 448TH JUDICIAL DISTRICT",,SERGIO H. ENRIQUEZ,DEM,53,1,46,0,100,54,46
El Paso,127-RED SANDS ELEMENTARY,"CRIMINAL DISTRICT JUDGE, COURT NO. 1",,DIANE NAVARRETE,DEM,52,1,46,0,99,53,46
El Paso,127-RED SANDS ELEMENTARY,"FAMILY DISTRICT JUDGE, 65TH JUDICIAL DISTRICT",,YAHARA L. GUTIERREZ,DEM,51,1,45,0,97,52,45
El Paso,127-RED SANDS ELEMENTARY,"DISTRICT ATTORNEY, 34TH JUDICIAL DISTRICT",,JAIME ESPARZA,DEM,55,1,47,0,103,56,47
El Paso,127-RED SANDS ELEMENTARY,"JUDGE, COUNTY CRIMINAL COURT NO. 3",,CARLOS CARRASCO,DEM,55,1,45,0,101,56,45
El Paso,127-RED SANDS ELEMENTARY,"JUDGE, COUNTY CRIMINAL COURT NO. 4",,JESUS HERRERA,DEM,53,1,46,0,100,54,46
El Paso,127-RED SANDS ELEMENTARY,COUNTY ATTORNEY,,JO ANNE BERNAL,DEM,53,1,46,0,100,54,46
El Paso,127-RED SANDS ELEMENTARY,SHERIFF,,RICHARD D. WILES,DEM,59,1,48,0,108,60,48
El Paso,127-RED SANDS ELEMENTARY,COUNTY TAX ASSESSOR COLLECTOR,,VICTOR A. FLORES,DEM,55,1,49,0,105,56,49
El Paso,127-RED SANDS ELEMENTARY,"COUNTY COMMISSIONER, PRECINCT NO. 1",,BILL LENDERMAN,REP,19,2,24,0,45,21,24
El Paso,127-RED SANDS ELEMENTARY,"COUNTY COMMISSIONER, PRECINCT NO. 1",,CARLOS LEON,DEM,48,0,42,0,90,48,42
El Paso,127-RED SANDS ELEMENTARY,"CONSTABLE, PRECINCT NO. 4",,LUIS LOUIE AGUILAR,DEM,52,1,47,0,100,53,47
El Paso,128-EL DORADO 9TH GRD,"CITY OF EL PASO, PROPOSITION",,FOR (A FAVOR),NP,393,17,369,0,779,410,369
El Paso,128-EL DORADO 9TH GRD,"CITY OF EL PASO, PROPOSITION",,AGAINST (EN CONTRA),NP,109,2,82,0,193,111,82
El Paso,128-EL DORADO 9TH GRD,"CITY OF EL PASO, PROPOSITION",,FOR (A FAVOR),NP,369,16,332,0,717,385,332
El Paso,128-EL DORADO 9TH GRD,"CITY OF EL PASO, PROPOSITION",,AGAINST (EN CONTRA),NP,125,4,117,0,246,129,117
El Paso,128-EL DORADO 9TH GRD,"CITY OF EL PASO, PROPOSITION",,FOR (A FAVOR),NP,303,9,287,0,599,312,287
El Paso,128-EL DORADO 9TH GRD,"CITY OF EL PASO, PROPOSITION",,AGAINST (EN CONTRA),NP,191,7,166,0,364,198,166
El Paso,128-EL DORADO 9TH GRD,STRAIGHT PARTY,,REPUBLICAN,REP,121,7,94,0,222,128,94
El Paso,128-EL DORADO 9TH GRD,STRAIGHT PARTY,,DEMOCRAT,DEM,230,10,196,0,436,240,196
El Paso,128-EL DORADO 9TH GRD,STRAIGHT PARTY,,LIBERTARIAN,LIB,4,0,3,0,7,4,3
El Paso,128-EL DORADO 9TH GRD,STRAIGHT PARTY,,GREEN,GRN,0,0,2,0,2,0,2
El Paso,128-EL DORADO 9TH GRD,US PRESIDENT,,MITT ROMNEY,REP,188,12,175,0,375,200,175
El Paso,128-EL DORADO 9TH GRD,US PRESIDENT,,BARACK OBAMA,DEM,318,14,287,0,619,332,287
El Paso,128-EL DORADO 9TH GRD,US PRESIDENT,,GARY JOHNSON,LIB,8,0,3,0,11,8,3
El Paso,128-EL DORADO 9TH GRD,US PRESIDENT,,JILL STEIN,GRN,0,0,0,0,0,0,0
El Paso,128-EL DORADO 9TH GRD,US PRESIDENT,,WRITE-IN,NP,0,0,3,0,3,0,3
El Paso,128-EL DORADO 9TH GRD,US SENATOR,,TED CRUZ,REP,180,10,167,0,357,190,167
El Paso,128-EL DORADO 9TH GRD,US SENATOR,,PAUL SADLER,DEM,296,10,250,0,556,306,250
El Paso,128-EL DORADO 9TH GRD,US SENATOR,,JOHN JAY MYERS,LIB,14,2,17,0,33,16,17
El Paso,128-EL DORADO 9TH GRD,US SENATOR,,DAVID B. COLLINS,GRN,2,1,7,0,10,3,7
El Paso,128-EL DORADO 9TH GRD,US REP DISTRICT 16,,BARBARA CARRASCO,REP,169,11,176,0,356,180,176
El Paso,128-EL DORADO 9TH GRD,US REP DISTRICT 16,,BETO OROURKE,DEM,314,12,270,0,596,326,270
El Paso,128-EL DORADO 9TH GRD,US REP DISTRICT 16,,JUNART SODOY,LIB,13,0,5,0,18,13,5
El Paso,128-EL DORADO 9TH GRD,RAILROAD COMMISSIONER,,CHRISTI CRADDICK,REP,172,6,148,0,326,178,148
El Paso,128-EL DORADO 9TH GRD,RAILROAD COMMISSIONER,,DALE HENRY,DEM,284,13,248,0,545,297,248
El Paso,128-EL DORADO 9TH GRD,RAILROAD COMMISSIONER,,VIVEKANANDA (VIK) WA,LIB,16,1,19,0,36,17,19
El Paso,128-EL DORADO 9TH GRD,RAILROAD COMMISSIONER,,CHRIS KENNEDY,GRN,10,0,16,0,26,10,16
El Paso,128-EL DORADO 9TH GRD,RAILROAD COMMISSIONER,,BARRY SMITHERMAN,REP,202,7,182,0,391,209,182
El Paso,128-EL DORADO 9TH GRD,RAILROAD COMMISSIONER,,JAIME O. PEREZ,LIB,179,3,157,0,339,182,157
El Paso,128-EL DORADO 9TH GRD,RAILROAD COMMISSIONER,,JOSH WENDEL,GRN,31,4,34,0,69,35,34
El Paso,128-EL DORADO 9TH GRD,"JUSTICE, SUPREME COURT, PLACE 2",,DON WILLETT,REP,243,9,212,0,464,252,212
El Paso,128-EL DORADO 9TH GRD,"JUSTICE, SUPREME COURT, PLACE 2",,RS ROBERT KOELSCH,LIB,163,4,150,0,317,167,150
El Paso,128-EL DORADO 9TH GRD,"JUSTICE, SUPREME COURT, PLACE 4",,JOHN DEVINE,REP,222,7,216,0,445,229,216
El Paso,128-EL DORADO 9TH GRD,"JUSTICE, SUPREME COURT, PLACE 4",,TOM OXFORD,LIB,140,3,111,0,254,143,111
El Paso,128-EL DORADO 9TH GRD,"JUSTICE, SUPREME COURT, PLACE 4",,CHARLES E. WATERBURY,GRN,45,4,38,0,87,49,38
El Paso,128-EL DORADO 9TH GRD,"JUSTICE, SUPREME COURT, PLACE 6",,NATHAN HECHT,REP,166,7,149,0,322,173,149
El Paso,128-EL DORADO 9TH GRD,"JUSTICE, SUPREME COURT, PLACE 6",,MICHELE PETTY,DEM,292,10,255,0,557,302,255
El Paso,128-EL DORADO 9TH GRD,"JUSTICE, SUPREME COURT, PLACE 6",,MARK ASH,LIB,23,3,18,0,44,26,18
El Paso,128-EL DORADO 9TH GRD,"JUSTICE, SUPREME COURT, PLACE 6",,JIM CHISHOLM,GRN,5,0,6,0,11,5,6
El Paso,128-EL DORADO 9TH GRD,"PRESIDING JUDGE, COURT OF CRIMINAL APPEALS",,SHARON KELLER,REP,183,8,164,0,355,191,164
El Paso,128-EL DORADO 9TH GRD,"PRESIDING JUDGE, COURT OF CRIMINAL APPEALS",,KEITH HAMPTON,DEM,281,9,245,0,535,290,245
El Paso,128-EL DORADO 9TH GRD,"PRESIDING JUDGE, COURT OF CRIMINAL APPEALS",,LANCE STOTT,LIB,22,3,19,0,44,25,19
El Paso,128-EL DORADO 9TH GRD,"JUDGE, COURT OF CRIMINAL APPEALS, PLACE 7",,BARBARA PARKER HERVE,REP,248,8,223,0,479,256,223
El Paso,128-EL DORADO 9TH GRD,"JUDGE, COURT OF CRIMINAL APPEALS, PLACE 7",,MARK W. BENNETT,LIB,160,6,141,0,307,166,141
El Paso,128-EL DORADO 9TH GRD,"JUDGE, COURT OF CRIMINAL APPEALS, PLACE 8",,ELSA ALCALA,REP,270,10,228,0,508,280,228
El Paso,128-EL DORADO 9TH GRD,"JUDGE, COURT OF CRIMINAL APPEALS, PLACE 8",,WILLIAM BRYAN STRANG,LIB,134,4,132,0,270,138,132
El Paso,128-EL DORADO 9TH GRD,MEMBER STATE BOARD OF EDUCATION DISTRICT 1,,CARLOS CHARLIE GARZA,REP,181,6,170,0,357,187,170
El Paso,128-EL DORADO 9TH GRD,MEMBER STATE BOARD OF EDUCATION DISTRICT 1,,MARTHA M. DOMINGUEZ,DEM,303,14,262,0,579,317,262
El Paso,128-EL DORADO 9TH GRD,STATE SENATOR DISTRICT 29,,DAN CHAVEZ,REP,177,7,161,0,345,184,161
El Paso,128-EL DORADO 9TH GRD,STATE SENATOR DISTRICT 29,,JOSE R. RODRIGUEZ,DEM,313,13,274,0,600,326,274
El Paso,128-EL DORADO 9TH GRD,STATE REPRESENTATIVE DISTRICT 75,,MARY E. GONZALEZ,DEM,351,13,303,0,667,364,303
El Paso,128-EL DORADO 9TH GRD,"CHIEF JUSTICE, COURT OF APPEALS 8TH DISTRICT",,ANN CRAWFORD MCCLURE,DEM,346,13,304,0,663,359,304
El Paso,128-EL DORADO 9TH GRD,"JUSTICE, 8TH COURT OF APPEALS DISTRICT, PLACE 2",,CHRIS ANTCLIFF,REP,183,9,161,0,353,192,161
El Paso,128-EL DORADO 9TH GRD,"JUSTICE, 8TH COURT OF APPEALS DISTRICT, PLACE 2",,YVONNE RODRIGUEZ,DEM,303,11,263,0,577,314,263
El Paso,128-EL DORADO 9TH GRD,"JUSTICE, 8TH COURT OF APPEALS DISTRICT, PLACE 3",,GUADALUPE LUPE RIVER,DEM,352,13,303,0,668,365,303
El Paso,128-EL DORADO 9TH GRD,"DISTRICT JUDGE, 34TH JUDICIAL DISTRICT",,BILL MOODY,DEM,350,13,307,0,670,363,307
El Paso,128-EL DORADO 9TH GRD,"DISTRICT JUDGE, 41ST JUDICIAL DISTRICT",,ANNA PEREZ,DEM,354,15,308,0,677,369,308
El Paso,128-EL DORADO 9TH GRD,"DISTRICT JUDGE, 243RD JUDICIAL DISTRICT",,BILLY DON HICKS,REP,195,9,164,0,368,204,164
El Paso,128-EL DORADO 9TH GRD,"DISTRICT JUDGE, 243RD JUDICIAL DISTRICT",,LUIS AGUILAR,DEM,291,11,260,0,562,302,260
El Paso,128-EL DORADO 9TH GRD,"DISTRICT JUDGE, 346TH JUDICIAL DISTRICT",,ANGIE J. BARILL,DEM,334,13,305,0,652,347,305
El Paso,128-EL DORADO 9TH GRD,"DISTRICT JUDGE, 383RD JUDICIAL DISTRICT",,MIKE HERRERA,DEM,336,13,302,0,651,349,302
El Paso,128-EL DORADO 9TH GRD,"DISTRICT JUDGE, 384TH JUDICIAL DISTRICT",,PATRICK M. GARCIA,DEM,332,13,299,0,644,345,299
El Paso,128-EL DORADO 9TH GRD,"DISTRICT JUDGE, 388TH JUDICIAL DISTRICT",,LAURA STRATHMANN,DEM,341,13,302,0,656,354,302
El Paso,128-EL DORADO 9TH GRD,"DISTRICT JUDGE, 409TH JUDICIAL DISTRICT",,SAM MEDRANO JR,DEM,336,13,302,0,651,349,302
El Paso,128-EL DORADO 9TH GRD,"DISTRICT JUDGE, 448TH JUDICIAL DISTRICT",,SERGIO H. ENRIQUEZ,DEM,334,13,298,0,645,347,298
El Paso,128-EL DORADO 9TH GRD,"CRIMINAL DISTRICT JUDGE, COURT NO. 1",,DIANE NAVARRETE,DEM,331,13,298,0,642,344,298
El Paso,128-EL DORADO 9TH GRD,"FAMILY DISTRICT JUDGE, 65TH JUDICIAL DISTRICT",,YAHARA L. GUTIERREZ,DEM,337,13,296,0,646,350,296
El Paso,128-EL DORADO 9TH GRD,"DISTRICT ATTORNEY, 34TH JUDICIAL DISTRICT",,JAIME ESPARZA,DEM,337,13,302,0,652,350,302
El Paso,128-EL DORADO 9TH GRD,"JUDGE, COUNTY CRIMINAL COURT NO. 3",,CARLOS CARRASCO,DEM,334,14,294,0,642,348,294
El Paso,128-EL DORADO 9TH GRD,"JUDGE, COUNTY CRIMINAL COURT NO. 4",,JESUS HERRERA,DEM,334,13,295,0,642,347,295
El Paso,128-EL DORADO 9TH GRD,COUNTY ATTORNEY,,JO ANNE BERNAL,DEM,341,13,302,0,656,354,302
El Paso,128-EL DORADO 9TH GRD,SHERIFF,,RICHARD D. WILES,DEM,346,13,315,0,674,359,315
El Paso,128-EL DORADO 9TH GRD,COUNTY TAX ASSESSOR COLLECTOR,,VICTOR A. FLORES,DEM,341,14,305,0,660,355,305
El Paso,128-EL DORADO 9TH GRD,"COUNTY COMMISSIONER, PRECINCT NO. 3",,FRED CHAVEZ,REP,181,10,162,0,353,191,162
El Paso,128-EL DORADO 9TH GRD,"COUNTY COMMISSIONER, PRECINCT NO. 3",,VINCENT VINCE PEREZ,DEM,296,10,269,0,575,306,269
El Paso,128-EL DORADO 9TH GRD,"CONSTABLE, PRECINCT NO. 6",,JAVIER GARCIA,DEM,332,13,297,0,642,345,297
El Paso,129-LUJAN CHAVEZ ELEMENTARY,"CITY OF EL PASO, PROPOSITION",,FOR (A FAVOR),NP,109,1,89,0,199,110,89
El Paso,129-LUJAN CHAVEZ ELEMENTARY,"CITY OF EL PASO, PROPOSITION",,AGAINST (EN CONTRA),NP,21,1,16,0,38,22,16
El Paso,129-LUJAN CHAVEZ ELEMENTARY,"CITY OF EL PASO, PROPOSITION",,FOR (A FAVOR),NP,108,1,83,0,192,109,83
El Paso,129-LUJAN CHAVEZ ELEMENTARY,"CITY OF EL PASO, PROPOSITION",,AGAINST (EN CONTRA),NP,23,1,21,0,45,24,21
El Paso,129-LUJAN CHAVEZ ELEMENTARY,"CITY OF EL PASO, PROPOSITION",,FOR (A FAVOR),NP,80,1,68,0,149,81,68
El Paso,129-LUJAN CHAVEZ ELEMENTARY,"CITY OF EL PASO, PROPOSITION",,AGAINST (EN CONTRA),NP,50,1,36,0,87,51,36
El Paso,129-LUJAN CHAVEZ ELEMENTARY,STRAIGHT PARTY,,REPUBLICAN,REP,22,0,28,0,50,22,28
El Paso,129-LUJAN CHAVEZ ELEMENTARY,STRAIGHT PARTY,,DEMOCRAT,DEM,66,0,42,0,108,66,42
El Paso,129-LUJAN CHAVEZ ELEMENTARY,STRAIGHT PARTY,,LIBERTARIAN,LIB,1,0,1,0,2,1,1
El Paso,129-LUJAN CHAVEZ ELEMENTARY,STRAIGHT PARTY,,GREEN,GRN,0,0,0,0,0,0,0
El Paso,129-LUJAN CHAVEZ ELEMENTARY,US PRESIDENT,,MITT ROMNEY,REP,38,2,39,0,79,40,39
El Paso,129-LUJAN CHAVEZ ELEMENTARY,US PRESIDENT,,BARACK OBAMA,DEM,98,0,66,0,164,98,66
El Paso,129-LUJAN CHAVEZ ELEMENTARY,US PRESIDENT,,GARY JOHNSON,LIB,3,0,1,0,4,3,1
El Paso,129-LUJAN CHAVEZ ELEMENTARY,US PRESIDENT,,JILL STEIN,GRN,0,0,0,0,0,0,0
El Paso,129-LUJAN CHAVEZ ELEMENTARY,US PRESIDENT,,WRITE-IN,NP,0,0,2,0,2,0,2
El Paso,129-LUJAN CHAVEZ ELEMENTARY,US SENATOR,,TED CRUZ,REP,39,2,36,0,77,41,36
El Paso,129-LUJAN CHAVEZ ELEMENTARY,US SENATOR,,PAUL SADLER,DEM,85,0,60,0,145,85,60
El Paso,129-LUJAN CHAVEZ ELEMENTARY,US SENATOR,,JOHN JAY MYERS,LIB,4,0,5,0,9,4,5
El Paso,129-LUJAN CHAVEZ ELEMENTARY,US SENATOR,,DAVID B. COLLINS,GRN,1,0,2,0,3,1,2
El Paso,129-LUJAN CHAVEZ ELEMENTARY,US REP DISTRICT 16,,BARBARA CARRASCO,REP,40,2,43,0,85,42,43
El Paso,129-LUJAN CHAVEZ ELEMENTARY,US REP DISTRICT 16,,BETO OROURKE,DEM,89,0,56,0,145,89,56
El Paso,129-LUJAN CHAVEZ ELEMENTARY,US REP DISTRICT 16,,JUNART SODOY,LIB,4,0,3,0,7,4,3
El Paso,129-LUJAN CHAVEZ ELEMENTARY,RAILROAD COMMISSIONER,,CHRISTI CRADDICK,REP,32,2,35,0,69,34,35
El Paso,129-LUJAN CHAVEZ ELEMENTARY,RAILROAD COMMISSIONER,,DALE HENRY,DEM,88,0,53,0,141,88,53
El Paso,129-LUJAN CHAVEZ ELEMENTARY,RAILROAD COMMISSIONER,,VIVEKANANDA (VIK) WA,LIB,3,0,6,0,9,3,6
El Paso,129-LUJAN CHAVEZ ELEMENTARY,RAILROAD COMMISSIONER,,CHRIS KENNEDY,GRN,4,0,5,0,9,4,5
El Paso,129-LUJAN CHAVEZ ELEMENTARY,RAILROAD COMMISSIONER,,BARRY SMITHERMAN,REP,50,2,37,0,89,52,37
El Paso,129-LUJAN CHAVEZ ELEMENTARY,RAILROAD COMMISSIONER,,JAIME O. PEREZ,LIB,44,0,34,0,78,44,34
El Paso,129-LUJAN CHAVEZ ELEMENTARY,RAILROAD COMMISSIONER,,JOSH WENDEL,GRN,7,0,14,0,21,7,14
El Paso,129-LUJAN CHAVEZ ELEMENTARY,"JUSTICE, SUPREME COURT, PLACE 2",,DON WILLETT,REP,60,2,46,0,108,62,46
El Paso,129-LUJAN CHAVEZ ELEMENTARY,"JUSTICE, SUPREME COURT, PLACE 2",,RS ROBERT KOELSCH,LIB,39,0,41,0,80,39,41
El Paso,129-LUJAN CHAVEZ ELEMENTARY,"JUSTICE, SUPREME COURT, PLACE 4",,JOHN DEVINE,REP,51,2,40,0,93,53,40
El Paso,129-LUJAN CHAVEZ ELEMENTARY,"JUSTICE, SUPREME COURT, PLACE 4",,TOM OXFORD,LIB,38,0,34,0,72,38,34
El Paso,129-LUJAN CHAVEZ ELEMENTARY,"JUSTICE, SUPREME COURT, PLACE 4",,CHARLES E. WATERBURY,GRN,11,0,13,0,24,11,13
El Paso,129-LUJAN CHAVEZ ELEMENTARY,"JUSTICE, SUPREME COURT, PLACE 6",,NATHAN HECHT,REP,33,2,30,0,65,35,30
El Paso,129-LUJAN CHAVEZ ELEMENTARY,"JUSTICE, SUPREME COURT, PLACE 6",,MICHELE PETTY,DEM,87,0,64,0,151,87,64
El Paso,129-LUJAN CHAVEZ ELEMENTARY,"JUSTICE, SUPREME COURT, PLACE 6",,MARK ASH,LIB,7,0,5,0,12,7,5
El Paso,129-LUJAN CHAVEZ ELEMENTARY,"JUSTICE, SUPREME COURT, PLACE 6",,JIM CHISHOLM,GRN,2,0,1,0,3,2,1
El Paso,129-LUJAN CHAVEZ ELEMENTARY,"PRESIDING JUDGE, COURT OF CRIMINAL APPEALS",,SHARON KELLER,REP,34,2,33,0,69,36,33
El Paso,129-LUJAN CHAVEZ ELEMENTARY,"PRESIDING JUDGE, COURT OF CRIMINAL APPEALS",,KEITH HAMPTON,DEM,89,0,61,0,150,89,61
El Paso,129-LUJAN CHAVEZ ELEMENTARY,"PRESIDING JUDGE, COURT OF CRIMINAL APPEALS",,LANCE STOTT,LIB,4,0,4,0,8,4,4
El Paso,129-LUJAN CHAVEZ ELEMENTARY,"JUDGE, COURT OF CRIMINAL APPEALS, PLACE 7",,BARBARA PARKER HERVE,REP,61,2,52,0,115,63,52
El Paso,129-LUJAN CHAVEZ ELEMENTARY,"JUDGE, COURT OF CRIMINAL APPEALS, PLACE 7",,MARK W. BENNETT,LIB,40,0,33,0,73,40,33
El Paso,129-LUJAN CHAVEZ ELEMENTARY,"JUDGE, COURT OF CRIMINAL APPEALS, PLACE 8",,ELSA ALCALA,REP,63,2,55,0,120,65,55
El Paso,129-LUJAN CHAVEZ ELEMENTARY,"JUDGE, COURT OF CRIMINAL APPEALS, PLACE 8",,WILLIAM BRYAN STRANG,LIB,37,0,31,0,68,37,31
El Paso,129-LUJAN CHAVEZ ELEMENTARY,MEMBER STATE BOARD OF EDUCATION DISTRICT 1,,CARLOS CHARLIE GARZA,REP,40,2,36,0,78,42,36
El Paso,129-LUJAN CHAVEZ ELEMENTARY,MEMBER STATE BOARD OF EDUCATION DISTRICT 1,,MARTHA M. DOMINGUEZ,DEM,88,0,62,0,150,88,62
El Paso,129-LUJAN CHAVEZ ELEMENTARY,STATE SENATOR DISTRICT 29,,DAN CHAVEZ,REP,37,2,38,0,77,39,38
El Paso,129-LUJAN CHAVEZ ELEMENTARY,STATE SENATOR DISTRICT 29,,JOSE R. RODRIGUEZ,DEM,93,0,64,0,157,93,64
El Paso,129-LUJAN CHAVEZ ELEMENTARY,STATE REPRESENTATIVE DISTRICT 75,,MARY E. GONZALEZ,DEM,99,2,71,0,172,101,71
El Paso,129-LUJAN CHAVEZ ELEMENTARY,"CHIEF JUSTICE, COURT OF APPEALS 8TH DISTRICT",,ANN CRAWFORD MCCLURE,DEM,99,2,70,0,171,101,70
El Paso,129-LUJAN CHAVEZ ELEMENTARY,"JUSTICE, 8TH COURT OF APPEALS DISTRICT, PLACE 2",,CHRIS ANTCLIFF,REP,37,2,37,0,76,39,37
El Paso,129-LUJAN CHAVEZ ELEMENTARY,"JUSTICE, 8TH COURT OF APPEALS DISTRICT, PLACE 2",,YVONNE RODRIGUEZ,DEM,92,0,61,0,153,92,61
El Paso,129-LUJAN CHAVEZ ELEMENTARY,"JUSTICE, 8TH COURT OF APPEALS DISTRICT, PLACE 3",,GUADALUPE LUPE RIVER,DEM,98,2,69,0,169,100,69
El Paso,129-LUJAN CHAVEZ ELEMENTARY,"DISTRICT JUDGE, 34TH JUDICIAL DISTRICT",,BILL MOODY,DEM,100,2,70,0,172,102,70
El Paso,129-LUJAN CHAVEZ ELEMENTARY,"DISTRICT JUDGE, 41ST JUDICIAL DISTRICT",,ANNA PEREZ,DEM,98,2,69,0,169,100,69
El Paso,129-LUJAN CHAVEZ ELEMENTARY,"DISTRICT JUDGE, 243RD JUDICIAL DISTRICT",,BILLY DON HICKS,REP,33,2,40,0,75,35,40
El Paso,129-LUJAN CHAVEZ ELEMENTARY,"DISTRICT JUDGE, 243RD JUDICIAL DISTRICT",,LUIS AGUILAR,DEM,95,0,57,0,152,95,57
El Paso,129-LUJAN CHAVEZ ELEMENTARY,"DISTRICT JUDGE, 346TH JUDICIAL DISTRICT",,ANGIE J. BARILL,DEM,98,2,65,0,165,100,65
El Paso,129-LUJAN CHAVEZ ELEMENTARY,"DISTRICT JUDGE, 383RD JUDICIAL DISTRICT",,MIKE HERRERA,DEM,101,2,65,0,168,103,65
El Paso,129-LUJAN CHAVEZ ELEMENTARY,"DISTRICT JUDGE, 384TH JUDICIAL DISTRICT",,PATRICK M. GARCIA,DEM,99,2,66,0,167,101,66
El Paso,129-LUJAN CHAVEZ ELEMENTARY,"DISTRICT JUDGE, 388TH JUDICIAL DISTRICT",,LAURA STRATHMANN,DEM,98,2,64,0,164,100,64
El Paso,129-LUJAN CHAVEZ ELEMENTARY,"DISTRICT JUDGE, 409TH JUDICIAL DISTRICT",,SAM MEDRANO JR,DEM,98,2,66,0,166,100,66
El Paso,129-LUJAN CHAVEZ ELEMENTARY,"DISTRICT JUDGE, 448TH JUDICIAL DISTRICT",,SERGIO H. ENRIQUEZ,DEM,99,2,65,0,166,101,65
El Paso,129-LUJAN CHAVEZ ELEMENTARY,"CRIMINAL DISTRICT JUDGE, COURT NO. 1",,DIANE NAVARRETE,DEM,99,2,65,0,166,101,65
El Paso,129-LUJAN CHAVEZ ELEMENTARY,"FAMILY DISTRICT JUDGE, 65TH JUDICIAL DISTRICT",,YAHARA L. GUTIERREZ,DEM,99,2,65,0,166,101,65
El Paso,129-LUJAN CHAVEZ ELEMENTARY,"DISTRICT ATTORNEY, 34TH JUDICIAL DISTRICT",,JAIME ESPARZA,DEM,97,2,66,0,165,99,66
El Paso,129-LUJAN CHAVEZ ELEMENTARY,"JUDGE, COUNTY CRIMINAL COURT NO. 3",,CARLOS CARRASCO,DEM,97,2,65,0,164,99,65
El Paso,129-LUJAN CHAVEZ ELEMENTARY,"JUDGE, COUNTY CRIMINAL COURT NO. 4",,JESUS HERRERA,DEM,96,2,64,0,162,98,64
El Paso,129-LUJAN CHAVEZ ELEMENTARY,COUNTY ATTORNEY,,JO ANNE BERNAL,DEM,98,2,65,0,165,100,65
El Paso,129-LUJAN CHAVEZ ELEMENTARY,SHERIFF,,RICHARD D. WILES,DEM,99,2,65,0,166,101,65
El Paso,129-LUJAN CHAVEZ ELEMENTARY,COUNTY TAX ASSESSOR COLLECTOR,,VICTOR A. FLORES,DEM,97,2,65,0,164,99,65
El Paso,129-LUJAN CHAVEZ ELEMENTARY,"COUNTY COMMISSIONER, PRECINCT NO. 3",,FRED CHAVEZ,REP,38,2,39,0,79,40,39
El Paso,129-LUJAN CHAVEZ ELEMENTARY,"COUNTY COMMISSIONER, PRECINCT NO. 3",,VINCENT VINCE PEREZ,DEM,89,0,58,0,147,89,58
El Paso,129-LUJAN CHAVEZ ELEMENTARY,"CONSTABLE, PRECINCT NO. 6",,JAVIER GARCIA,DEM,97,2,65,0,164,99,65
El Paso,130-LUJAN CHAVEZ ELEMENTARY,"CITY OF EL PASO, PROPOSITION",,FOR (A FAVOR),NP,598,14,507,0,1119,612,507
El Paso,130-LUJAN CHAVEZ ELEMENTARY,"CITY OF EL PASO, PROPOSITION",,AGAINST (EN CONTRA),NP,169,4,108,0,281,173,108
El Paso,130-LUJAN CHAVEZ ELEMENTARY,"CITY OF EL PASO, PROPOSITION",,FOR (A FAVOR),NP,562,12,481,0,1055,574,481
El Paso,130-LUJAN CHAVEZ ELEMENTARY,"CITY OF EL PASO, PROPOSITION",,AGAINST (EN CONTRA),NP,193,6,129,0,328,199,129
El Paso,130-LUJAN CHAVEZ ELEMENTARY,"CITY OF EL PASO, PROPOSITION",,FOR (A FAVOR),NP,487,7,423,0,917,494,423
El Paso,130-LUJAN CHAVEZ ELEMENTARY,"CITY OF EL PASO, PROPOSITION",,AGAINST (EN CONTRA),NP,271,10,190,0,471,281,190
El Paso,130-LUJAN CHAVEZ ELEMENTARY,STRAIGHT PARTY,,REPUBLICAN,REP,146,7,115,0,268,153,115
El Paso,130-LUJAN CHAVEZ ELEMENTARY,STRAIGHT PARTY,,DEMOCRAT,DEM,344,3,277,0,624,347,277
El Paso,130-LUJAN CHAVEZ ELEMENTARY,STRAIGHT PARTY,,LIBERTARIAN,LIB,0,0,7,0,7,0,7
El Paso,130-LUJAN CHAVEZ ELEMENTARY,STRAIGHT PARTY,,GREEN,GRN,3,0,1,0,4,3,1
El Paso,130-LUJAN CHAVEZ ELEMENTARY,US PRESIDENT,,MITT ROMNEY,REP,252,12,204,0,468,264,204
El Paso,130-LUJAN CHAVEZ ELEMENTARY,US PRESIDENT,,BARACK OBAMA,DEM,519,7,412,0,938,526,412
El Paso,130-LUJAN CHAVEZ ELEMENTARY,US PRESIDENT,,GARY JOHNSON,LIB,4,0,6,0,10,4,6
El Paso,130-LUJAN CHAVEZ ELEMENTARY,US PRESIDENT,,JILL STEIN,GRN,1,0,0,0,1,1,0
El Paso,130-LUJAN CHAVEZ ELEMENTARY,US PRESIDENT,,WRITE-IN,NP,2,0,2,0,4,2,2
El Paso,130-LUJAN CHAVEZ ELEMENTARY,US SENATOR,,TED CRUZ,REP,278,12,203,0,493,290,203
El Paso,130-LUJAN CHAVEZ ELEMENTARY,US SENATOR,,PAUL SADLER,DEM,458,5,375,0,838,463,375
El Paso,130-LUJAN CHAVEZ ELEMENTARY,US SENATOR,,JOHN JAY MYERS,LIB,9,0,12,0,21,9,12
El Paso,130-LUJAN CHAVEZ ELEMENTARY,US SENATOR,,DAVID B. COLLINS,GRN,8,1,6,0,15,9,6
El Paso,130-LUJAN CHAVEZ ELEMENTARY,US REP DISTRICT 16,,BARBARA CARRASCO,REP,252,13,187,0,452,265,187
El Paso,130-LUJAN CHAVEZ ELEMENTARY,US REP DISTRICT 16,,BETO OROURKE,DEM,502,5,415,0,922,507,415
El Paso,130-LUJAN CHAVEZ ELEMENTARY,US REP DISTRICT 16,,JUNART SODOY,LIB,9,0,8,0,17,9,8
El Paso,130-LUJAN CHAVEZ ELEMENTARY,RAILROAD COMMISSIONER,,CHRISTI CRADDICK,REP,244,12,172,0,428,256,172
El Paso,130-LUJAN CHAVEZ ELEMENTARY,RAILROAD COMMISSIONER,,DALE HENRY,DEM,475,5,373,0,853,480,373
El Paso,130-LUJAN CHAVEZ ELEMENTARY,RAILROAD COMMISSIONER,,VIVEKANANDA (VIK) WA,LIB,8,0,13,0,21,8,13
El Paso,130-LUJAN CHAVEZ ELEMENTARY,RAILROAD COMMISSIONER,,CHRIS KENNEDY,GRN,11,0,24,0,35,11,24
El Paso,130-LUJAN CHAVEZ ELEMENTARY,RAILROAD COMMISSIONER,,BARRY SMITHERMAN,REP,287,13,221,0,521,300,221
El Paso,130-LUJAN CHAVEZ ELEMENTARY,RAILROAD COMMISSIONER,,JAIME O. PEREZ,LIB,260,0,224,0,484,260,224
El Paso,130-LUJAN CHAVEZ ELEMENTARY,RAILROAD COMMISSIONER,,JOSH WENDEL,GRN,62,1,35,0,98,63,35
El Paso,130-LUJAN CHAVEZ ELEMENTARY,"JUSTICE, SUPREME COURT, PLACE 2",,DON WILLETT,REP,344,13,286,0,643,357,286
El Paso,130-LUJAN CHAVEZ ELEMENTARY,"JUSTICE, SUPREME COURT, PLACE 2",,RS ROBERT KOELSCH,LIB,246,1,191,0,438,247,191
El Paso,130-LUJAN CHAVEZ ELEMENTARY,"JUSTICE, SUPREME COURT, PLACE 4",,JOHN DEVINE,REP,323,13,275,0,611,336,275
El Paso,130-LUJAN CHAVEZ ELEMENTARY,"JUSTICE, SUPREME COURT, PLACE 4",,TOM OXFORD,LIB,188,0,145,0,333,188,145
El Paso,130-LUJAN CHAVEZ ELEMENTARY,"JUSTICE, SUPREME COURT, PLACE 4",,CHARLES E. WATERBURY,GRN,82,1,58,0,141,83,58
El Paso,130-LUJAN CHAVEZ ELEMENTARY,"JUSTICE, SUPREME COURT, PLACE 6",,NATHAN HECHT,REP,232,13,164,0,409,245,164
El Paso,130-LUJAN CHAVEZ ELEMENTARY,"JUSTICE, SUPREME COURT, PLACE 6",,MICHELE PETTY,DEM,483,5,392,0,880,488,392
El Paso,130-LUJAN CHAVEZ ELEMENTARY,"JUSTICE, SUPREME COURT, PLACE 6",,MARK ASH,LIB,14,0,15,0,29,14,15
El Paso,130-LUJAN CHAVEZ ELEMENTARY,"JUSTICE, SUPREME COURT, PLACE 6",,JIM CHISHOLM,GRN,8,0,8,0,16,8,8
El Paso,130-LUJAN CHAVEZ ELEMENTARY,"PRESIDING JUDGE, COURT OF CRIMINAL APPEALS",,SHARON KELLER,REP,245,13,182,0,440,258,182
El Paso,130-LUJAN CHAVEZ ELEMENTARY,"PRESIDING JUDGE, COURT OF CRIMINAL APPEALS",,KEITH HAMPTON,DEM,475,5,381,0,861,480,381
El Paso,130-LUJAN CHAVEZ ELEMENTARY,"PRESIDING JUDGE, COURT OF CRIMINAL APPEALS",,LANCE STOTT,LIB,17,0,17,0,34,17,17
El Paso,130-LUJAN CHAVEZ ELEMENTARY,"JUDGE, COURT OF CRIMINAL APPEALS, PLACE 7",,BARBARA PARKER HERVE,REP,359,13,300,0,672,372,300
El Paso,130-LUJAN CHAVEZ ELEMENTARY,"JUDGE, COURT OF CRIMINAL APPEALS, PLACE 7",,MARK W. BENNETT,LIB,233,1,178,0,412,234,178
El Paso,130-LUJAN CHAVEZ ELEMENTARY,"JUDGE, COURT OF CRIMINAL APPEALS, PLACE 8",,ELSA ALCALA,REP,387,13,336,0,736,400,336
El Paso,130-LUJAN CHAVEZ ELEMENTARY,"JUDGE, COURT OF CRIMINAL APPEALS, PLACE 8",,WILLIAM BRYAN STRANG,LIB,209,1,144,0,354,210,144
El Paso,130-LUJAN CHAVEZ ELEMENTARY,MEMBER STATE BOARD OF EDUCATION DISTRICT 1,,CARLOS CHARLIE GARZA,REP,255,12,189,0,456,267,189
El Paso,130-LUJAN CHAVEZ ELEMENTARY,MEMBER STATE BOARD OF EDUCATION DISTRICT 1,,MARTHA M. DOMINGUEZ,DEM,491,5,395,0,891,496,395
El Paso,130-LUJAN CHAVEZ ELEMENTARY,STATE SENATOR DISTRICT 29,,DAN CHAVEZ,REP,240,12,178,0,430,252,178
El Paso,130-LUJAN CHAVEZ ELEMENTARY,STATE SENATOR DISTRICT 29,,JOSE R. RODRIGUEZ,DEM,513,5,415,0,933,518,415
El Paso,130-LUJAN CHAVEZ ELEMENTARY,STATE REPRESENTATIVE DISTRICT 75,,MARY E. GONZALEZ,DEM,566,8,460,0,1034,574,460
El Paso,130-LUJAN CHAVEZ ELEMENTARY,"CHIEF JUSTICE, COURT OF APPEALS 8TH DISTRICT",,ANN CRAWFORD MCCLURE,DEM,567,7,453,0,1027,574,453
El Paso,130-LUJAN CHAVEZ ELEMENTARY,"JUSTICE, 8TH COURT OF APPEALS DISTRICT, PLACE 2",,CHRIS ANTCLIFF,REP,262,13,173,0,448,275,173
El Paso,130-LUJAN CHAVEZ ELEMENTARY,"JUSTICE, 8TH COURT OF APPEALS DISTRICT, PLACE 2",,YVONNE RODRIGUEZ,DEM,484,5,409,0,898,489,409
El Paso,130-LUJAN CHAVEZ ELEMENTARY,"JUSTICE, 8TH COURT OF APPEALS DISTRICT, PLACE 3",,GUADALUPE LUPE RIVER,DEM,569,8,461,0,1038,577,461
El Paso,130-LUJAN CHAVEZ ELEMENTARY,"DISTRICT JUDGE, 34TH JUDICIAL DISTRICT",,BILL MOODY,DEM,577,8,467,0,1052,585,467
El Paso,130-LUJAN CHAVEZ ELEMENTARY,"DISTRICT JUDGE, 41ST JUDICIAL DISTRICT",,ANNA PEREZ,DEM,559,7,456,0,1022,566,456
El Paso,130-LUJAN CHAVEZ ELEMENTARY,"DISTRICT JUDGE, 243RD JUDICIAL DISTRICT",,BILLY DON HICKS,REP,271,12,185,0,468,283,185
El Paso,130-LUJAN CHAVEZ ELEMENTARY,"DISTRICT JUDGE, 243RD JUDICIAL DISTRICT",,LUIS AGUILAR,DEM,478,6,402,0,886,484,402
El Paso,130-LUJAN CHAVEZ ELEMENTARY,"DISTRICT JUDGE, 346TH JUDICIAL DISTRICT",,ANGIE J. BARILL,DEM,554,7,447,0,1008,561,447
El Paso,130-LUJAN CHAVEZ ELEMENTARY,"DISTRICT JUDGE, 383RD JUDICIAL DISTRICT",,MIKE HERRERA,DEM,561,7,449,0,1017,568,449
El Paso,130-LUJAN CHAVEZ ELEMENTARY,"DISTRICT JUDGE, 384TH JUDICIAL DISTRICT",,PATRICK M. GARCIA,DEM,552,7,447,0,1006,559,447
El Paso,130-LUJAN CHAVEZ ELEMENTARY,"DISTRICT JUDGE, 388TH JUDICIAL DISTRICT",,LAURA STRATHMANN,DEM,551,7,450,0,1008,558,450
El Paso,130-LUJAN CHAVEZ ELEMENTARY,"DISTRICT JUDGE, 409TH JUDICIAL DISTRICT",,SAM MEDRANO JR,DEM,551,7,451,0,1009,558,451
El Paso,130-LUJAN CHAVEZ ELEMENTARY,"DISTRICT JUDGE, 448TH JUDICIAL DISTRICT",,SERGIO H. ENRIQUEZ,DEM,544,7,447,0,998,551,447
El Paso,130-LUJAN CHAVEZ ELEMENTARY,"CRIMINAL DISTRICT JUDGE, COURT NO. 1",,DIANE NAVARRETE,DEM,554,7,447,0,1008,561,447
El Paso,130-LUJAN CHAVEZ ELEMENTARY,"FAMILY DISTRICT JUDGE, 65TH JUDICIAL DISTRICT",,YAHARA L. GUTIERREZ,DEM,548,7,441,0,996,555,441
El Paso,130-LUJAN CHAVEZ ELEMENTARY,"DISTRICT ATTORNEY, 34TH JUDICIAL DISTRICT",,JAIME ESPARZA,DEM,556,6,455,0,1017,562,455
El Paso,130-LUJAN CHAVEZ ELEMENTARY,"JUDGE, COUNTY CRIMINAL COURT NO. 3",,CARLOS CARRASCO,DEM,543,7,446,0,996,550,446
El Paso,130-LUJAN CHAVEZ ELEMENTARY,"JUDGE, COUNTY CRIMINAL COURT NO. 4",,JESUS HERRERA,DEM,548,7,444,0,999,555,444
El Paso,130-LUJAN CHAVEZ ELEMENTARY,COUNTY ATTORNEY,,JO ANNE BERNAL,DEM,557,8,454,0,1019,565,454
El Paso,130-LUJAN CHAVEZ ELEMENTARY,SHERIFF,,RICHARD D. WILES,DEM,577,7,460,0,1044,584,460
El Paso,130-LUJAN CHAVEZ ELEMENTARY,COUNTY TAX ASSESSOR COLLECTOR,,VICTOR A. FLORES,DEM,564,7,462,0,1033,571,462
El Paso,130-LUJAN CHAVEZ ELEMENTARY,"COUNTY COMMISSIONER, PRECINCT NO. 1",,BILL LENDERMAN,REP,229,12,164,0,405,241,164
El Paso,130-LUJAN CHAVEZ ELEMENTARY,"COUNTY COMMISSIONER, PRECINCT NO. 1",,CARLOS LEON,DEM,511,6,432,0,949,517,432
El Paso,130-LUJAN CHAVEZ ELEMENTARY,"CONSTABLE, PRECINCT NO. 5",,MANNY LOPEZ,DEM,544,7,443,0,994,551,443
El Paso,131-SIERRA VISTA ELEMENTARY,"CITY OF EL PASO, PROPOSITION",,FOR (A FAVOR),NP,90,1,66,2,159,91,68
El Paso,131-SIERRA VISTA ELEMENTARY,"CITY OF EL PASO, PROPOSITION",,AGAINST (EN CONTRA),NP,25,1,9,4,39,26,13
El Paso,131-SIERRA VISTA ELEMENTARY,"CITY OF EL PASO, PROPOSITION",,FOR (A FAVOR),NP,88,1,61,3,153,89,64
El Paso,131-SIERRA VISTA ELEMENTARY,"CITY OF EL PASO, PROPOSITION",,AGAINST (EN CONTRA),NP,24,1,12,3,40,25,15
El Paso,131-SIERRA VISTA ELEMENTARY,"CITY OF EL PASO, PROPOSITION",,FOR (A FAVOR),NP,70,0,54,0,124,70,54
El Paso,131-SIERRA VISTA ELEMENTARY,"CITY OF EL PASO, PROPOSITION",,AGAINST (EN CONTRA),NP,44,3,21,6,74,47,27
El Paso,131-SIERRA VISTA ELEMENTARY,STRAIGHT PARTY,,REPUBLICAN,REP,17,1,16,1,35,18,17
El Paso,131-SIERRA VISTA ELEMENTARY,STRAIGHT PARTY,,DEMOCRAT,DEM,56,0,34,2,92,56,36
El Paso,131-SIERRA VISTA ELEMENTARY,STRAIGHT PARTY,,LIBERTARIAN,LIB,0,0,0,0,0,0,0
El Paso,131-SIERRA VISTA ELEMENTARY,STRAIGHT PARTY,,GREEN,GRN,0,0,0,0,0,0,0
El Paso,131-SIERRA VISTA ELEMENTARY,US PRESIDENT,,MITT ROMNEY,REP,26,2,25,1,54,28,26
El Paso,131-SIERRA VISTA ELEMENTARY,US PRESIDENT,,BARACK OBAMA,DEM,88,1,49,5,143,89,54
El Paso,131-SIERRA VISTA ELEMENTARY,US PRESIDENT,,GARY JOHNSON,LIB,0,0,0,0,0,0,0
El Paso,131-SIERRA VISTA ELEMENTARY,US PRESIDENT,,JILL STEIN,GRN,0,0,0,0,0,0,0
El Paso,131-SIERRA VISTA ELEMENTARY,US PRESIDENT,,WRITE-IN,NP,0,0,2,0,2,0,2
El Paso,131-SIERRA VISTA ELEMENTARY,US SENATOR,,TED CRUZ,REP,28,2,23,1,54,30,24
El Paso,131-SIERRA VISTA ELEMENTARY,US SENATOR,,PAUL SADLER,DEM,79,0,49,3,131,79,52
El Paso,131-SIERRA VISTA ELEMENTARY,US SENATOR,,JOHN JAY MYERS,LIB,0,0,2,1,3,0,3
El Paso,131-SIERRA VISTA ELEMENTARY,US SENATOR,,DAVID B. COLLINS,GRN,1,0,0,0,1,1,0
El Paso,131-SIERRA VISTA ELEMENTARY,US REP DISTRICT 16,,BARBARA CARRASCO,REP,28,2,27,2,59,30,29
El Paso,131-SIERRA VISTA ELEMENTARY,US REP DISTRICT 16,,BETO OROURKE,DEM,86,1,47,4,138,87,51
El Paso,131-SIERRA VISTA ELEMENTARY,US REP DISTRICT 16,,JUNART SODOY,LIB,0,0,1,0,1,0,1
El Paso,131-SIERRA VISTA ELEMENTARY,RAILROAD COMMISSIONER,,CHRISTI CRADDICK,REP,27,2,26,1,56,29,27
El Paso,131-SIERRA VISTA ELEMENTARY,RAILROAD COMMISSIONER,,DALE HENRY,DEM,77,0,42,3,122,77,45
El Paso,131-SIERRA VISTA ELEMENTARY,RAILROAD COMMISSIONER,,VIVEKANANDA (VIK) WA,LIB,0,0,1,1,2,0,2
El Paso,131-SIERRA VISTA ELEMENTARY,RAILROAD COMMISSIONER,,CHRIS KENNEDY,GRN,1,0,5,0,6,1,5
El Paso,131-SIERRA VISTA ELEMENTARY,RAILROAD COMMISSIONER,,BARRY SMITHERMAN,REP,30,2,33,1,66,32,34
El Paso,131-SIERRA VISTA ELEMENTARY,RAILROAD COMMISSIONER,,JAIME O. PEREZ,LIB,50,0,26,3,79,50,29
El Paso,131-SIERRA VISTA ELEMENTARY,RAILROAD COMMISSIONER,,JOSH WENDEL,GRN,5,0,5,1,11,5,6
El Paso,131-SIERRA VISTA ELEMENTARY,"JUSTICE, SUPREME COURT, PLACE 2",,DON WILLETT,REP,42,2,45,2,91,44,47
El Paso,131-SIERRA VISTA ELEMENTARY,"JUSTICE, SUPREME COURT, PLACE 2",,RS ROBERT KOELSCH,LIB,41,0,20,4,65,41,24
El Paso,131-SIERRA VISTA ELEMENTARY,"JUSTICE, SUPREME COURT, PLACE 4",,JOHN DEVINE,REP,44,2,41,1,88,46,42
El Paso,131-SIERRA VISTA ELEMENTARY,"JUSTICE, SUPREME COURT, PLACE 4",,TOM OXFORD,LIB,33,0,19,2,54,33,21
El Paso,131-SIERRA VISTA ELEMENTARY,"JUSTICE, SUPREME COURT, PLACE 4",,CHARLES E. WATERBURY,GRN,5,0,5,2,12,5,7
El Paso,131-SIERRA VISTA ELEMENTARY,"JUSTICE, SUPREME COURT, PLACE 6",,NATHAN HECHT,REP,23,2,21,1,47,25,22
El Paso,131-SIERRA VISTA ELEMENTARY,"JUSTICE, SUPREME COURT, PLACE 6",,MICHELE PETTY,DEM,81,0,49,3,133,81,52
El Paso,131-SIERRA VISTA ELEMENTARY,"JUSTICE, SUPREME COURT, PLACE 6",,MARK ASH,LIB,3,0,0,1,4,3,1
El Paso,131-SIERRA VISTA ELEMENTARY,"JUSTICE, SUPREME COURT, PLACE 6",,JIM CHISHOLM,GRN,0,0,3,0,3,0,3
El Paso,131-SIERRA VISTA ELEMENTARY,"PRESIDING JUDGE, COURT OF CRIMINAL APPEALS",,SHARON KELLER,REP,24,2,29,1,56,26,30
El Paso,131-SIERRA VISTA ELEMENTARY,"PRESIDING JUDGE, COURT OF CRIMINAL APPEALS",,KEITH HAMPTON,DEM,80,0,42,4,126,80,46
El Paso,131-SIERRA VISTA ELEMENTARY,"PRESIDING JUDGE, COURT OF CRIMINAL APPEALS",,LANCE STOTT,LIB,2,1,2,0,5,3,2
El Paso,131-SIERRA VISTA ELEMENTARY,"JUDGE, COURT OF CRIMINAL APPEALS, PLACE 7",,BARBARA PARKER HERVE,REP,41,2,41,4,88,43,45
El Paso,131-SIERRA VISTA ELEMENTARY,"JUDGE, COURT OF CRIMINAL APPEALS, PLACE 7",,MARK W. BENNETT,LIB,42,0,24,1,67,42,25
El Paso,131-SIERRA VISTA ELEMENTARY,"JUDGE, COURT OF CRIMINAL APPEALS, PLACE 8",,ELSA ALCALA,REP,43,2,49,2,96,45,51
El Paso,131-SIERRA VISTA ELEMENTARY,"JUDGE, COURT OF CRIMINAL APPEALS, PLACE 8",,WILLIAM BRYAN STRANG,LIB,38,0,16,3,57,38,19
El Paso,131-SIERRA VISTA ELEMENTARY,MEMBER STATE BOARD OF EDUCATION DISTRICT 1,,CARLOS CHARLIE GARZA,REP,26,2,29,1,58,28,30
El Paso,131-SIERRA VISTA ELEMENTARY,MEMBER STATE BOARD OF EDUCATION DISTRICT 1,,MARTHA M. DOMINGUEZ,DEM,80,0,44,4,128,80,48
El Paso,131-SIERRA VISTA ELEMENTARY,STATE SENATOR DISTRICT 29,,DAN CHAVEZ,REP,27,2,25,1,55,29,26
El Paso,131-SIERRA VISTA ELEMENTARY,STATE SENATOR DISTRICT 29,,JOSE R. RODRIGUEZ,DEM,81,0,48,5,134,81,53
El Paso,131-SIERRA VISTA ELEMENTARY,STATE REPRESENTATIVE DISTRICT 75,,MARY E. GONZALEZ,DEM,87,1,58,3,149,88,61
El Paso,131-SIERRA VISTA ELEMENTARY,"CHIEF JUSTICE, COURT OF APPEALS 8TH DISTRICT",,ANN CRAWFORD MCCLURE,DEM,87,1,57,3,148,88,60
El Paso,131-SIERRA VISTA ELEMENTARY,"JUSTICE, 8TH COURT OF APPEALS DISTRICT, PLACE 2",,CHRIS ANTCLIFF,REP,30,2,26,2,60,32,28
El Paso,131-SIERRA VISTA ELEMENTARY,"JUSTICE, 8TH COURT OF APPEALS DISTRICT, PLACE 2",,YVONNE RODRIGUEZ,DEM,77,0,48,4,129,77,52
El Paso,131-SIERRA VISTA ELEMENTARY,"JUSTICE, 8TH COURT OF APPEALS DISTRICT, PLACE 3",,GUADALUPE LUPE RIVER,DEM,90,1,57,3,151,91,60
El Paso,131-SIERRA VISTA ELEMENTARY,"DISTRICT JUDGE, 34TH JUDICIAL DISTRICT",,BILL MOODY,DEM,89,2,57,3,151,91,60
El Paso,131-SIERRA VISTA ELEMENTARY,"DISTRICT JUDGE, 41ST JUDICIAL DISTRICT",,ANNA PEREZ,DEM,91,1,60,3,155,92,63
El Paso,131-SIERRA VISTA ELEMENTARY,"DISTRICT JUDGE, 243RD JUDICIAL DISTRICT",,BILLY DON HICKS,REP,28,2,25,1,56,30,26
El Paso,131-SIERRA VISTA ELEMENTARY,"DISTRICT JUDGE, 243RD JUDICIAL DISTRICT",,LUIS AGUILAR,DEM,78,0,49,5,132,78,54
El Paso,131-SIERRA VISTA ELEMENTARY,"DISTRICT JUDGE, 346TH JUDICIAL DISTRICT",,ANGIE J. BARILL,DEM,85,1,56,3,145,86,59
El Paso,131-SIERRA VISTA ELEMENTARY,"DISTRICT JUDGE, 383RD JUDICIAL DISTRICT",,MIKE HERRERA,DEM,87,1,57,3,148,88,60
El Paso,131-SIERRA VISTA ELEMENTARY,"DISTRICT JUDGE, 384TH JUDICIAL DISTRICT",,PATRICK M. GARCIA,DEM,84,1,56,3,144,85,59
El Paso,131-SIERRA VISTA ELEMENTARY,"DISTRICT JUDGE, 388TH JUDICIAL DISTRICT",,LAURA STRATHMANN,DEM,83,1,57,3,144,84,60
El Paso,131-SIERRA VISTA ELEMENTARY,"DISTRICT JUDGE, 409TH JUDICIAL DISTRICT",,SAM MEDRANO JR,DEM,83,1,57,3,144,84,60
El Paso,131-SIERRA VISTA ELEMENTARY,"DISTRICT JUDGE, 448TH JUDICIAL DISTRICT",,SERGIO H. ENRIQUEZ,DEM,83,1,57,3,144,84,60
El Paso,131-SIERRA VISTA ELEMENTARY,"CRIMINAL DISTRICT JUDGE, COURT NO. 1",,DIANE NAVARRETE,DEM,83,1,57,3,144,84,60
El Paso,131-SIERRA VISTA ELEMENTARY,"FAMILY DISTRICT JUDGE, 65TH JUDICIAL DISTRICT",,YAHARA L. GUTIERREZ,DEM,84,2,58,3,147,86,61
El Paso,131-SIERRA VISTA ELEMENTARY,"DISTRICT ATTORNEY, 34TH JUDICIAL DISTRICT",,JAIME ESPARZA,DEM,87,1,57,3,148,88,60
El Paso,131-SIERRA VISTA ELEMENTARY,"JUDGE, COUNTY CRIMINAL COURT NO. 3",,CARLOS CARRASCO,DEM,84,1,57,3,145,85,60
El Paso,131-SIERRA VISTA ELEMENTARY,"JUDGE, COUNTY CRIMINAL COURT NO. 4",,JESUS HERRERA,DEM,83,2,57,3,145,85,60
El Paso,131-SIERRA VISTA ELEMENTARY,COUNTY ATTORNEY,,JO ANNE BERNAL,DEM,86,1,57,3,147,87,60
El Paso,131-SIERRA VISTA ELEMENTARY,SHERIFF,,RICHARD D. WILES,DEM,93,1,60,3,157,94,63
El Paso,131-SIERRA VISTA ELEMENTARY,COUNTY TAX ASSESSOR COLLECTOR,,VICTOR A. FLORES,DEM,88,1,58,3,150,89,61
El Paso,131-SIERRA VISTA ELEMENTARY,"COUNTY COMMISSIONER, PRECINCT NO. 3",,FRED CHAVEZ,REP,28,2,24,2,56,30,26
El Paso,131-SIERRA VISTA ELEMENTARY,"COUNTY COMMISSIONER, PRECINCT NO. 3",,VINCENT VINCE PEREZ,DEM,78,0,48,4,130,78,52
El Paso,131-SIERRA VISTA ELEMENTARY,"CONSTABLE, PRECINCT NO. 6",,JAVIER GARCIA,DEM,86,2,58,3,149,88,61
El Paso,132-RAMONA ELEMENTARY,"CITY OF EL PASO, PROPOSITION",,FOR (A FAVOR),NP,30,3,30,0,63,33,30
El Paso,132-RAMONA ELEMENTARY,"CITY OF EL PASO, PROPOSITION",,AGAINST (EN CONTRA),NP,6,0,6,0,12,6,6
El Paso,132-RAMONA ELEMENTARY,"CITY OF EL PASO, PROPOSITION",,FOR (A FAVOR),NP,28,3,27,0,58,31,27
El Paso,132-RAMONA ELEMENTARY,"CITY OF EL PASO, PROPOSITION",,AGAINST (EN CONTRA),NP,7,0,10,0,17,7,10
El Paso,132-RAMONA ELEMENTARY,"CITY OF EL PASO, PROPOSITION",,FOR (A FAVOR),NP,19,2,21,0,42,21,21
El Paso,132-RAMONA ELEMENTARY,"CITY OF EL PASO, PROPOSITION",,AGAINST (EN CONTRA),NP,14,1,16,0,31,15,16
El Paso,132-RAMONA ELEMENTARY,STRAIGHT PARTY,,REPUBLICAN,REP,3,1,6,0,10,4,6
El Paso,132-RAMONA ELEMENTARY,STRAIGHT PARTY,,DEMOCRAT,DEM,20,1,16,0,37,21,16
El Paso,132-RAMONA ELEMENTARY,STRAIGHT PARTY,,LIBERTARIAN,LIB,0,0,0,0,0,0,0
El Paso,132-RAMONA ELEMENTARY,STRAIGHT PARTY,,GREEN,GRN,0,0,0,0,0,0,0
El Paso,132-RAMONA ELEMENTARY,US PRESIDENT,,MITT ROMNEY,REP,7,1,10,0,18,8,10
El Paso,132-RAMONA ELEMENTARY,US PRESIDENT,,BARACK OBAMA,DEM,29,2,26,0,57,31,26
El Paso,132-RAMONA ELEMENTARY,US PRESIDENT,,GARY JOHNSON,LIB,1,0,1,0,2,1,1
El Paso,132-RAMONA ELEMENTARY,US PRESIDENT,,JILL STEIN,GRN,0,0,0,0,0,0,0
El Paso,132-RAMONA ELEMENTARY,US PRESIDENT,,WRITE-IN,NP,0,0,1,0,1,0,1
El Paso,132-RAMONA ELEMENTARY,US SENATOR,,TED CRUZ,REP,5,1,11,0,17,6,11
El Paso,132-RAMONA ELEMENTARY,US SENATOR,,PAUL SADLER,DEM,26,2,26,0,54,28,26
El Paso,132-RAMONA ELEMENTARY,US SENATOR,,JOHN JAY MYERS,LIB,2,0,0,0,2,2,0
El Paso,132-RAMONA ELEMENTARY,US SENATOR,,DAVID B. COLLINS,GRN,0,0,0,0,0,0,0
El Paso,132-RAMONA ELEMENTARY,US REP DISTRICT 16,,BARBARA CARRASCO,REP,7,1,11,0,19,8,11
El Paso,132-RAMONA ELEMENTARY,US REP DISTRICT 16,,BETO OROURKE,DEM,29,2,26,0,57,31,26
El Paso,132-RAMONA ELEMENTARY,US REP DISTRICT 16,,JUNART SODOY,LIB,0,0,0,0,0,0,0
El Paso,132-RAMONA ELEMENTARY,RAILROAD COMMISSIONER,,CHRISTI CRADDICK,REP,5,1,10,0,16,6,10
El Paso,132-RAMONA ELEMENTARY,RAILROAD COMMISSIONER,,DALE HENRY,DEM,25,2,22,0,49,27,22
El Paso,132-RAMONA ELEMENTARY,RAILROAD COMMISSIONER,,VIVEKANANDA (VIK) WA,LIB,2,0,2,0,4,2,2
El Paso,132-RAMONA ELEMENTARY,RAILROAD COMMISSIONER,,CHRIS KENNEDY,GRN,1,0,1,0,2,1,1
El Paso,132-RAMONA ELEMENTARY,RAILROAD COMMISSIONER,,BARRY SMITHERMAN,REP,5,1,15,0,21,6,15
El Paso,132-RAMONA ELEMENTARY,RAILROAD COMMISSIONER,,JAIME O. PEREZ,LIB,13,1,10,0,24,14,10
El Paso,132-RAMONA ELEMENTARY,RAILROAD COMMISSIONER,,JOSH WENDEL,GRN,1,0,5,0,6,1,5
El Paso,132-RAMONA ELEMENTARY,"JUSTICE, SUPREME COURT, PLACE 2",,DON WILLETT,REP,11,1,18,0,30,12,18
El Paso,132-RAMONA ELEMENTARY,"JUSTICE, SUPREME COURT, PLACE 2",,RS ROBERT KOELSCH,LIB,10,1,12,0,23,11,12
El Paso,132-RAMONA ELEMENTARY,"JUSTICE, SUPREME COURT, PLACE 4",,JOHN DEVINE,REP,7,1,15,0,23,8,15
El Paso,132-RAMONA ELEMENTARY,"JUSTICE, SUPREME COURT, PLACE 4",,TOM OXFORD,LIB,11,1,7,0,19,12,7
El Paso,132-RAMONA ELEMENTARY,"JUSTICE, SUPREME COURT, PLACE 4",,CHARLES E. WATERBURY,GRN,2,0,7,0,9,2,7
El Paso,132-RAMONA ELEMENTARY,"JUSTICE, SUPREME COURT, PLACE 6",,NATHAN HECHT,REP,4,1,9,0,14,5,9
El Paso,132-RAMONA ELEMENTARY,"JUSTICE, SUPREME COURT, PLACE 6",,MICHELE PETTY,DEM,25,2,23,0,50,27,23
El Paso,132-RAMONA ELEMENTARY,"JUSTICE, SUPREME COURT, PLACE 6",,MARK ASH,LIB,2,0,1,0,3,2,1
El Paso,132-RAMONA ELEMENTARY,"JUSTICE, SUPREME COURT, PLACE 6",,JIM CHISHOLM,GRN,0,0,1,0,1,0,1
El Paso,132-RAMONA ELEMENTARY,"PRESIDING JUDGE, COURT OF CRIMINAL APPEALS",,SHARON KELLER,REP,5,1,11,0,17,6,11
El Paso,132-RAMONA ELEMENTARY,"PRESIDING JUDGE, COURT OF CRIMINAL APPEALS",,KEITH HAMPTON,DEM,25,2,21,0,48,27,21
El Paso,132-RAMONA ELEMENTARY,"PRESIDING JUDGE, COURT OF CRIMINAL APPEALS",,LANCE STOTT,LIB,1,0,2,0,3,1,2
El Paso,132-RAMONA ELEMENTARY,"JUDGE, COURT OF CRIMINAL APPEALS, PLACE 7",,BARBARA PARKER HERVE,REP,10,1,16,0,27,11,16
El Paso,132-RAMONA ELEMENTARY,"JUDGE, COURT OF CRIMINAL APPEALS, PLACE 7",,MARK W. BENNETT,LIB,8,1,13,0,22,9,13
El Paso,132-RAMONA ELEMENTARY,"JUDGE, COURT OF CRIMINAL APPEALS, PLACE 8",,ELSA ALCALA,REP,10,1,17,0,28,11,17
El Paso,132-RAMONA ELEMENTARY,"JUDGE, COURT OF CRIMINAL APPEALS, PLACE 8",,WILLIAM BRYAN STRANG,LIB,10,1,11,0,22,11,11
El Paso,132-RAMONA ELEMENTARY,MEMBER STATE BOARD OF EDUCATION DISTRICT 1,,CARLOS CHARLIE GARZA,REP,7,1,9,0,17,8,9
El Paso,132-RAMONA ELEMENTARY,MEMBER STATE BOARD OF EDUCATION DISTRICT 1,,MARTHA M. DOMINGUEZ,DEM,25,2,25,0,52,27,25
El Paso,132-RAMONA ELEMENTARY,STATE SENATOR DISTRICT 29,,DAN CHAVEZ,REP,5,1,11,0,17,6,11
El Paso,132-RAMONA ELEMENTARY,STATE SENATOR DISTRICT 29,,JOSE R. RODRIGUEZ,DEM,27,2,25,0,54,29,25
El Paso,132-RAMONA ELEMENTARY,STATE REPRESENTATIVE DISTRICT 76,,NAOMI R. GONZALEZ,DEM,28,2,25,0,55,30,25
El Paso,132-RAMONA ELEMENTARY,"CHIEF JUSTICE, COURT OF APPEALS 8TH DISTRICT",,ANN CRAWFORD MCCLURE,DEM,28,2,25,0,55,30,25
El Paso,132-RAMONA ELEMENTARY,"JUSTICE, 8TH COURT OF APPEALS DISTRICT, PLACE 2",,CHRIS ANTCLIFF,REP,8,1,12,0,21,9,12
El Paso,132-RAMONA ELEMENTARY,"JUSTICE, 8TH COURT OF APPEALS DISTRICT, PLACE 2",,YVONNE RODRIGUEZ,DEM,25,2,23,0,50,27,23
El Paso,132-RAMONA ELEMENTARY,"JUSTICE, 8TH COURT OF APPEALS DISTRICT, PLACE 3",,GUADALUPE LUPE RIVER,DEM,28,2,26,0,56,30,26
El Paso,132-RAMONA ELEMENTARY,"DISTRICT JUDGE, 34TH JUDICIAL DISTRICT",,BILL MOODY,DEM,28,2,26,0,56,30,26
El Paso,132-RAMONA ELEMENTARY,"DISTRICT JUDGE, 41ST JUDICIAL DISTRICT",,ANNA PEREZ,DEM,27,2,26,0,55,29,26
El Paso,132-RAMONA ELEMENTARY,"DISTRICT JUDGE, 243RD JUDICIAL DISTRICT",,BILLY DON HICKS,REP,7,1,10,0,18,8,10
El Paso,132-RAMONA ELEMENTARY,"DISTRICT JUDGE, 243RD JUDICIAL DISTRICT",,LUIS AGUILAR,DEM,26,2,25,0,53,28,25
El Paso,132-RAMONA ELEMENTARY,"DISTRICT JUDGE, 346TH JUDICIAL DISTRICT",,ANGIE J. BARILL,DEM,27,2,26,0,55,29,26
El Paso,132-RAMONA ELEMENTARY,"DISTRICT JUDGE, 383RD JUDICIAL DISTRICT",,MIKE HERRERA,DEM,27,2,26,0,55,29,26
El Paso,132-RAMONA ELEMENTARY,"DISTRICT JUDGE, 384TH JUDICIAL DISTRICT",,PATRICK M. GARCIA,DEM,27,2,27,0,56,29,27
El Paso,132-RAMONA ELEMENTARY,"DISTRICT JUDGE, 388TH JUDICIAL DISTRICT",,LAURA STRATHMANN,DEM,28,2,26,0,56,30,26
El Paso,132-RAMONA ELEMENTARY,"DISTRICT JUDGE, 409TH JUDICIAL DISTRICT",,SAM MEDRANO JR,DEM,28,2,25,0,55,30,25
El Paso,132-RAMONA ELEMENTARY,"DISTRICT JUDGE, 448TH JUDICIAL DISTRICT",,SERGIO H. ENRIQUEZ,DEM,28,2,26,0,56,30,26
El Paso,132-RAMONA ELEMENTARY,"CRIMINAL DISTRICT JUDGE, COURT NO. 1",,DIANE NAVARRETE,DEM,28,2,26,0,56,30,26
El Paso,132-RAMONA ELEMENTARY,"FAMILY DISTRICT JUDGE, 65TH JUDICIAL DISTRICT",,YAHARA L. GUTIERREZ,DEM,28,2,26,0,56,30,26
El Paso,132-RAMONA ELEMENTARY,"DISTRICT ATTORNEY, 34TH JUDICIAL DISTRICT",,JAIME ESPARZA,DEM,29,2,26,0,57,31,26
El Paso,132-RAMONA ELEMENTARY,"JUDGE, COUNTY CRIMINAL COURT NO. 3",,CARLOS CARRASCO,DEM,28,2,26,0,56,30,26
El Paso,132-RAMONA ELEMENTARY,"JUDGE, COUNTY CRIMINAL COURT NO. 4",,JESUS HERRERA,DEM,28,2,27,0,57,30,27
El Paso,132-RAMONA ELEMENTARY,COUNTY ATTORNEY,,JO ANNE BERNAL,DEM,30,2,27,0,59,32,27
El Paso,132-RAMONA ELEMENTARY,SHERIFF,,RICHARD D. WILES,DEM,30,2,27,0,59,32,27
El Paso,132-RAMONA ELEMENTARY,COUNTY TAX ASSESSOR COLLECTOR,,VICTOR A. FLORES,DEM,29,2,29,0,60,31,29
El Paso,132-RAMONA ELEMENTARY,"CONSTABLE, PRECINCT NO. 5",,MANNY LOPEZ,DEM,28,2,26,0,56,30,26
El Paso,133-DEL NORTE HEIGHTS ELEMENTARY,"CITY OF EL PASO, PROPOSITION",,FOR (A FAVOR),NP,435,12,397,0,844,447,397
El Paso,133-DEL NORTE HEIGHTS ELEMENTARY,"CITY OF EL PASO, PROPOSITION",,AGAINST (EN CONTRA),NP,136,1,82,0,219,137,82
El Paso,133-DEL NORTE HEIGHTS ELEMENTARY,"CITY OF EL PASO, PROPOSITION",,FOR (A FAVOR),NP,389,10,377,0,776,399,377
El Paso,133-DEL NORTE HEIGHTS ELEMENTARY,"CITY OF EL PASO, PROPOSITION",,AGAINST (EN CONTRA),NP,152,3,89,0,244,155,89
El Paso,133-DEL NORTE HEIGHTS ELEMENTARY,"CITY OF EL PASO, PROPOSITION",,FOR (A FAVOR),NP,307,8,295,0,610,315,295
El Paso,133-DEL NORTE HEIGHTS ELEMENTARY,"CITY OF EL PASO, PROPOSITION",,AGAINST (EN CONTRA),NP,251,3,182,0,436,254,182
El Paso,133-DEL NORTE HEIGHTS ELEMENTARY,STRAIGHT PARTY,,REPUBLICAN,REP,49,1,34,0,84,50,34
El Paso,133-DEL NORTE HEIGHTS ELEMENTARY,STRAIGHT PARTY,,DEMOCRAT,DEM,360,8,293,0,661,368,293
El Paso,133-DEL NORTE HEIGHTS ELEMENTARY,STRAIGHT PARTY,,LIBERTARIAN,LIB,2,0,1,0,3,2,1
El Paso,133-DEL NORTE HEIGHTS ELEMENTARY,STRAIGHT PARTY,,GREEN,GRN,3,0,2,0,5,3,2
El Paso,133-DEL NORTE HEIGHTS ELEMENTARY,US PRESIDENT,,MITT ROMNEY,REP,85,3,82,0,170,88,82
El Paso,133-DEL NORTE HEIGHTS ELEMENTARY,US PRESIDENT,,BARACK OBAMA,DEM,510,11,402,0,923,521,402
El Paso,133-DEL NORTE HEIGHTS ELEMENTARY,US PRESIDENT,,GARY JOHNSON,LIB,1,0,3,0,4,1,3
El Paso,133-DEL NORTE HEIGHTS ELEMENTARY,US PRESIDENT,,JILL STEIN,GRN,3,0,2,0,5,3,2
El Paso,133-DEL NORTE HEIGHTS ELEMENTARY,US PRESIDENT,,WRITE-IN,NP,0,0,0,0,0,0,0
El Paso,133-DEL NORTE HEIGHTS ELEMENTARY,US SENATOR,,TED CRUZ,REP,113,4,87,0,204,117,87
El Paso,133-DEL NORTE HEIGHTS ELEMENTARY,US SENATOR,,PAUL SADLER,DEM,459,9,380,0,848,468,380
El Paso,133-DEL NORTE HEIGHTS ELEMENTARY,US SENATOR,,JOHN JAY MYERS,LIB,8,0,4,0,12,8,4
El Paso,133-DEL NORTE HEIGHTS ELEMENTARY,US SENATOR,,DAVID B. COLLINS,GRN,8,0,4,0,12,8,4
El Paso,133-DEL NORTE HEIGHTS ELEMENTARY,US REP DISTRICT 16,,BARBARA CARRASCO,REP,103,3,98,0,204,106,98
El Paso,133-DEL NORTE HEIGHTS ELEMENTARY,US REP DISTRICT 16,,BETO OROURKE,DEM,486,10,372,0,868,496,372
El Paso,133-DEL NORTE HEIGHTS ELEMENTARY,US REP DISTRICT 16,,JUNART SODOY,LIB,5,0,5,0,10,5,5
El Paso,133-DEL NORTE HEIGHTS ELEMENTARY,RAILROAD COMMISSIONER,,CHRISTI CRADDICK,REP,73,2,64,0,139,75,64
El Paso,133-DEL NORTE HEIGHTS ELEMENTARY,RAILROAD COMMISSIONER,,DALE HENRY,DEM,459,10,375,0,844,469,375
El Paso,133-DEL NORTE HEIGHTS ELEMENTARY,RAILROAD COMMISSIONER,,VIVEKANANDA (VIK) WA,LIB,6,0,8,0,14,6,8
El Paso,133-DEL NORTE HEIGHTS ELEMENTARY,RAILROAD COMMISSIONER,,CHRIS KENNEDY,GRN,27,1,20,0,48,28,20
El Paso,133-DEL NORTE HEIGHTS ELEMENTARY,RAILROAD COMMISSIONER,,BARRY SMITHERMAN,REP,103,2,104,0,209,105,104
El Paso,133-DEL NORTE HEIGHTS ELEMENTARY,RAILROAD COMMISSIONER,,JAIME O. PEREZ,LIB,256,3,254,0,513,259,254
El Paso,133-DEL NORTE HEIGHTS ELEMENTARY,RAILROAD COMMISSIONER,,JOSH WENDEL,GRN,41,3,35,0,79,44,35
El Paso,133-DEL NORTE HEIGHTS ELEMENTARY,"JUSTICE, SUPREME COURT, PLACE 2",,DON WILLETT,REP,174,2,177,0,353,176,177
El Paso,133-DEL NORTE HEIGHTS ELEMENTARY,"JUSTICE, SUPREME COURT, PLACE 2",,RS ROBERT KOELSCH,LIB,191,6,197,0,394,197,197
El Paso,133-DEL NORTE HEIGHTS ELEMENTARY,"JUSTICE, SUPREME COURT, PLACE 4",,JOHN DEVINE,REP,164,3,152,0,319,167,152
El Paso,133-DEL NORTE HEIGHTS ELEMENTARY,"JUSTICE, SUPREME COURT, PLACE 4",,TOM OXFORD,LIB,150,4,156,0,310,154,156
El Paso,133-DEL NORTE HEIGHTS ELEMENTARY,"JUSTICE, SUPREME COURT, PLACE 4",,CHARLES E. WATERBURY,GRN,48,1,62,0,111,49,62
El Paso,133-DEL NORTE HEIGHTS ELEMENTARY,"JUSTICE, SUPREME COURT, PLACE 6",,NATHAN HECHT,REP,78,2,60,0,140,80,60
El Paso,133-DEL NORTE HEIGHTS ELEMENTARY,"JUSTICE, SUPREME COURT, PLACE 6",,MICHELE PETTY,DEM,463,10,391,0,864,473,391
El Paso,133-DEL NORTE HEIGHTS ELEMENTARY,"JUSTICE, SUPREME COURT, PLACE 6",,MARK ASH,LIB,12,0,6,0,18,12,6
El Paso,133-DEL NORTE HEIGHTS ELEMENTARY,"JUSTICE, SUPREME COURT, PLACE 6",,JIM CHISHOLM,GRN,14,1,8,0,23,15,8
El Paso,133-DEL NORTE HEIGHTS ELEMENTARY,"PRESIDING JUDGE, COURT OF CRIMINAL APPEALS",,SHARON KELLER,REP,84,2,75,0,161,86,75
El Paso,133-DEL NORTE HEIGHTS ELEMENTARY,"PRESIDING JUDGE, COURT OF CRIMINAL APPEALS",,KEITH HAMPTON,DEM,467,10,387,0,864,477,387
El Paso,133-DEL NORTE HEIGHTS ELEMENTARY,"PRESIDING JUDGE, COURT OF CRIMINAL APPEALS",,LANCE STOTT,LIB,11,1,2,0,14,12,2
El Paso,133-DEL NORTE HEIGHTS ELEMENTARY,"JUDGE, COURT OF CRIMINAL APPEALS, PLACE 7",,BARBARA PARKER HERVE,REP,173,4,173,0,350,177,173
El Paso,133-DEL NORTE HEIGHTS ELEMENTARY,"JUDGE, COURT OF CRIMINAL APPEALS, PLACE 7",,MARK W. BENNETT,LIB,188,4,188,0,380,192,188
El Paso,133-DEL NORTE HEIGHTS ELEMENTARY,"JUDGE, COURT OF CRIMINAL APPEALS, PLACE 8",,ELSA ALCALA,REP,194,5,203,0,402,199,203
El Paso,133-DEL NORTE HEIGHTS ELEMENTARY,"JUDGE, COURT OF CRIMINAL APPEALS, PLACE 8",,WILLIAM BRYAN STRANG,LIB,163,3,158,0,324,166,158
El Paso,133-DEL NORTE HEIGHTS ELEMENTARY,MEMBER STATE BOARD OF EDUCATION DISTRICT 1,,CARLOS CHARLIE GARZA,REP,85,3,71,0,159,88,71
El Paso,133-DEL NORTE HEIGHTS ELEMENTARY,MEMBER STATE BOARD OF EDUCATION DISTRICT 1,,MARTHA M. DOMINGUEZ,DEM,481,10,397,0,888,491,397
El Paso,133-DEL NORTE HEIGHTS ELEMENTARY,STATE SENATOR DISTRICT 29,,DAN CHAVEZ,REP,84,2,59,0,145,86,59
El Paso,133-DEL NORTE HEIGHTS ELEMENTARY,STATE SENATOR DISTRICT 29,,JOSE R. RODRIGUEZ,DEM,497,11,411,0,919,508,411
El Paso,133-DEL NORTE HEIGHTS ELEMENTARY,STATE REPRESENTATIVE DISTRICT 76,,NAOMI R. GONZALEZ,DEM,515,11,424,0,950,526,424
El Paso,133-DEL NORTE HEIGHTS ELEMENTARY,"CHIEF JUSTICE, COURT OF APPEALS 8TH DISTRICT",,ANN CRAWFORD MCCLURE,DEM,497,11,414,0,922,508,414
El Paso,133-DEL NORTE HEIGHTS ELEMENTARY,"JUSTICE, 8TH COURT OF APPEALS DISTRICT, PLACE 2",,CHRIS ANTCLIFF,REP,85,1,62,0,148,86,62
El Paso,133-DEL NORTE HEIGHTS ELEMENTARY,"JUSTICE, 8TH COURT OF APPEALS DISTRICT, PLACE 2",,YVONNE RODRIGUEZ,DEM,492,12,400,0,904,504,400
El Paso,133-DEL NORTE HEIGHTS ELEMENTARY,"JUSTICE, 8TH COURT OF APPEALS DISTRICT, PLACE 3",,GUADALUPE LUPE RIVER,DEM,503,11,413,0,927,514,413
El Paso,133-DEL NORTE HEIGHTS ELEMENTARY,"DISTRICT JUDGE, 34TH JUDICIAL DISTRICT",,BILL MOODY,DEM,505,12,417,0,934,517,417
El Paso,133-DEL NORTE HEIGHTS ELEMENTARY,"DISTRICT JUDGE, 41ST JUDICIAL DISTRICT",,ANNA PEREZ,DEM,505,11,412,0,928,516,412
El Paso,133-DEL NORTE HEIGHTS ELEMENTARY,"DISTRICT JUDGE, 243RD JUDICIAL DISTRICT",,BILLY DON HICKS,REP,85,3,68,0,156,88,68
El Paso,133-DEL NORTE HEIGHTS ELEMENTARY,"DISTRICT JUDGE, 243RD JUDICIAL DISTRICT",,LUIS AGUILAR,DEM,491,9,398,0,898,500,398
El Paso,133-DEL NORTE HEIGHTS ELEMENTARY,"DISTRICT JUDGE, 346TH JUDICIAL DISTRICT",,ANGIE J. BARILL,DEM,501,11,416,0,928,512,416
El Paso,133-DEL NORTE HEIGHTS ELEMENTARY,"DISTRICT JUDGE, 383RD JUDICIAL DISTRICT",,MIKE HERRERA,DEM,501,11,420,0,932,512,420
El Paso,133-DEL NORTE HEIGHTS ELEMENTARY,"DISTRICT JUDGE, 384TH JUDICIAL DISTRICT",,PATRICK M. GARCIA,DEM,503,11,414,0,928,514,414
El Paso,133-DEL NORTE HEIGHTS ELEMENTARY,"DISTRICT JUDGE, 388TH JUDICIAL DISTRICT",,LAURA STRATHMANN,DEM,497,10,416,0,923,507,416
El Paso,133-DEL NORTE HEIGHTS ELEMENTARY,"DISTRICT JUDGE, 409TH JUDICIAL DISTRICT",,SAM MEDRANO JR,DEM,505,11,418,0,934,516,418
El Paso,133-DEL NORTE HEIGHTS ELEMENTARY,"DISTRICT JUDGE, 448TH JUDICIAL DISTRICT",,SERGIO H. ENRIQUEZ,DEM,504,11,418,0,933,515,418
El Paso,133-DEL NORTE HEIGHTS ELEMENTARY,"CRIMINAL DISTRICT JUDGE, COURT NO. 1",,DIANE NAVARRETE,DEM,505,11,415,0,931,516,415
El Paso,133-DEL NORTE HEIGHTS ELEMENTARY,"FAMILY DISTRICT JUDGE, 65TH JUDICIAL DISTRICT",,YAHARA L. GUTIERREZ,DEM,502,11,421,0,934,513,421
El Paso,133-DEL NORTE HEIGHTS ELEMENTARY,"DISTRICT ATTORNEY, 34TH JUDICIAL DISTRICT",,JAIME ESPARZA,DEM,515,12,423,0,950,527,423
El Paso,133-DEL NORTE HEIGHTS ELEMENTARY,"JUDGE, COUNTY CRIMINAL COURT NO. 3",,CARLOS CARRASCO,DEM,505,11,413,0,929,516,413
El Paso,133-DEL NORTE HEIGHTS ELEMENTARY,"JUDGE, COUNTY CRIMINAL COURT NO. 4",,JESUS HERRERA,DEM,503,11,416,0,930,514,416
El Paso,133-DEL NORTE HEIGHTS ELEMENTARY,COUNTY ATTORNEY,,JO ANNE BERNAL,DEM,508,11,414,0,933,519,414
El Paso,133-DEL NORTE HEIGHTS ELEMENTARY,SHERIFF,,RICHARD D. WILES,DEM,522,11,420,0,953,533,420
El Paso,133-DEL NORTE HEIGHTS ELEMENTARY,COUNTY TAX ASSESSOR COLLECTOR,,VICTOR A. FLORES,DEM,509,12,424,0,945,521,424
El Paso,133-DEL NORTE HEIGHTS ELEMENTARY,"CONSTABLE, PRECINCT NO. 5",,MANNY LOPEZ,DEM,495,11,412,0,918,506,412
El Paso,134-RAMONA ELEMENTARY,"CITY OF EL PASO, PROPOSITION",,FOR (A FAVOR),NP,160,4,211,2,377,164,213
El Paso,134-RAMONA ELEMENTARY,"CITY OF EL PASO, PROPOSITION",,AGAINST (EN CONTRA),NP,71,2,70,0,143,73,70
El Paso,134-RAMONA ELEMENTARY,"CITY OF EL PASO, PROPOSITION",,FOR (A FAVOR),NP,146,3,186,2,337,149,188
El Paso,134-RAMONA ELEMENTARY,"CITY OF EL PASO, PROPOSITION",,AGAINST (EN CONTRA),NP,81,3,86,0,170,84,86
El Paso,134-RAMONA ELEMENTARY,"CITY OF EL PASO, PROPOSITION",,FOR (A FAVOR),NP,128,3,163,1,295,131,164
El Paso,134-RAMONA ELEMENTARY,"CITY OF EL PASO, PROPOSITION",,AGAINST (EN CONTRA),NP,99,3,110,1,213,102,111
El Paso,134-RAMONA ELEMENTARY,STRAIGHT PARTY,,REPUBLICAN,REP,28,4,28,0,60,32,28
El Paso,134-RAMONA ELEMENTARY,STRAIGHT PARTY,,DEMOCRAT,DEM,130,2,157,1,290,132,158
El Paso,134-RAMONA ELEMENTARY,STRAIGHT PARTY,,LIBERTARIAN,LIB,1,0,2,0,3,1,2
El Paso,134-RAMONA ELEMENTARY,STRAIGHT PARTY,,GREEN,GRN,1,0,1,0,2,1,1
El Paso,134-RAMONA ELEMENTARY,US PRESIDENT,,MITT ROMNEY,REP,59,4,62,1,126,63,63
El Paso,134-RAMONA ELEMENTARY,US PRESIDENT,,BARACK OBAMA,DEM,174,3,223,1,401,177,224
El Paso,134-RAMONA ELEMENTARY,US PRESIDENT,,GARY JOHNSON,LIB,2,0,4,0,6,2,4
El Paso,134-RAMONA ELEMENTARY,US PRESIDENT,,JILL STEIN,GRN,1,0,3,0,4,1,3
El Paso,134-RAMONA ELEMENTARY,US PRESIDENT,,WRITE-IN,NP,0,0,1,0,1,0,1
El Paso,134-RAMONA ELEMENTARY,US SENATOR,,TED CRUZ,REP,62,4,73,0,139,66,73
El Paso,134-RAMONA ELEMENTARY,US SENATOR,,PAUL SADLER,DEM,169,3,194,1,367,172,195
El Paso,134-RAMONA ELEMENTARY,US SENATOR,,JOHN JAY MYERS,LIB,1,0,6,1,8,1,7
El Paso,134-RAMONA ELEMENTARY,US SENATOR,,DAVID B. COLLINS,GRN,3,0,5,0,8,3,5
El Paso,134-RAMONA ELEMENTARY,US REP DISTRICT 16,,BARBARA CARRASCO,REP,61,4,70,1,136,65,71
El Paso,134-RAMONA ELEMENTARY,US REP DISTRICT 16,,BETO OROURKE,DEM,174,3,206,1,384,177,207
El Paso,134-RAMONA ELEMENTARY,US REP DISTRICT 16,,JUNART SODOY,LIB,1,0,6,0,7,1,6
El Paso,134-RAMONA ELEMENTARY,RAILROAD COMMISSIONER,,CHRISTI CRADDICK,REP,56,4,53,0,113,60,53
El Paso,134-RAMONA ELEMENTARY,RAILROAD COMMISSIONER,,DALE HENRY,DEM,163,2,200,1,366,165,201
El Paso,134-RAMONA ELEMENTARY,RAILROAD COMMISSIONER,,VIVEKANANDA (VIK) WA,LIB,5,0,9,0,14,5,9
El Paso,134-RAMONA ELEMENTARY,RAILROAD COMMISSIONER,,CHRIS KENNEDY,GRN,9,0,14,1,24,9,15
El Paso,134-RAMONA ELEMENTARY,RAILROAD COMMISSIONER,,BARRY SMITHERMAN,REP,61,4,73,1,139,65,74
El Paso,134-RAMONA ELEMENTARY,RAILROAD COMMISSIONER,,JAIME O. PEREZ,LIB,86,0,124,1,211,86,125
El Paso,134-RAMONA ELEMENTARY,RAILROAD COMMISSIONER,,JOSH WENDEL,GRN,17,0,17,0,34,17,17
El Paso,134-RAMONA ELEMENTARY,"JUSTICE, SUPREME COURT, PLACE 2",,DON WILLETT,REP,91,4,105,2,202,95,107
El Paso,134-RAMONA ELEMENTARY,"JUSTICE, SUPREME COURT, PLACE 2",,RS ROBERT KOELSCH,LIB,66,0,96,0,162,66,96
El Paso,134-RAMONA ELEMENTARY,"JUSTICE, SUPREME COURT, PLACE 4",,JOHN DEVINE,REP,84,4,105,0,193,88,105
El Paso,134-RAMONA ELEMENTARY,"JUSTICE, SUPREME COURT, PLACE 4",,TOM OXFORD,LIB,50,0,64,2,116,50,66
El Paso,134-RAMONA ELEMENTARY,"JUSTICE, SUPREME COURT, PLACE 4",,CHARLES E. WATERBURY,GRN,26,0,32,0,58,26,32
El Paso,134-RAMONA ELEMENTARY,"JUSTICE, SUPREME COURT, PLACE 6",,NATHAN HECHT,REP,53,4,51,0,108,57,51
El Paso,134-RAMONA ELEMENTARY,"JUSTICE, SUPREME COURT, PLACE 6",,MICHELE PETTY,DEM,173,2,208,1,384,175,209
El Paso,134-RAMONA ELEMENTARY,"JUSTICE, SUPREME COURT, PLACE 6",,MARK ASH,LIB,4,0,9,1,14,4,10
El Paso,134-RAMONA ELEMENTARY,"JUSTICE, SUPREME COURT, PLACE 6",,JIM CHISHOLM,GRN,4,0,8,0,12,4,8
El Paso,134-RAMONA ELEMENTARY,"PRESIDING JUDGE, COURT OF CRIMINAL APPEALS",,SHARON KELLER,REP,61,4,66,0,131,65,66
El Paso,134-RAMONA ELEMENTARY,"PRESIDING JUDGE, COURT OF CRIMINAL APPEALS",,KEITH HAMPTON,DEM,164,2,197,1,364,166,198
El Paso,134-RAMONA ELEMENTARY,"PRESIDING JUDGE, COURT OF CRIMINAL APPEALS",,LANCE STOTT,LIB,8,0,11,1,20,8,12
El Paso,134-RAMONA ELEMENTARY,"JUDGE, COURT OF CRIMINAL APPEALS, PLACE 7",,BARBARA PARKER HERVE,REP,92,4,114,0,210,96,114
El Paso,134-RAMONA ELEMENTARY,"JUDGE, COURT OF CRIMINAL APPEALS, PLACE 7",,MARK W. BENNETT,LIB,70,0,82,2,154,70,84
El Paso,134-RAMONA ELEMENTARY,"JUDGE, COURT OF CRIMINAL APPEALS, PLACE 8",,ELSA ALCALA,REP,99,4,121,1,225,103,122
El Paso,134-RAMONA ELEMENTARY,"JUDGE, COURT OF CRIMINAL APPEALS, PLACE 8",,WILLIAM BRYAN STRANG,LIB,56,0,75,1,132,56,76
El Paso,134-RAMONA ELEMENTARY,MEMBER STATE BOARD OF EDUCATION DISTRICT 1,,CARLOS CHARLIE GARZA,REP,59,4,61,0,124,63,61
El Paso,134-RAMONA ELEMENTARY,MEMBER STATE BOARD OF EDUCATION DISTRICT 1,,MARTHA M. DOMINGUEZ,DEM,176,2,210,2,390,178,212
El Paso,134-RAMONA ELEMENTARY,STATE SENATOR DISTRICT 29,,DAN CHAVEZ,REP,59,4,60,1,124,63,61
El Paso,134-RAMONA ELEMENTARY,STATE SENATOR DISTRICT 29,,JOSE R. RODRIGUEZ,DEM,177,2,218,1,398,179,219
El Paso,134-RAMONA ELEMENTARY,STATE REPRESENTATIVE DISTRICT 76,,NAOMI R. GONZALEZ,DEM,196,2,248,1,447,198,249
El Paso,134-RAMONA ELEMENTARY,"CHIEF JUSTICE, COURT OF APPEALS 8TH DISTRICT",,ANN CRAWFORD MCCLURE,DEM,187,2,232,1,422,189,233
El Paso,134-RAMONA ELEMENTARY,"JUSTICE, 8TH COURT OF APPEALS DISTRICT, PLACE 2",,CHRIS ANTCLIFF,REP,62,4,54,0,120,66,54
El Paso,134-RAMONA ELEMENTARY,"JUSTICE, 8TH COURT OF APPEALS DISTRICT, PLACE 2",,YVONNE RODRIGUEZ,DEM,165,2,217,2,386,167,219
El Paso,134-RAMONA ELEMENTARY,"JUSTICE, 8TH COURT OF APPEALS DISTRICT, PLACE 3",,GUADALUPE LUPE RIVER,DEM,182,2,239,1,424,184,240
El Paso,134-RAMONA ELEMENTARY,"DISTRICT JUDGE, 34TH JUDICIAL DISTRICT",,BILL MOODY,DEM,189,2,237,2,430,191,239
El Paso,134-RAMONA ELEMENTARY,"DISTRICT JUDGE, 41ST JUDICIAL DISTRICT",,ANNA PEREZ,DEM,185,2,232,2,421,187,234
El Paso,134-RAMONA ELEMENTARY,"DISTRICT JUDGE, 243RD JUDICIAL DISTRICT",,BILLY DON HICKS,REP,61,4,63,1,129,65,64
El Paso,134-RAMONA ELEMENTARY,"DISTRICT JUDGE, 243RD JUDICIAL DISTRICT",,LUIS AGUILAR,DEM,169,2,215,1,387,171,216
El Paso,134-RAMONA ELEMENTARY,"DISTRICT JUDGE, 346TH JUDICIAL DISTRICT",,ANGIE J. BARILL,DEM,188,2,232,1,423,190,233
El Paso,134-RAMONA ELEMENTARY,"DISTRICT JUDGE, 383RD JUDICIAL DISTRICT",,MIKE HERRERA,DEM,184,2,234,1,421,186,235
El Paso,134-RAMONA ELEMENTARY,"DISTRICT JUDGE, 384TH JUDICIAL DISTRICT",,PATRICK M. GARCIA,DEM,186,2,231,1,420,188,232
El Paso,134-RAMONA ELEMENTARY,"DISTRICT JUDGE, 388TH JUDICIAL DISTRICT",,LAURA STRATHMANN,DEM,184,2,230,1,417,186,231
El Paso,134-RAMONA ELEMENTARY,"DISTRICT JUDGE, 409TH JUDICIAL DISTRICT",,SAM MEDRANO JR,DEM,182,2,232,1,417,184,233
El Paso,134-RAMONA ELEMENTARY,"DISTRICT JUDGE, 448TH JUDICIAL DISTRICT",,SERGIO H. ENRIQUEZ,DEM,184,2,228,1,415,186,229
El Paso,134-RAMONA ELEMENTARY,"CRIMINAL DISTRICT JUDGE, COURT NO. 1",,DIANE NAVARRETE,DEM,185,2,229,1,417,187,230
El Paso,134-RAMONA ELEMENTARY,"FAMILY DISTRICT JUDGE, 65TH JUDICIAL DISTRICT",,YAHARA L. GUTIERREZ,DEM,186,2,228,1,417,188,229
El Paso,134-RAMONA ELEMENTARY,"DISTRICT ATTORNEY, 34TH JUDICIAL DISTRICT",,JAIME ESPARZA,DEM,185,2,240,1,428,187,241
El Paso,134-RAMONA ELEMENTARY,"JUDGE, COUNTY CRIMINAL COURT NO. 3",,CARLOS CARRASCO,DEM,187,2,234,1,424,189,235
El Paso,134-RAMONA ELEMENTARY,"JUDGE, COUNTY CRIMINAL COURT NO. 4",,JESUS HERRERA,DEM,185,3,238,1,427,188,239
El Paso,134-RAMONA ELEMENTARY,COUNTY ATTORNEY,,JO ANNE BERNAL,DEM,187,2,234,1,424,189,235
El Paso,134-RAMONA ELEMENTARY,SHERIFF,,RICHARD D. WILES,DEM,189,2,245,2,438,191,247
El Paso,134-RAMONA ELEMENTARY,COUNTY TAX ASSESSOR COLLECTOR,,VICTOR A. FLORES,DEM,187,3,241,2,433,190,243
El Paso,134-RAMONA ELEMENTARY,"CONSTABLE, PRECINCT NO. 5",,MANNY LOPEZ,DEM,186,2,240,1,429,188,241
El Paso,135-ASCARATE ELEMENTARY,"CITY OF EL PASO, PROPOSITION",,FOR (A FAVOR),NP,314,3,406,0,723,317,406
El Paso,135-ASCARATE ELEMENTARY,"CITY OF EL PASO, PROPOSITION",,AGAINST (EN CONTRA),NP,97,4,100,0,201,101,100
El Paso,135-ASCARATE ELEMENTARY,"CITY OF EL PASO, PROPOSITION",,FOR (A FAVOR),NP,287,3,372,0,662,290,372
El Paso,135-ASCARATE ELEMENTARY,"CITY OF EL PASO, PROPOSITION",,AGAINST (EN CONTRA),NP,108,4,121,0,233,112,121
El Paso,135-ASCARATE ELEMENTARY,"CITY OF EL PASO, PROPOSITION",,FOR (A FAVOR),NP,229,2,320,0,551,231,320
El Paso,135-ASCARATE ELEMENTARY,"CITY OF EL PASO, PROPOSITION",,AGAINST (EN CONTRA),NP,172,5,175,0,352,177,175
El Paso,135-ASCARATE ELEMENTARY,STRAIGHT PARTY,,REPUBLICAN,REP,32,4,46,0,82,36,46
El Paso,135-ASCARATE ELEMENTARY,STRAIGHT PARTY,,DEMOCRAT,DEM,271,1,322,0,594,272,322
El Paso,135-ASCARATE ELEMENTARY,STRAIGHT PARTY,,LIBERTARIAN,LIB,1,0,4,0,5,1,4
El Paso,135-ASCARATE ELEMENTARY,STRAIGHT PARTY,,GREEN,GRN,0,0,6,0,6,0,6
El Paso,135-ASCARATE ELEMENTARY,US PRESIDENT,,MITT ROMNEY,REP,62,5,86,0,153,67,86
El Paso,135-ASCARATE ELEMENTARY,US PRESIDENT,,BARACK OBAMA,DEM,367,2,428,0,797,369,428
El Paso,135-ASCARATE ELEMENTARY,US PRESIDENT,,GARY JOHNSON,LIB,2,0,7,0,9,2,7
El Paso,135-ASCARATE ELEMENTARY,US PRESIDENT,,JILL STEIN,GRN,0,0,5,0,5,0,5
El Paso,135-ASCARATE ELEMENTARY,US PRESIDENT,,WRITE-IN,NP,3,0,0,0,3,3,0
El Paso,135-ASCARATE ELEMENTARY,US SENATOR,,TED CRUZ,REP,86,4,109,0,199,90,109
El Paso,135-ASCARATE ELEMENTARY,US SENATOR,,PAUL SADLER,DEM,331,3,383,0,717,334,383
El Paso,135-ASCARATE ELEMENTARY,US SENATOR,,JOHN JAY MYERS,LIB,3,0,12,0,15,3,12
El Paso,135-ASCARATE ELEMENTARY,US SENATOR,,DAVID B. COLLINS,GRN,5,0,8,0,13,5,8
El Paso,135-ASCARATE ELEMENTARY,US REP DISTRICT 16,,BARBARA CARRASCO,REP,86,4,102,0,192,90,102
El Paso,135-ASCARATE ELEMENTARY,US REP DISTRICT 16,,BETO OROURKE,DEM,341,3,404,0,748,344,404
El Paso,135-ASCARATE ELEMENTARY,US REP DISTRICT 16,,JUNART SODOY,LIB,2,0,12,0,14,2,12
El Paso,135-ASCARATE ELEMENTARY,RAILROAD COMMISSIONER,,CHRISTI CRADDICK,REP,49,5,78,0,132,54,78
El Paso,135-ASCARATE ELEMENTARY,RAILROAD COMMISSIONER,,DALE HENRY,DEM,346,2,392,0,740,348,392
El Paso,135-ASCARATE ELEMENTARY,RAILROAD COMMISSIONER,,VIVEKANANDA (VIK) WA,LIB,5,0,6,0,11,5,6
El Paso,135-ASCARATE ELEMENTARY,RAILROAD COMMISSIONER,,CHRIS KENNEDY,GRN,17,0,27,0,44,17,27
El Paso,135-ASCARATE ELEMENTARY,RAILROAD COMMISSIONER,,BARRY SMITHERMAN,REP,68,6,108,0,182,74,108
El Paso,135-ASCARATE ELEMENTARY,RAILROAD COMMISSIONER,,JAIME O. PEREZ,LIB,177,0,222,0,399,177,222
El Paso,135-ASCARATE ELEMENTARY,RAILROAD COMMISSIONER,,JOSH WENDEL,GRN,27,0,36,0,63,27,36
El Paso,135-ASCARATE ELEMENTARY,"JUSTICE, SUPREME COURT, PLACE 2",,DON WILLETT,REP,118,6,177,0,301,124,177
El Paso,135-ASCARATE ELEMENTARY,"JUSTICE, SUPREME COURT, PLACE 2",,RS ROBERT KOELSCH,LIB,133,0,167,0,300,133,167
El Paso,135-ASCARATE ELEMENTARY,"JUSTICE, SUPREME COURT, PLACE 4",,JOHN DEVINE,REP,107,6,138,0,251,113,138
El Paso,135-ASCARATE ELEMENTARY,"JUSTICE, SUPREME COURT, PLACE 4",,TOM OXFORD,LIB,95,0,148,0,243,95,148
El Paso,135-ASCARATE ELEMENTARY,"JUSTICE, SUPREME COURT, PLACE 4",,CHARLES E. WATERBURY,GRN,40,0,56,0,96,40,56
El Paso,135-ASCARATE ELEMENTARY,"JUSTICE, SUPREME COURT, PLACE 6",,NATHAN HECHT,REP,47,5,70,0,122,52,70
El Paso,135-ASCARATE ELEMENTARY,"JUSTICE, SUPREME COURT, PLACE 6",,MICHELE PETTY,DEM,343,2,404,0,749,345,404
El Paso,135-ASCARATE ELEMENTARY,"JUSTICE, SUPREME COURT, PLACE 6",,MARK ASH,LIB,11,0,17,0,28,11,17
El Paso,135-ASCARATE ELEMENTARY,"JUSTICE, SUPREME COURT, PLACE 6",,JIM CHISHOLM,GRN,9,0,11,0,20,9,11
El Paso,135-ASCARATE ELEMENTARY,"PRESIDING JUDGE, COURT OF CRIMINAL APPEALS",,SHARON KELLER,REP,54,5,82,0,141,59,82
El Paso,135-ASCARATE ELEMENTARY,"PRESIDING JUDGE, COURT OF CRIMINAL APPEALS",,KEITH HAMPTON,DEM,346,2,400,0,748,348,400
El Paso,135-ASCARATE ELEMENTARY,"PRESIDING JUDGE, COURT OF CRIMINAL APPEALS",,LANCE STOTT,LIB,10,0,15,0,25,10,15
El Paso,135-ASCARATE ELEMENTARY,"JUDGE, COURT OF CRIMINAL APPEALS, PLACE 7",,BARBARA PARKER HERVE,REP,122,6,177,0,305,128,177
El Paso,135-ASCARATE ELEMENTARY,"JUDGE, COURT OF CRIMINAL APPEALS, PLACE 7",,MARK W. BENNETT,LIB,122,0,169,0,291,122,169
El Paso,135-ASCARATE ELEMENTARY,"JUDGE, COURT OF CRIMINAL APPEALS, PLACE 8",,ELSA ALCALA,REP,146,5,214,0,365,151,214
El Paso,135-ASCARATE ELEMENTARY,"JUDGE, COURT OF CRIMINAL APPEALS, PLACE 8",,WILLIAM BRYAN STRANG,LIB,102,1,131,0,234,103,131
El Paso,135-ASCARATE ELEMENTARY,MEMBER STATE BOARD OF EDUCATION DISTRICT 1,,CARLOS CHARLIE GARZA,REP,71,5,93,0,169,76,93
El Paso,135-ASCARATE ELEMENTARY,MEMBER STATE BOARD OF EDUCATION DISTRICT 1,,MARTHA M. DOMINGUEZ,DEM,336,0,408,0,744,336,408
El Paso,135-ASCARATE ELEMENTARY,STATE SENATOR DISTRICT 29,,DAN CHAVEZ,REP,54,5,84,0,143,59,84
El Paso,135-ASCARATE ELEMENTARY,STATE SENATOR DISTRICT 29,,JOSE R. RODRIGUEZ,DEM,359,1,426,0,786,360,426
El Paso,135-ASCARATE ELEMENTARY,STATE REPRESENTATIVE DISTRICT 76,,NAOMI R. GONZALEZ,DEM,374,1,447,0,822,375,447
El Paso,135-ASCARATE ELEMENTARY,"CHIEF JUSTICE, COURT OF APPEALS 8TH DISTRICT",,ANN CRAWFORD MCCLURE,DEM,369,4,435,0,808,373,435
El Paso,135-ASCARATE ELEMENTARY,"JUSTICE, 8TH COURT OF APPEALS DISTRICT, PLACE 2",,CHRIS ANTCLIFF,REP,61,6,85,0,152,67,85
El Paso,135-ASCARATE ELEMENTARY,"JUSTICE, 8TH COURT OF APPEALS DISTRICT, PLACE 2",,YVONNE RODRIGUEZ,DEM,352,1,415,0,768,353,415
El Paso,135-ASCARATE ELEMENTARY,"JUSTICE, 8TH COURT OF APPEALS DISTRICT, PLACE 3",,GUADALUPE LUPE RIVER,DEM,373,2,443,0,818,375,443
El Paso,135-ASCARATE ELEMENTARY,"DISTRICT JUDGE, 34TH JUDICIAL DISTRICT",,BILL MOODY,DEM,373,3,437,0,813,376,437
El Paso,135-ASCARATE ELEMENTARY,"DISTRICT JUDGE, 41ST JUDICIAL DISTRICT",,ANNA PEREZ,DEM,367,2,439,0,808,369,439
El Paso,135-ASCARATE ELEMENTARY,"DISTRICT JUDGE, 243RD JUDICIAL DISTRICT",,BILLY DON HICKS,REP,75,6,84,0,165,81,84
El Paso,135-ASCARATE ELEMENTARY,"DISTRICT JUDGE, 243RD JUDICIAL DISTRICT",,LUIS AGUILAR,DEM,340,1,418,0,759,341,418
El Paso,135-ASCARATE ELEMENTARY,"DISTRICT JUDGE, 346TH JUDICIAL DISTRICT",,ANGIE J. BARILL,DEM,375,2,446,0,823,377,446
El Paso,135-ASCARATE ELEMENTARY,"DISTRICT JUDGE, 383RD JUDICIAL DISTRICT",,MIKE HERRERA,DEM,374,2,444,0,820,376,444
El Paso,135-ASCARATE ELEMENTARY,"DISTRICT JUDGE, 384TH JUDICIAL DISTRICT",,PATRICK M. GARCIA,DEM,373,1,442,0,816,374,442
El Paso,135-ASCARATE ELEMENTARY,"DISTRICT JUDGE, 388TH JUDICIAL DISTRICT",,LAURA STRATHMANN,DEM,370,2,439,0,811,372,439
El Paso,135-ASCARATE ELEMENTARY,"DISTRICT JUDGE, 409TH JUDICIAL DISTRICT",,SAM MEDRANO JR,DEM,372,2,446,0,820,374,446
El Paso,135-ASCARATE ELEMENTARY,"DISTRICT JUDGE, 448TH JUDICIAL DISTRICT",,SERGIO H. ENRIQUEZ,DEM,373,2,439,0,814,375,439
El Paso,135-ASCARATE ELEMENTARY,"CRIMINAL DISTRICT JUDGE, COURT NO. 1",,DIANE NAVARRETE,DEM,370,2,440,0,812,372,440
El Paso,135-ASCARATE ELEMENTARY,"FAMILY DISTRICT JUDGE, 65TH JUDICIAL DISTRICT",,YAHARA L. GUTIERREZ,DEM,370,2,444,0,816,372,444
El Paso,135-ASCARATE ELEMENTARY,"DISTRICT ATTORNEY, 34TH JUDICIAL DISTRICT",,JAIME ESPARZA,DEM,372,2,448,0,822,374,448
El Paso,135-ASCARATE ELEMENTARY,"JUDGE, COUNTY CRIMINAL COURT NO. 3",,CARLOS CARRASCO,DEM,374,2,439,0,815,376,439
El Paso,135-ASCARATE ELEMENTARY,"JUDGE, COUNTY CRIMINAL COURT NO. 4",,JESUS HERRERA,DEM,371,2,439,0,812,373,439
El Paso,135-ASCARATE ELEMENTARY,COUNTY ATTORNEY,,JO ANNE BERNAL,DEM,372,2,443,0,817,374,443
El Paso,135-ASCARATE ELEMENTARY,SHERIFF,,RICHARD D. WILES,DEM,378,2,449,0,829,380,449
El Paso,135-ASCARATE ELEMENTARY,COUNTY TAX ASSESSOR COLLECTOR,,VICTOR A. FLORES,DEM,379,2,449,0,830,381,449
El Paso,135-ASCARATE ELEMENTARY,"CONSTABLE, PRECINCT NO. 5",,MANNY LOPEZ,DEM,373,2,453,0,828,375,453
El Paso,136-CEDAR GROVE ELEMENTARY,"CITY OF EL PASO, PROPOSITION",,FOR (A FAVOR),NP,253,1,311,0,565,254,311
El Paso,136-CEDAR GROVE ELEMENTARY,"CITY OF EL PASO, PROPOSITION",,AGAINST (EN CONTRA),NP,66,1,89,0,156,67,89
El Paso,136-CEDAR GROVE ELEMENTARY,"CITY OF EL PASO, PROPOSITION",,FOR (A FAVOR),NP,221,1,283,0,505,222,283
El Paso,136-CEDAR GROVE ELEMENTARY,"CITY OF EL PASO, PROPOSITION",,AGAINST (EN CONTRA),NP,76,1,96,0,173,77,96
El Paso,136-CEDAR GROVE ELEMENTARY,"CITY OF EL PASO, PROPOSITION",,FOR (A FAVOR),NP,166,2,227,0,395,168,227
El Paso,136-CEDAR GROVE ELEMENTARY,"CITY OF EL PASO, PROPOSITION",,AGAINST (EN CONTRA),NP,143,0,159,0,302,143,159
El Paso,136-CEDAR GROVE ELEMENTARY,STRAIGHT PARTY,,REPUBLICAN,REP,36,1,43,0,80,37,43
El Paso,136-CEDAR GROVE ELEMENTARY,STRAIGHT PARTY,,DEMOCRAT,DEM,208,1,274,1,484,209,275
El Paso,136-CEDAR GROVE ELEMENTARY,STRAIGHT PARTY,,LIBERTARIAN,LIB,0,0,1,0,1,0,1
El Paso,136-CEDAR GROVE ELEMENTARY,STRAIGHT PARTY,,GREEN,GRN,1,0,0,0,1,1,0
El Paso,136-CEDAR GROVE ELEMENTARY,US PRESIDENT,,MITT ROMNEY,REP,47,1,68,0,116,48,68
El Paso,136-CEDAR GROVE ELEMENTARY,US PRESIDENT,,BARACK OBAMA,DEM,288,1,336,1,626,289,337
El Paso,136-CEDAR GROVE ELEMENTARY,US PRESIDENT,,GARY JOHNSON,LIB,2,0,3,0,5,2,3
El Paso,136-CEDAR GROVE ELEMENTARY,US PRESIDENT,,JILL STEIN,GRN,1,0,1,0,2,1,1
El Paso,136-CEDAR GROVE ELEMENTARY,US PRESIDENT,,WRITE-IN,NP,1,0,0,0,1,1,0
El Paso,136-CEDAR GROVE ELEMENTARY,US SENATOR,,TED CRUZ,REP,61,1,77,0,139,62,77
El Paso,136-CEDAR GROVE ELEMENTARY,US SENATOR,,PAUL SADLER,DEM,258,1,307,1,567,259,308
El Paso,136-CEDAR GROVE ELEMENTARY,US SENATOR,,JOHN JAY MYERS,LIB,5,0,10,0,15,5,10
El Paso,136-CEDAR GROVE ELEMENTARY,US SENATOR,,DAVID B. COLLINS,GRN,4,0,4,0,8,4,4
El Paso,136-CEDAR GROVE ELEMENTARY,US REP DISTRICT 16,,BARBARA CARRASCO,REP,65,1,82,0,148,66,82
El Paso,136-CEDAR GROVE ELEMENTARY,US REP DISTRICT 16,,BETO OROURKE,DEM,266,1,319,1,587,267,320
El Paso,136-CEDAR GROVE ELEMENTARY,US REP DISTRICT 16,,JUNART SODOY,LIB,3,0,5,0,8,3,5
El Paso,136-CEDAR GROVE ELEMENTARY,RAILROAD COMMISSIONER,,CHRISTI CRADDICK,REP,48,1,62,0,111,49,62
El Paso,136-CEDAR GROVE ELEMENTARY,RAILROAD COMMISSIONER,,DALE HENRY,DEM,263,1,308,1,573,264,309
El Paso,136-CEDAR GROVE ELEMENTARY,RAILROAD COMMISSIONER,,VIVEKANANDA (VIK) WA,LIB,2,0,8,0,10,2,8
El Paso,136-CEDAR GROVE ELEMENTARY,RAILROAD COMMISSIONER,,CHRIS KENNEDY,GRN,10,0,7,0,17,10,7
El Paso,136-CEDAR GROVE ELEMENTARY,RAILROAD COMMISSIONER,,BARRY SMITHERMAN,REP,62,1,79,0,142,63,79
El Paso,136-CEDAR GROVE ELEMENTARY,RAILROAD COMMISSIONER,,JAIME O. PEREZ,LIB,128,0,161,0,289,128,161
El Paso,136-CEDAR GROVE ELEMENTARY,RAILROAD COMMISSIONER,,JOSH WENDEL,GRN,21,1,26,0,48,22,26
El Paso,136-CEDAR GROVE ELEMENTARY,"JUSTICE, SUPREME COURT, PLACE 2",,DON WILLETT,REP,86,2,127,0,215,88,127
El Paso,136-CEDAR GROVE ELEMENTARY,"JUSTICE, SUPREME COURT, PLACE 2",,RS ROBERT KOELSCH,LIB,117,0,137,0,254,117,137
El Paso,136-CEDAR GROVE ELEMENTARY,"JUSTICE, SUPREME COURT, PLACE 4",,JOHN DEVINE,REP,92,1,109,0,202,93,109
El Paso,136-CEDAR GROVE ELEMENTARY,"JUSTICE, SUPREME COURT, PLACE 4",,TOM OXFORD,LIB,69,0,102,0,171,69,102
El Paso,136-CEDAR GROVE ELEMENTARY,"JUSTICE, SUPREME COURT, PLACE 4",,CHARLES E. WATERBURY,GRN,35,0,47,0,82,35,47
El Paso,136-CEDAR GROVE ELEMENTARY,"JUSTICE, SUPREME COURT, PLACE 6",,NATHAN HECHT,REP,43,1,60,0,104,44,60
El Paso,136-CEDAR GROVE ELEMENTARY,"JUSTICE, SUPREME COURT, PLACE 6",,MICHELE PETTY,DEM,263,1,317,1,582,264,318
El Paso,136-CEDAR GROVE ELEMENTARY,"JUSTICE, SUPREME COURT, PLACE 6",,MARK ASH,LIB,3,0,8,0,11,3,8
El Paso,136-CEDAR GROVE ELEMENTARY,"JUSTICE, SUPREME COURT, PLACE 6",,JIM CHISHOLM,GRN,10,0,2,0,12,10,2
El Paso,136-CEDAR GROVE ELEMENTARY,"PRESIDING JUDGE, COURT OF CRIMINAL APPEALS",,SHARON KELLER,REP,50,1,64,0,115,51,64
El Paso,136-CEDAR GROVE ELEMENTARY,"PRESIDING JUDGE, COURT OF CRIMINAL APPEALS",,KEITH HAMPTON,DEM,266,1,313,1,581,267,314
El Paso,136-CEDAR GROVE ELEMENTARY,"PRESIDING JUDGE, COURT OF CRIMINAL APPEALS",,LANCE STOTT,LIB,6,0,9,0,15,6,9
El Paso,136-CEDAR GROVE ELEMENTARY,"JUDGE, COURT OF CRIMINAL APPEALS, PLACE 7",,BARBARA PARKER HERVE,REP,103,2,136,0,241,105,136
El Paso,136-CEDAR GROVE ELEMENTARY,"JUDGE, COURT OF CRIMINAL APPEALS, PLACE 7",,MARK W. BENNETT,LIB,95,0,125,0,220,95,125
El Paso,136-CEDAR GROVE ELEMENTARY,"JUDGE, COURT OF CRIMINAL APPEALS, PLACE 8",,ELSA ALCALA,REP,103,2,149,0,254,105,149
El Paso,136-CEDAR GROVE ELEMENTARY,"JUDGE, COURT OF CRIMINAL APPEALS, PLACE 8",,WILLIAM BRYAN STRANG,LIB,89,0,109,0,198,89,109
El Paso,136-CEDAR GROVE ELEMENTARY,MEMBER STATE BOARD OF EDUCATION DISTRICT 1,,CARLOS CHARLIE GARZA,REP,53,1,66,0,120,54,66
El Paso,136-CEDAR GROVE ELEMENTARY,MEMBER STATE BOARD OF EDUCATION DISTRICT 1,,MARTHA M. DOMINGUEZ,DEM,270,1,323,1,595,271,324
El Paso,136-CEDAR GROVE ELEMENTARY,STATE SENATOR DISTRICT 29,,DAN CHAVEZ,REP,55,1,67,0,123,56,67
El Paso,136-CEDAR GROVE ELEMENTARY,STATE SENATOR DISTRICT 29,,JOSE R. RODRIGUEZ,DEM,281,1,325,1,608,282,326
El Paso,136-CEDAR GROVE ELEMENTARY,STATE REPRESENTATIVE DISTRICT 76,,NAOMI R. GONZALEZ,DEM,283,1,350,1,635,284,351
El Paso,136-CEDAR GROVE ELEMENTARY,"CHIEF JUSTICE, COURT OF APPEALS 8TH DISTRICT",,ANN CRAWFORD MCCLURE,DEM,282,1,340,1,624,283,341
El Paso,136-CEDAR GROVE ELEMENTARY,"JUSTICE, 8TH COURT OF APPEALS DISTRICT, PLACE 2",,CHRIS ANTCLIFF,REP,53,1,63,0,117,54,63
El Paso,136-CEDAR GROVE ELEMENTARY,"JUSTICE, 8TH COURT OF APPEALS DISTRICT, PLACE 2",,YVONNE RODRIGUEZ,DEM,276,1,332,1,610,277,333
El Paso,136-CEDAR GROVE ELEMENTARY,"JUSTICE, 8TH COURT OF APPEALS DISTRICT, PLACE 3",,GUADALUPE LUPE RIVER,DEM,287,1,335,1,624,288,336
El Paso,136-CEDAR GROVE ELEMENTARY,"DISTRICT JUDGE, 34TH JUDICIAL DISTRICT",,BILL MOODY,DEM,284,1,337,1,623,285,338
El Paso,136-CEDAR GROVE ELEMENTARY,"DISTRICT JUDGE, 41ST JUDICIAL DISTRICT",,ANNA PEREZ,DEM,288,1,339,1,629,289,340
El Paso,136-CEDAR GROVE ELEMENTARY,"DISTRICT JUDGE, 243RD JUDICIAL DISTRICT",,BILLY DON HICKS,REP,61,1,61,0,123,62,61
El Paso,136-CEDAR GROVE ELEMENTARY,"DISTRICT JUDGE, 243RD JUDICIAL DISTRICT",,LUIS AGUILAR,DEM,269,1,331,1,602,270,332
El Paso,136-CEDAR GROVE ELEMENTARY,"DISTRICT JUDGE, 346TH JUDICIAL DISTRICT",,ANGIE J. BARILL,DEM,281,1,340,1,623,282,341
El Paso,136-CEDAR GROVE ELEMENTARY,"DISTRICT JUDGE, 383RD JUDICIAL DISTRICT",,MIKE HERRERA,DEM,283,1,345,1,630,284,346
El Paso,136-CEDAR GROVE ELEMENTARY,"DISTRICT JUDGE, 384TH JUDICIAL DISTRICT",,PATRICK M. GARCIA,DEM,282,1,340,1,624,283,341
El Paso,136-CEDAR GROVE ELEMENTARY,"DISTRICT JUDGE, 388TH JUDICIAL DISTRICT",,LAURA STRATHMANN,DEM,280,1,341,1,623,281,342
El Paso,136-CEDAR GROVE ELEMENTARY,"DISTRICT JUDGE, 409TH JUDICIAL DISTRICT",,SAM MEDRANO JR,DEM,284,1,345,1,631,285,346
El Paso,136-CEDAR GROVE ELEMENTARY,"DISTRICT JUDGE, 448TH JUDICIAL DISTRICT",,SERGIO H. ENRIQUEZ,DEM,283,1,346,1,631,284,347
El Paso,136-CEDAR GROVE ELEMENTARY,"CRIMINAL DISTRICT JUDGE, COURT NO. 1",,DIANE NAVARRETE,DEM,281,1,346,1,629,282,347
El Paso,136-CEDAR GROVE ELEMENTARY,"FAMILY DISTRICT JUDGE, 65TH JUDICIAL DISTRICT",,YAHARA L. GUTIERREZ,DEM,281,1,342,1,625,282,343
El Paso,136-CEDAR GROVE ELEMENTARY,"DISTRICT ATTORNEY, 34TH JUDICIAL DISTRICT",,JAIME ESPARZA,DEM,280,1,350,1,632,281,351
El Paso,136-CEDAR GROVE ELEMENTARY,"JUDGE, COUNTY CRIMINAL COURT NO. 3",,CARLOS CARRASCO,DEM,283,1,342,1,627,284,343
El Paso,136-CEDAR GROVE ELEMENTARY,"JUDGE, COUNTY CRIMINAL COURT NO. 4",,JESUS HERRERA,DEM,282,1,338,1,622,283,339
El Paso,136-CEDAR GROVE ELEMENTARY,COUNTY ATTORNEY,,JO ANNE BERNAL,DEM,281,1,341,1,624,282,342
El Paso,136-CEDAR GROVE ELEMENTARY,SHERIFF,,RICHARD D. WILES,DEM,291,1,349,1,642,292,350
El Paso,136-CEDAR GROVE ELEMENTARY,COUNTY TAX ASSESSOR COLLECTOR,,VICTOR A. FLORES,DEM,283,1,354,1,639,284,355
El Paso,136-CEDAR GROVE ELEMENTARY,"CONSTABLE, PRECINCT NO. 5",,MANNY LOPEZ,DEM,283,1,345,1,630,284,346
El Paso,137-RANCHLAND HILLS MIDDLE,"CITY OF EL PASO, PROPOSITION",,FOR (A FAVOR),NP,307,8,261,1,577,315,262
El Paso,137-RANCHLAND HILLS MIDDLE,"CITY OF EL PASO, PROPOSITION",,AGAINST (EN CONTRA),NP,110,3,56,0,169,113,56
El Paso,137-RANCHLAND HILLS MIDDLE,"CITY OF EL PASO, PROPOSITION",,FOR (A FAVOR),NP,276,7,251,1,535,283,252
El Paso,137-RANCHLAND HILLS MIDDLE,"CITY OF EL PASO, PROPOSITION",,AGAINST (EN CONTRA),NP,118,4,60,0,182,122,60
El Paso,137-RANCHLAND HILLS MIDDLE,"CITY OF EL PASO, PROPOSITION",,FOR (A FAVOR),NP,234,7,186,1,428,241,187
El Paso,137-RANCHLAND HILLS MIDDLE,"CITY OF EL PASO, PROPOSITION",,AGAINST (EN CONTRA),NP,173,2,121,0,296,175,121
El Paso,137-RANCHLAND HILLS MIDDLE,STRAIGHT PARTY,,REPUBLICAN,REP,39,5,29,0,73,44,29
El Paso,137-RANCHLAND HILLS MIDDLE,STRAIGHT PARTY,,DEMOCRAT,DEM,311,3,234,0,548,314,234
El Paso,137-RANCHLAND HILLS MIDDLE,STRAIGHT PARTY,,LIBERTARIAN,LIB,1,0,2,0,3,1,2
El Paso,137-RANCHLAND HILLS MIDDLE,STRAIGHT PARTY,,GREEN,GRN,2,0,1,0,3,2,1
El Paso,137-RANCHLAND HILLS MIDDLE,US PRESIDENT,,MITT ROMNEY,REP,63,5,50,0,118,68,50
El Paso,137-RANCHLAND HILLS MIDDLE,US PRESIDENT,,BARACK OBAMA,DEM,390,7,300,1,698,397,301
El Paso,137-RANCHLAND HILLS MIDDLE,US PRESIDENT,,GARY JOHNSON,LIB,2,0,3,0,5,2,3
El Paso,137-RANCHLAND HILLS MIDDLE,US PRESIDENT,,JILL STEIN,GRN,0,0,0,0,0,0,0
El Paso,137-RANCHLAND HILLS MIDDLE,US PRESIDENT,,WRITE-IN,NP,0,0,0,0,0,0,0
El Paso,137-RANCHLAND HILLS MIDDLE,US SENATOR,,TED CRUZ,REP,82,4,60,0,146,86,60
El Paso,137-RANCHLAND HILLS MIDDLE,US SENATOR,,PAUL SADLER,DEM,354,7,260,1,622,361,261
El Paso,137-RANCHLAND HILLS MIDDLE,US SENATOR,,JOHN JAY MYERS,LIB,6,0,5,0,11,6,5
El Paso,137-RANCHLAND HILLS MIDDLE,US SENATOR,,DAVID B. COLLINS,GRN,3,1,1,0,5,4,1
El Paso,137-RANCHLAND HILLS MIDDLE,US REP DISTRICT 16,,BARBARA CARRASCO,REP,87,4,74,0,165,91,74
El Paso,137-RANCHLAND HILLS MIDDLE,US REP DISTRICT 16,,BETO OROURKE,DEM,361,7,260,1,629,368,261
El Paso,137-RANCHLAND HILLS MIDDLE,US REP DISTRICT 16,,JUNART SODOY,LIB,4,1,2,0,7,5,2
El Paso,137-RANCHLAND HILLS MIDDLE,RAILROAD COMMISSIONER,,CHRISTI CRADDICK,REP,61,4,46,0,111,65,46
El Paso,137-RANCHLAND HILLS MIDDLE,RAILROAD COMMISSIONER,,DALE HENRY,DEM,362,7,260,1,630,369,261
El Paso,137-RANCHLAND HILLS MIDDLE,RAILROAD COMMISSIONER,,VIVEKANANDA (VIK) WA,LIB,4,0,6,0,10,4,6
El Paso,137-RANCHLAND HILLS MIDDLE,RAILROAD COMMISSIONER,,CHRIS KENNEDY,GRN,12,1,11,0,24,13,11
El Paso,137-RANCHLAND HILLS MIDDLE,RAILROAD COMMISSIONER,,BARRY SMITHERMAN,REP,90,5,65,0,160,95,65
El Paso,137-RANCHLAND HILLS MIDDLE,RAILROAD COMMISSIONER,,JAIME O. PEREZ,LIB,173,4,134,0,311,177,134
El Paso,137-RANCHLAND HILLS MIDDLE,RAILROAD COMMISSIONER,,JOSH WENDEL,GRN,22,0,20,1,43,22,21
El Paso,137-RANCHLAND HILLS MIDDLE,"JUSTICE, SUPREME COURT, PLACE 2",,DON WILLETT,REP,127,5,99,1,232,132,100
El Paso,137-RANCHLAND HILLS MIDDLE,"JUSTICE, SUPREME COURT, PLACE 2",,RS ROBERT KOELSCH,LIB,139,4,104,0,247,143,104
El Paso,137-RANCHLAND HILLS MIDDLE,"JUSTICE, SUPREME COURT, PLACE 4",,JOHN DEVINE,REP,118,5,84,1,208,123,85
El Paso,137-RANCHLAND HILLS MIDDLE,"JUSTICE, SUPREME COURT, PLACE 4",,TOM OXFORD,LIB,115,4,82,0,201,119,82
El Paso,137-RANCHLAND HILLS MIDDLE,"JUSTICE, SUPREME COURT, PLACE 4",,CHARLES E. WATERBURY,GRN,35,0,37,0,72,35,37
El Paso,137-RANCHLAND HILLS MIDDLE,"JUSTICE, SUPREME COURT, PLACE 6",,NATHAN HECHT,REP,61,5,41,0,107,66,41
El Paso,137-RANCHLAND HILLS MIDDLE,"JUSTICE, SUPREME COURT, PLACE 6",,MICHELE PETTY,DEM,365,5,267,1,638,370,268
El Paso,137-RANCHLAND HILLS MIDDLE,"JUSTICE, SUPREME COURT, PLACE 6",,MARK ASH,LIB,6,2,5,0,13,8,5
El Paso,137-RANCHLAND HILLS MIDDLE,"JUSTICE, SUPREME COURT, PLACE 6",,JIM CHISHOLM,GRN,6,0,8,0,14,6,8
El Paso,137-RANCHLAND HILLS MIDDLE,"PRESIDING JUDGE, COURT OF CRIMINAL APPEALS",,SHARON KELLER,REP,67,5,53,0,125,72,53
El Paso,137-RANCHLAND HILLS MIDDLE,"PRESIDING JUDGE, COURT OF CRIMINAL APPEALS",,KEITH HAMPTON,DEM,366,5,261,1,633,371,262
El Paso,137-RANCHLAND HILLS MIDDLE,"PRESIDING JUDGE, COURT OF CRIMINAL APPEALS",,LANCE STOTT,LIB,6,2,6,0,14,8,6
El Paso,137-RANCHLAND HILLS MIDDLE,"JUDGE, COURT OF CRIMINAL APPEALS, PLACE 7",,BARBARA PARKER HERVE,REP,132,5,114,1,252,137,115
El Paso,137-RANCHLAND HILLS MIDDLE,"JUDGE, COURT OF CRIMINAL APPEALS, PLACE 7",,MARK W. BENNETT,LIB,135,4,94,0,233,139,94
El Paso,137-RANCHLAND HILLS MIDDLE,"JUDGE, COURT OF CRIMINAL APPEALS, PLACE 8",,ELSA ALCALA,REP,146,5,109,1,261,151,110
El Paso,137-RANCHLAND HILLS MIDDLE,"JUDGE, COURT OF CRIMINAL APPEALS, PLACE 8",,WILLIAM BRYAN STRANG,LIB,118,4,97,0,219,122,97
El Paso,137-RANCHLAND HILLS MIDDLE,MEMBER STATE BOARD OF EDUCATION DISTRICT 1,,CARLOS CHARLIE GARZA,REP,70,5,51,0,126,75,51
El Paso,137-RANCHLAND HILLS MIDDLE,MEMBER STATE BOARD OF EDUCATION DISTRICT 1,,MARTHA M. DOMINGUEZ,DEM,367,7,271,1,646,374,272
El Paso,137-RANCHLAND HILLS MIDDLE,STATE SENATOR DISTRICT 29,,DAN CHAVEZ,REP,68,5,52,0,125,73,52
El Paso,137-RANCHLAND HILLS MIDDLE,STATE SENATOR DISTRICT 29,,JOSE R. RODRIGUEZ,DEM,373,7,277,1,658,380,278
El Paso,137-RANCHLAND HILLS MIDDLE,STATE REPRESENTATIVE DISTRICT 76,,NAOMI R. GONZALEZ,DEM,389,8,292,1,690,397,293
El Paso,137-RANCHLAND HILLS MIDDLE,"CHIEF JUSTICE, COURT OF APPEALS 8TH DISTRICT",,ANN CRAWFORD MCCLURE,DEM,388,8,288,1,685,396,289
El Paso,137-RANCHLAND HILLS MIDDLE,"JUSTICE, 8TH COURT OF APPEALS DISTRICT, PLACE 2",,CHRIS ANTCLIFF,REP,68,5,44,0,117,73,44
El Paso,137-RANCHLAND HILLS MIDDLE,"JUSTICE, 8TH COURT OF APPEALS DISTRICT, PLACE 2",,YVONNE RODRIGUEZ,DEM,372,7,281,1,661,379,282
El Paso,137-RANCHLAND HILLS MIDDLE,"JUSTICE, 8TH COURT OF APPEALS DISTRICT, PLACE 3",,GUADALUPE LUPE RIVER,DEM,387,8,292,1,688,395,293
El Paso,137-RANCHLAND HILLS MIDDLE,"DISTRICT JUDGE, 34TH JUDICIAL DISTRICT",,BILL MOODY,DEM,390,8,288,1,687,398,289
El Paso,137-RANCHLAND HILLS MIDDLE,"DISTRICT JUDGE, 41ST JUDICIAL DISTRICT",,ANNA PEREZ,DEM,395,8,294,1,698,403,295
El Paso,137-RANCHLAND HILLS MIDDLE,"DISTRICT JUDGE, 243RD JUDICIAL DISTRICT",,BILLY DON HICKS,REP,79,5,59,0,143,84,59
El Paso,137-RANCHLAND HILLS MIDDLE,"DISTRICT JUDGE, 243RD JUDICIAL DISTRICT",,LUIS AGUILAR,DEM,367,6,268,1,642,373,269
El Paso,137-RANCHLAND HILLS MIDDLE,"DISTRICT JUDGE, 346TH JUDICIAL DISTRICT",,ANGIE J. BARILL,DEM,386,8,286,1,681,394,287
El Paso,137-RANCHLAND HILLS MIDDLE,"DISTRICT JUDGE, 383RD JUDICIAL DISTRICT",,MIKE HERRERA,DEM,387,8,285,1,681,395,286
El Paso,137-RANCHLAND HILLS MIDDLE,"DISTRICT JUDGE, 384TH JUDICIAL DISTRICT",,PATRICK M. GARCIA,DEM,387,8,286,1,682,395,287
El Paso,137-RANCHLAND HILLS MIDDLE,"DISTRICT JUDGE, 388TH JUDICIAL DISTRICT",,LAURA STRATHMANN,DEM,383,8,285,1,677,391,286
El Paso,137-RANCHLAND HILLS MIDDLE,"DISTRICT JUDGE, 409TH JUDICIAL DISTRICT",,SAM MEDRANO JR,DEM,392,8,287,1,688,400,288
El Paso,137-RANCHLAND HILLS MIDDLE,"DISTRICT JUDGE, 448TH JUDICIAL DISTRICT",,SERGIO H. ENRIQUEZ,DEM,388,8,289,1,686,396,290
El Paso,137-RANCHLAND HILLS MIDDLE,"CRIMINAL DISTRICT JUDGE, COURT NO. 1",,DIANE NAVARRETE,DEM,388,8,284,1,681,396,285
El Paso,137-RANCHLAND HILLS MIDDLE,"FAMILY DISTRICT JUDGE, 65TH JUDICIAL DISTRICT",,YAHARA L. GUTIERREZ,DEM,386,8,290,1,685,394,291
El Paso,137-RANCHLAND HILLS MIDDLE,"DISTRICT ATTORNEY, 34TH JUDICIAL DISTRICT",,JAIME ESPARZA,DEM,393,8,289,1,691,401,290
El Paso,137-RANCHLAND HILLS MIDDLE,"JUDGE, COUNTY CRIMINAL COURT NO. 3",,CARLOS CARRASCO,DEM,389,8,285,1,683,397,286
El Paso,137-RANCHLAND HILLS MIDDLE,"JUDGE, COUNTY CRIMINAL COURT NO. 4",,JESUS HERRERA,DEM,383,8,284,1,676,391,285
El Paso,137-RANCHLAND HILLS MIDDLE,COUNTY ATTORNEY,,JO ANNE BERNAL,DEM,393,8,288,1,690,401,289
El Paso,137-RANCHLAND HILLS MIDDLE,SHERIFF,,RICHARD D. WILES,DEM,396,8,282,1,687,404,283
El Paso,137-RANCHLAND HILLS MIDDLE,COUNTY TAX ASSESSOR COLLECTOR,,VICTOR A. FLORES,DEM,390,10,291,1,692,400,292
El Paso,137-RANCHLAND HILLS MIDDLE,"COUNTY COMMISSIONER, PRECINCT NO. 3",,FRED CHAVEZ,REP,72,5,43,0,120,77,43
El Paso,137-RANCHLAND HILLS MIDDLE,"COUNTY COMMISSIONER, PRECINCT NO. 3",,VINCENT VINCE PEREZ,DEM,377,7,280,1,665,384,281
El Paso,137-RANCHLAND HILLS MIDDLE,"CONSTABLE, PRECINCT NO. 5",,MANNY LOPEZ,DEM,391,8,287,1,687,399,288
El Paso,138-HACIENDA HEIGHTS ELEMENTARY,"CITY OF EL PASO, PROPOSITION",,FOR (A FAVOR),NP,355,4,363,0,722,359,363
El Paso,138-HACIENDA HEIGHTS ELEMENTARY,"CITY OF EL PASO, PROPOSITION",,AGAINST (EN CONTRA),NP,115,2,83,0,200,117,83
El Paso,138-HACIENDA HEIGHTS ELEMENTARY,"CITY OF EL PASO, PROPOSITION",,FOR (A FAVOR),NP,327,4,355,0,686,331,355
El Paso,138-HACIENDA HEIGHTS ELEMENTARY,"CITY OF EL PASO, PROPOSITION",,AGAINST (EN CONTRA),NP,110,2,82,0,194,112,82
El Paso,138-HACIENDA HEIGHTS ELEMENTARY,"CITY OF EL PASO, PROPOSITION",,FOR (A FAVOR),NP,247,3,259,0,509,250,259
El Paso,138-HACIENDA HEIGHTS ELEMENTARY,"CITY OF EL PASO, PROPOSITION",,AGAINST (EN CONTRA),NP,197,2,172,0,371,199,172
El Paso,138-HACIENDA HEIGHTS ELEMENTARY,STRAIGHT PARTY,,REPUBLICAN,REP,50,4,46,0,100,54,46
El Paso,138-HACIENDA HEIGHTS ELEMENTARY,STRAIGHT PARTY,,DEMOCRAT,DEM,344,2,320,0,666,346,320
El Paso,138-HACIENDA HEIGHTS ELEMENTARY,STRAIGHT PARTY,,LIBERTARIAN,LIB,4,0,1,0,5,4,1
El Paso,138-HACIENDA HEIGHTS ELEMENTARY,STRAIGHT PARTY,,GREEN,GRN,1,0,2,0,3,1,2
El Paso,138-HACIENDA HEIGHTS ELEMENTARY,US PRESIDENT,,MITT ROMNEY,REP,86,5,69,0,160,91,69
El Paso,138-HACIENDA HEIGHTS ELEMENTARY,US PRESIDENT,,BARACK OBAMA,DEM,414,3,381,0,798,417,381
El Paso,138-HACIENDA HEIGHTS ELEMENTARY,US PRESIDENT,,GARY JOHNSON,LIB,3,0,1,0,4,3,1
El Paso,138-HACIENDA HEIGHTS ELEMENTARY,US PRESIDENT,,JILL STEIN,GRN,1,0,1,0,2,1,1
El Paso,138-HACIENDA HEIGHTS ELEMENTARY,US PRESIDENT,,WRITE-IN,NP,0,0,2,0,2,0,2
El Paso,138-HACIENDA HEIGHTS ELEMENTARY,US SENATOR,,TED CRUZ,REP,106,5,80,0,191,111,80
El Paso,138-HACIENDA HEIGHTS ELEMENTARY,US SENATOR,,PAUL SADLER,DEM,389,2,357,0,748,391,357
El Paso,138-HACIENDA HEIGHTS ELEMENTARY,US SENATOR,,JOHN JAY MYERS,LIB,3,0,4,0,7,3,4
El Paso,138-HACIENDA HEIGHTS ELEMENTARY,US SENATOR,,DAVID B. COLLINS,GRN,2,0,3,0,5,2,3
El Paso,138-HACIENDA HEIGHTS ELEMENTARY,US REP DISTRICT 16,,BARBARA CARRASCO,REP,102,5,74,0,181,107,74
El Paso,138-HACIENDA HEIGHTS ELEMENTARY,US REP DISTRICT 16,,BETO OROURKE,DEM,397,3,366,0,766,400,366
El Paso,138-HACIENDA HEIGHTS ELEMENTARY,US REP DISTRICT 16,,JUNART SODOY,LIB,6,0,3,0,9,6,3
El Paso,138-HACIENDA HEIGHTS ELEMENTARY,RAILROAD COMMISSIONER,,CHRISTI CRADDICK,REP,81,4,68,0,153,85,68
El Paso,138-HACIENDA HEIGHTS ELEMENTARY,RAILROAD COMMISSIONER,,DALE HENRY,DEM,398,2,355,0,755,400,355
El Paso,138-HACIENDA HEIGHTS ELEMENTARY,RAILROAD COMMISSIONER,,VIVEKANANDA (VIK) WA,LIB,5,1,2,0,8,6,2
El Paso,138-HACIENDA HEIGHTS ELEMENTARY,RAILROAD COMMISSIONER,,CHRIS KENNEDY,GRN,16,0,9,0,25,16,9
El Paso,138-HACIENDA HEIGHTS ELEMENTARY,RAILROAD COMMISSIONER,,BARRY SMITHERMAN,REP,103,3,77,0,183,106,77
El Paso,138-HACIENDA HEIGHTS ELEMENTARY,RAILROAD COMMISSIONER,,JAIME O. PEREZ,LIB,202,1,194,0,397,203,194
El Paso,138-HACIENDA HEIGHTS ELEMENTARY,RAILROAD COMMISSIONER,,JOSH WENDEL,GRN,33,1,24,0,58,34,24
El Paso,138-HACIENDA HEIGHTS ELEMENTARY,"JUSTICE, SUPREME COURT, PLACE 2",,DON WILLETT,REP,150,5,137,0,292,155,137
El Paso,138-HACIENDA HEIGHTS ELEMENTARY,"JUSTICE, SUPREME COURT, PLACE 2",,RS ROBERT KOELSCH,LIB,166,0,141,0,307,166,141
El Paso,138-HACIENDA HEIGHTS ELEMENTARY,"JUSTICE, SUPREME COURT, PLACE 4",,JOHN DEVINE,REP,147,4,114,0,265,151,114
El Paso,138-HACIENDA HEIGHTS ELEMENTARY,"JUSTICE, SUPREME COURT, PLACE 4",,TOM OXFORD,LIB,126,0,114,0,240,126,114
El Paso,138-HACIENDA HEIGHTS ELEMENTARY,"JUSTICE, SUPREME COURT, PLACE 4",,CHARLES E. WATERBURY,GRN,48,1,46,0,95,49,46
El Paso,138-HACIENDA HEIGHTS ELEMENTARY,"JUSTICE, SUPREME COURT, PLACE 6",,NATHAN HECHT,REP,74,3,56,0,133,77,56
El Paso,138-HACIENDA HEIGHTS ELEMENTARY,"JUSTICE, SUPREME COURT, PLACE 6",,MICHELE PETTY,DEM,402,4,364,0,770,406,364
El Paso,138-HACIENDA HEIGHTS ELEMENTARY,"JUSTICE, SUPREME COURT, PLACE 6",,MARK ASH,LIB,9,1,9,0,19,10,9
El Paso,138-HACIENDA HEIGHTS ELEMENTARY,"JUSTICE, SUPREME COURT, PLACE 6",,JIM CHISHOLM,GRN,12,0,6,0,18,12,6
El Paso,138-HACIENDA HEIGHTS ELEMENTARY,"PRESIDING JUDGE, COURT OF CRIMINAL APPEALS",,SHARON KELLER,REP,82,3,67,0,152,85,67
El Paso,138-HACIENDA HEIGHTS ELEMENTARY,"PRESIDING JUDGE, COURT OF CRIMINAL APPEALS",,KEITH HAMPTON,DEM,407,3,354,0,764,410,354
El Paso,138-HACIENDA HEIGHTS ELEMENTARY,"PRESIDING JUDGE, COURT OF CRIMINAL APPEALS",,LANCE STOTT,LIB,8,1,10,0,19,9,10
El Paso,138-HACIENDA HEIGHTS ELEMENTARY,"JUDGE, COURT OF CRIMINAL APPEALS, PLACE 7",,BARBARA PARKER HERVE,REP,152,4,142,0,298,156,142
El Paso,138-HACIENDA HEIGHTS ELEMENTARY,"JUDGE, COURT OF CRIMINAL APPEALS, PLACE 7",,MARK W. BENNETT,LIB,163,1,139,0,303,164,139
El Paso,138-HACIENDA HEIGHTS ELEMENTARY,"JUDGE, COURT OF CRIMINAL APPEALS, PLACE 8",,ELSA ALCALA,REP,182,5,160,0,347,187,160
El Paso,138-HACIENDA HEIGHTS ELEMENTARY,"JUDGE, COURT OF CRIMINAL APPEALS, PLACE 8",,WILLIAM BRYAN STRANG,LIB,129,0,114,0,243,129,114
El Paso,138-HACIENDA HEIGHTS ELEMENTARY,MEMBER STATE BOARD OF EDUCATION DISTRICT 1,,CARLOS CHARLIE GARZA,REP,87,5,69,0,161,92,69
El Paso,138-HACIENDA HEIGHTS ELEMENTARY,MEMBER STATE BOARD OF EDUCATION DISTRICT 1,,MARTHA M. DOMINGUEZ,DEM,411,3,364,0,778,414,364
El Paso,138-HACIENDA HEIGHTS ELEMENTARY,STATE SENATOR DISTRICT 29,,DAN CHAVEZ,REP,76,4,64,0,144,80,64
El Paso,138-HACIENDA HEIGHTS ELEMENTARY,STATE SENATOR DISTRICT 29,,JOSE R. RODRIGUEZ,DEM,428,4,376,0,808,432,376
El Paso,138-HACIENDA HEIGHTS ELEMENTARY,STATE REPRESENTATIVE DISTRICT 76,,NAOMI R. GONZALEZ,DEM,430,4,393,0,827,434,393
El Paso,138-HACIENDA HEIGHTS ELEMENTARY,"CHIEF JUSTICE, COURT OF APPEALS 8TH DISTRICT",,ANN CRAWFORD MCCLURE,DEM,441,4,388,0,833,445,388
El Paso,138-HACIENDA HEIGHTS ELEMENTARY,"JUSTICE, 8TH COURT OF APPEALS DISTRICT, PLACE 2",,CHRIS ANTCLIFF,REP,75,4,67,0,146,79,67
El Paso,138-HACIENDA HEIGHTS ELEMENTARY,"JUSTICE, 8TH COURT OF APPEALS DISTRICT, PLACE 2",,YVONNE RODRIGUEZ,DEM,420,4,369,0,793,424,369
El Paso,138-HACIENDA HEIGHTS ELEMENTARY,"JUSTICE, 8TH COURT OF APPEALS DISTRICT, PLACE 3",,GUADALUPE LUPE RIVER,DEM,439,4,390,0,833,443,390
El Paso,138-HACIENDA HEIGHTS ELEMENTARY,"DISTRICT JUDGE, 34TH JUDICIAL DISTRICT",,BILL MOODY,DEM,436,4,391,0,831,440,391
El Paso,138-HACIENDA HEIGHTS ELEMENTARY,"DISTRICT JUDGE, 41ST JUDICIAL DISTRICT",,ANNA PEREZ,DEM,435,4,396,0,835,439,396
El Paso,138-HACIENDA HEIGHTS ELEMENTARY,"DISTRICT JUDGE, 243RD JUDICIAL DISTRICT",,BILLY DON HICKS,REP,82,4,72,0,158,86,72
El Paso,138-HACIENDA HEIGHTS ELEMENTARY,"DISTRICT JUDGE, 243RD JUDICIAL DISTRICT",,LUIS AGUILAR,DEM,415,4,366,0,785,419,366
El Paso,138-HACIENDA HEIGHTS ELEMENTARY,"DISTRICT JUDGE, 346TH JUDICIAL DISTRICT",,ANGIE J. BARILL,DEM,431,4,389,0,824,435,389
El Paso,138-HACIENDA HEIGHTS ELEMENTARY,"DISTRICT JUDGE, 383RD JUDICIAL DISTRICT",,MIKE HERRERA,DEM,436,4,390,0,830,440,390
El Paso,138-HACIENDA HEIGHTS ELEMENTARY,"DISTRICT JUDGE, 384TH JUDICIAL DISTRICT",,PATRICK M. GARCIA,DEM,429,4,389,0,822,433,389
El Paso,138-HACIENDA HEIGHTS ELEMENTARY,"DISTRICT JUDGE, 388TH JUDICIAL DISTRICT",,LAURA STRATHMANN,DEM,436,4,389,0,829,440,389
El Paso,138-HACIENDA HEIGHTS ELEMENTARY,"DISTRICT JUDGE, 409TH JUDICIAL DISTRICT",,SAM MEDRANO JR,DEM,428,4,393,0,825,432,393
El Paso,138-HACIENDA HEIGHTS ELEMENTARY,"DISTRICT JUDGE, 448TH JUDICIAL DISTRICT",,SERGIO H. ENRIQUEZ,DEM,429,4,389,0,822,433,389
El Paso,138-HACIENDA HEIGHTS ELEMENTARY,"CRIMINAL DISTRICT JUDGE, COURT NO. 1",,DIANE NAVARRETE,DEM,429,4,393,0,826,433,393
El Paso,138-HACIENDA HEIGHTS ELEMENTARY,"FAMILY DISTRICT JUDGE, 65TH JUDICIAL DISTRICT",,YAHARA L. GUTIERREZ,DEM,438,4,391,0,833,442,391
El Paso,138-HACIENDA HEIGHTS ELEMENTARY,"DISTRICT ATTORNEY, 34TH JUDICIAL DISTRICT",,JAIME ESPARZA,DEM,430,4,389,0,823,434,389
El Paso,138-HACIENDA HEIGHTS ELEMENTARY,"JUDGE, COUNTY CRIMINAL COURT NO. 3",,CARLOS CARRASCO,DEM,425,4,389,0,818,429,389
El Paso,138-HACIENDA HEIGHTS ELEMENTARY,"JUDGE, COUNTY CRIMINAL COURT NO. 4",,JESUS HERRERA,DEM,428,4,389,0,821,432,389
El Paso,138-HACIENDA HEIGHTS ELEMENTARY,COUNTY ATTORNEY,,JO ANNE BERNAL,DEM,421,4,390,0,815,425,390
El Paso,138-HACIENDA HEIGHTS ELEMENTARY,SHERIFF,,RICHARD D. WILES,DEM,436,3,397,0,836,439,397
El Paso,138-HACIENDA HEIGHTS ELEMENTARY,COUNTY TAX ASSESSOR COLLECTOR,,VICTOR A. FLORES,DEM,428,5,390,0,823,433,390
El Paso,138-HACIENDA HEIGHTS ELEMENTARY,"COUNTY COMMISSIONER, PRECINCT NO. 3",,FRED CHAVEZ,REP,90,5,59,0,154,95,59
El Paso,138-HACIENDA HEIGHTS ELEMENTARY,"COUNTY COMMISSIONER, PRECINCT NO. 3",,VINCENT VINCE PEREZ,DEM,409,3,376,0,788,412,376
El Paso,138-HACIENDA HEIGHTS ELEMENTARY,"CONSTABLE, PRECINCT NO. 5",,MANNY LOPEZ,DEM,427,4,389,0,820,431,389
El Paso,139-MESA VISTA ELEMENTARY,"CITY OF EL PASO, PROPOSITION",,FOR (A FAVOR),NP,312,7,339,2,660,319,341
El Paso,139-MESA VISTA ELEMENTARY,"CITY OF EL PASO, PROPOSITION",,AGAINST (EN CONTRA),NP,96,4,72,0,172,100,72
El Paso,139-MESA VISTA ELEMENTARY,"CITY OF EL PASO, PROPOSITION",,FOR (A FAVOR),NP,286,7,313,2,608,293,315
El Paso,139-MESA VISTA ELEMENTARY,"CITY OF EL PASO, PROPOSITION",,AGAINST (EN CONTRA),NP,107,4,82,0,193,111,82
El Paso,139-MESA VISTA ELEMENTARY,"CITY OF EL PASO, PROPOSITION",,FOR (A FAVOR),NP,241,4,268,1,514,245,269
El Paso,139-MESA VISTA ELEMENTARY,"CITY OF EL PASO, PROPOSITION",,AGAINST (EN CONTRA),NP,162,6,136,1,305,168,137
El Paso,139-MESA VISTA ELEMENTARY,STRAIGHT PARTY,,REPUBLICAN,REP,46,2,51,0,99,48,51
El Paso,139-MESA VISTA ELEMENTARY,STRAIGHT PARTY,,DEMOCRAT,DEM,244,4,253,2,503,248,255
El Paso,139-MESA VISTA ELEMENTARY,STRAIGHT PARTY,,LIBERTARIAN,LIB,3,0,2,0,5,3,2
El Paso,139-MESA VISTA ELEMENTARY,STRAIGHT PARTY,,GREEN,GRN,0,0,0,0,0,0,0
El Paso,139-MESA VISTA ELEMENTARY,US PRESIDENT,,MITT ROMNEY,REP,93,4,87,0,184,97,87
El Paso,139-MESA VISTA ELEMENTARY,US PRESIDENT,,BARACK OBAMA,DEM,331,7,336,2,676,338,338
El Paso,139-MESA VISTA ELEMENTARY,US PRESIDENT,,GARY JOHNSON,LIB,1,0,8,0,9,1,8
El Paso,139-MESA VISTA ELEMENTARY,US PRESIDENT,,JILL STEIN,GRN,0,0,2,0,2,0,2
El Paso,139-MESA VISTA ELEMENTARY,US PRESIDENT,,WRITE-IN,NP,1,0,1,0,2,1,1
El Paso,139-MESA VISTA ELEMENTARY,US SENATOR,,TED CRUZ,REP,101,3,101,0,205,104,101
El Paso,139-MESA VISTA ELEMENTARY,US SENATOR,,PAUL SADLER,DEM,309,7,310,2,628,316,312
El Paso,139-MESA VISTA ELEMENTARY,US SENATOR,,JOHN JAY MYERS,LIB,5,0,13,0,18,5,13
El Paso,139-MESA VISTA ELEMENTARY,US SENATOR,,DAVID B. COLLINS,GRN,3,1,1,0,5,4,1
El Paso,139-MESA VISTA ELEMENTARY,US REP DISTRICT 16,,BARBARA CARRASCO,REP,100,3,90,0,193,103,90
El Paso,139-MESA VISTA ELEMENTARY,US REP DISTRICT 16,,BETO OROURKE,DEM,319,7,327,2,655,326,329
El Paso,139-MESA VISTA ELEMENTARY,US REP DISTRICT 16,,JUNART SODOY,LIB,2,0,7,0,9,2,7
El Paso,139-MESA VISTA ELEMENTARY,RAILROAD COMMISSIONER,,CHRISTI CRADDICK,REP,80,2,73,0,155,82,73
El Paso,139-MESA VISTA ELEMENTARY,RAILROAD COMMISSIONER,,DALE HENRY,DEM,299,8,310,2,619,307,312
El Paso,139-MESA VISTA ELEMENTARY,RAILROAD COMMISSIONER,,VIVEKANANDA (VIK) WA,LIB,8,0,7,0,15,8,7
El Paso,139-MESA VISTA ELEMENTARY,RAILROAD COMMISSIONER,,CHRIS KENNEDY,GRN,16,0,25,0,41,16,25
El Paso,139-MESA VISTA ELEMENTARY,RAILROAD COMMISSIONER,,BARRY SMITHERMAN,REP,108,3,93,0,204,111,93
El Paso,139-MESA VISTA ELEMENTARY,RAILROAD COMMISSIONER,,JAIME O. PEREZ,LIB,167,2,173,1,343,169,174
El Paso,139-MESA VISTA ELEMENTARY,RAILROAD COMMISSIONER,,JOSH WENDEL,GRN,25,0,36,0,61,25,36
El Paso,139-MESA VISTA ELEMENTARY,"JUSTICE, SUPREME COURT, PLACE 2",,DON WILLETT,REP,157,3,142,0,302,160,142
El Paso,139-MESA VISTA ELEMENTARY,"JUSTICE, SUPREME COURT, PLACE 2",,RS ROBERT KOELSCH,LIB,125,2,156,1,284,127,157
El Paso,139-MESA VISTA ELEMENTARY,"JUSTICE, SUPREME COURT, PLACE 4",,JOHN DEVINE,REP,148,3,125,0,276,151,125
El Paso,139-MESA VISTA ELEMENTARY,"JUSTICE, SUPREME COURT, PLACE 4",,TOM OXFORD,LIB,96,0,120,1,217,96,121
El Paso,139-MESA VISTA ELEMENTARY,"JUSTICE, SUPREME COURT, PLACE 4",,CHARLES E. WATERBURY,GRN,35,2,49,0,86,37,49
El Paso,139-MESA VISTA ELEMENTARY,"JUSTICE, SUPREME COURT, PLACE 6",,NATHAN HECHT,REP,70,2,65,0,137,72,65
El Paso,139-MESA VISTA ELEMENTARY,"JUSTICE, SUPREME COURT, PLACE 6",,MICHELE PETTY,DEM,305,8,329,2,644,313,331
El Paso,139-MESA VISTA ELEMENTARY,"JUSTICE, SUPREME COURT, PLACE 6",,MARK ASH,LIB,12,0,14,0,26,12,14
El Paso,139-MESA VISTA ELEMENTARY,"JUSTICE, SUPREME COURT, PLACE 6",,JIM CHISHOLM,GRN,8,0,8,0,16,8,8
El Paso,139-MESA VISTA ELEMENTARY,"PRESIDING JUDGE, COURT OF CRIMINAL APPEALS",,SHARON KELLER,REP,82,1,81,0,164,83,81
El Paso,139-MESA VISTA ELEMENTARY,"PRESIDING JUDGE, COURT OF CRIMINAL APPEALS",,KEITH HAMPTON,DEM,302,8,319,2,631,310,321
El Paso,139-MESA VISTA ELEMENTARY,"PRESIDING JUDGE, COURT OF CRIMINAL APPEALS",,LANCE STOTT,LIB,13,0,17,0,30,13,17
El Paso,139-MESA VISTA ELEMENTARY,"JUDGE, COURT OF CRIMINAL APPEALS, PLACE 7",,BARBARA PARKER HERVE,REP,159,3,150,0,312,162,150
El Paso,139-MESA VISTA ELEMENTARY,"JUDGE, COURT OF CRIMINAL APPEALS, PLACE 7",,MARK W. BENNETT,LIB,129,2,143,1,275,131,144
El Paso,139-MESA VISTA ELEMENTARY,"JUDGE, COURT OF CRIMINAL APPEALS, PLACE 8",,ELSA ALCALA,REP,181,3,165,0,349,184,165
El Paso,139-MESA VISTA ELEMENTARY,"JUDGE, COURT OF CRIMINAL APPEALS, PLACE 8",,WILLIAM BRYAN STRANG,LIB,102,2,125,1,230,104,126
El Paso,139-MESA VISTA ELEMENTARY,MEMBER STATE BOARD OF EDUCATION DISTRICT 1,,CARLOS CHARLIE GARZA,REP,86,1,84,0,171,87,84
El Paso,139-MESA VISTA ELEMENTARY,MEMBER STATE BOARD OF EDUCATION DISTRICT 1,,MARTHA M. DOMINGUEZ,DEM,321,8,330,2,661,329,332
El Paso,139-MESA VISTA ELEMENTARY,STATE SENATOR DISTRICT 29,,DAN CHAVEZ,REP,82,3,80,0,165,85,80
El Paso,139-MESA VISTA ELEMENTARY,STATE SENATOR DISTRICT 29,,JOSE R. RODRIGUEZ,DEM,337,7,341,2,687,344,343
El Paso,139-MESA VISTA ELEMENTARY,STATE REPRESENTATIVE DISTRICT 76,,NAOMI R. GONZALEZ,DEM,350,10,367,2,729,360,369
El Paso,139-MESA VISTA ELEMENTARY,"CHIEF JUSTICE, COURT OF APPEALS 8TH DISTRICT",,ANN CRAWFORD MCCLURE,DEM,341,10,365,2,718,351,367
El Paso,139-MESA VISTA ELEMENTARY,"JUSTICE, 8TH COURT OF APPEALS DISTRICT, PLACE 2",,CHRIS ANTCLIFF,REP,84,3,87,0,174,87,87
El Paso,139-MESA VISTA ELEMENTARY,"JUSTICE, 8TH COURT OF APPEALS DISTRICT, PLACE 2",,YVONNE RODRIGUEZ,DEM,328,6,332,2,668,334,334
El Paso,139-MESA VISTA ELEMENTARY,"JUSTICE, 8TH COURT OF APPEALS DISTRICT, PLACE 3",,GUADALUPE LUPE RIVER,DEM,354,9,365,2,730,363,367
El Paso,139-MESA VISTA ELEMENTARY,"DISTRICT JUDGE, 34TH JUDICIAL DISTRICT",,BILL MOODY,DEM,350,10,369,2,731,360,371
El Paso,139-MESA VISTA ELEMENTARY,"DISTRICT JUDGE, 41ST JUDICIAL DISTRICT",,ANNA PEREZ,DEM,348,10,366,2,726,358,368
El Paso,139-MESA VISTA ELEMENTARY,"DISTRICT JUDGE, 243RD JUDICIAL DISTRICT",,BILLY DON HICKS,REP,85,3,79,0,167,88,79
El Paso,139-MESA VISTA ELEMENTARY,"DISTRICT JUDGE, 243RD JUDICIAL DISTRICT",,LUIS AGUILAR,DEM,324,7,335,2,668,331,337
El Paso,139-MESA VISTA ELEMENTARY,"DISTRICT JUDGE, 346TH JUDICIAL DISTRICT",,ANGIE J. BARILL,DEM,354,10,359,2,725,364,361
El Paso,139-MESA VISTA ELEMENTARY,"DISTRICT JUDGE, 383RD JUDICIAL DISTRICT",,MIKE HERRERA,DEM,345,9,357,2,713,354,359
El Paso,139-MESA VISTA ELEMENTARY,"DISTRICT JUDGE, 384TH JUDICIAL DISTRICT",,PATRICK M. GARCIA,DEM,348,9,355,2,714,357,357
El Paso,139-MESA VISTA ELEMENTARY,"DISTRICT JUDGE, 388TH JUDICIAL DISTRICT",,LAURA STRATHMANN,DEM,346,9,363,2,720,355,365
El Paso,139-MESA VISTA ELEMENTARY,"DISTRICT JUDGE, 409TH JUDICIAL DISTRICT",,SAM MEDRANO JR,DEM,347,9,362,2,720,356,364
El Paso,139-MESA VISTA ELEMENTARY,"DISTRICT JUDGE, 448TH JUDICIAL DISTRICT",,SERGIO H. ENRIQUEZ,DEM,344,9,359,2,714,353,361
El Paso,139-MESA VISTA ELEMENTARY,"CRIMINAL DISTRICT JUDGE, COURT NO. 1",,DIANE NAVARRETE,DEM,347,9,360,2,718,356,362
El Paso,139-MESA VISTA ELEMENTARY,"FAMILY DISTRICT JUDGE, 65TH JUDICIAL DISTRICT",,YAHARA L. GUTIERREZ,DEM,346,9,358,2,715,355,360
El Paso,139-MESA VISTA ELEMENTARY,"DISTRICT ATTORNEY, 34TH JUDICIAL DISTRICT",,JAIME ESPARZA,DEM,341,10,359,2,712,351,361
El Paso,139-MESA VISTA ELEMENTARY,"JUDGE, COUNTY CRIMINAL COURT NO. 3",,CARLOS CARRASCO,DEM,347,9,360,2,718,356,362
El Paso,139-MESA VISTA ELEMENTARY,"JUDGE, COUNTY CRIMINAL COURT NO. 4",,JESUS HERRERA,DEM,347,9,359,2,717,356,361
El Paso,139-MESA VISTA ELEMENTARY,COUNTY ATTORNEY,,JO ANNE BERNAL,DEM,348,10,360,2,720,358,362
El Paso,139-MESA VISTA ELEMENTARY,SHERIFF,,RICHARD D. WILES,DEM,357,10,365,2,734,367,367
El Paso,139-MESA VISTA ELEMENTARY,COUNTY TAX ASSESSOR COLLECTOR,,VICTOR A. FLORES,DEM,350,10,359,2,721,360,361
El Paso,139-MESA VISTA ELEMENTARY,"COUNTY COMMISSIONER, PRECINCT NO. 3",,FRED CHAVEZ,REP,83,3,82,0,168,86,82
El Paso,139-MESA VISTA ELEMENTARY,"COUNTY COMMISSIONER, PRECINCT NO. 3",,VINCENT VINCE PEREZ,DEM,331,7,332,2,672,338,334
El Paso,139-MESA VISTA ELEMENTARY,"CONSTABLE, PRECINCT NO. 5",,MANNY LOPEZ,DEM,344,9,355,2,710,353,357
El Paso,140-GOOD SAMARITAN TWRS,"CITY OF EL PASO, PROPOSITION",,FOR (A FAVOR),NP,291,2,234,0,527,293,234
El Paso,140-GOOD SAMARITAN TWRS,"CITY OF EL PASO, PROPOSITION",,AGAINST (EN CONTRA),NP,59,0,46,0,105,59,46
El Paso,140-GOOD SAMARITAN TWRS,"CITY OF EL PASO, PROPOSITION",,FOR (A FAVOR),NP,254,2,212,0,468,256,212
El Paso,140-GOOD SAMARITAN TWRS,"CITY OF EL PASO, PROPOSITION",,AGAINST (EN CONTRA),NP,65,0,57,0,122,65,57
El Paso,140-GOOD SAMARITAN TWRS,"CITY OF EL PASO, PROPOSITION",,FOR (A FAVOR),NP,191,2,148,0,341,193,148
El Paso,140-GOOD SAMARITAN TWRS,"CITY OF EL PASO, PROPOSITION",,AGAINST (EN CONTRA),NP,130,0,131,0,261,130,131
El Paso,140-GOOD SAMARITAN TWRS,STRAIGHT PARTY,,REPUBLICAN,REP,30,0,27,0,57,30,27
El Paso,140-GOOD SAMARITAN TWRS,STRAIGHT PARTY,,DEMOCRAT,DEM,278,2,194,0,474,280,194
El Paso,140-GOOD SAMARITAN TWRS,STRAIGHT PARTY,,LIBERTARIAN,LIB,2,0,1,0,3,2,1
El Paso,140-GOOD SAMARITAN TWRS,STRAIGHT PARTY,,GREEN,GRN,1,0,0,0,1,1,0
El Paso,140-GOOD SAMARITAN TWRS,US PRESIDENT,,MITT ROMNEY,REP,63,0,40,0,103,63,40
El Paso,140-GOOD SAMARITAN TWRS,US PRESIDENT,,BARACK OBAMA,DEM,312,2,250,0,564,314,250
El Paso,140-GOOD SAMARITAN TWRS,US PRESIDENT,,GARY JOHNSON,LIB,5,0,1,0,6,5,1
El Paso,140-GOOD SAMARITAN TWRS,US PRESIDENT,,JILL STEIN,GRN,1,0,0,0,1,1,0
El Paso,140-GOOD SAMARITAN TWRS,US PRESIDENT,,WRITE-IN,NP,1,0,0,0,1,1,0
El Paso,140-GOOD SAMARITAN TWRS,US SENATOR,,TED CRUZ,REP,64,0,47,0,111,64,47
El Paso,140-GOOD SAMARITAN TWRS,US SENATOR,,PAUL SADLER,DEM,297,2,228,0,527,299,228
El Paso,140-GOOD SAMARITAN TWRS,US SENATOR,,JOHN JAY MYERS,LIB,6,0,5,0,11,6,5
El Paso,140-GOOD SAMARITAN TWRS,US SENATOR,,DAVID B. COLLINS,GRN,5,0,2,0,7,5,2
El Paso,140-GOOD SAMARITAN TWRS,US REP DISTRICT 16,,BARBARA CARRASCO,REP,62,0,51,0,113,62,51
El Paso,140-GOOD SAMARITAN TWRS,US REP DISTRICT 16,,BETO OROURKE,DEM,303,2,232,0,537,305,232
El Paso,140-GOOD SAMARITAN TWRS,US REP DISTRICT 16,,JUNART SODOY,LIB,9,0,2,0,11,9,2
El Paso,140-GOOD SAMARITAN TWRS,RAILROAD COMMISSIONER,,CHRISTI CRADDICK,REP,49,0,32,0,81,49,32
El Paso,140-GOOD SAMARITAN TWRS,RAILROAD COMMISSIONER,,DALE HENRY,DEM,296,2,233,0,531,298,233
El Paso,140-GOOD SAMARITAN TWRS,RAILROAD COMMISSIONER,,VIVEKANANDA (VIK) WA,LIB,6,0,7,0,13,6,7
El Paso,140-GOOD SAMARITAN TWRS,RAILROAD COMMISSIONER,,CHRIS KENNEDY,GRN,13,0,8,0,21,13,8
El Paso,140-GOOD SAMARITAN TWRS,RAILROAD COMMISSIONER,,BARRY SMITHERMAN,REP,70,0,51,0,121,70,51
El Paso,140-GOOD SAMARITAN TWRS,RAILROAD COMMISSIONER,,JAIME O. PEREZ,LIB,138,0,121,0,259,138,121
El Paso,140-GOOD SAMARITAN TWRS,RAILROAD COMMISSIONER,,JOSH WENDEL,GRN,33,0,22,0,55,33,22
El Paso,140-GOOD SAMARITAN TWRS,"JUSTICE, SUPREME COURT, PLACE 2",,DON WILLETT,REP,104,0,98,0,202,104,98
El Paso,140-GOOD SAMARITAN TWRS,"JUSTICE, SUPREME COURT, PLACE 2",,RS ROBERT KOELSCH,LIB,115,0,88,0,203,115,88
El Paso,140-GOOD SAMARITAN TWRS,"JUSTICE, SUPREME COURT, PLACE 4",,JOHN DEVINE,REP,92,0,85,0,177,92,85
El Paso,140-GOOD SAMARITAN TWRS,"JUSTICE, SUPREME COURT, PLACE 4",,TOM OXFORD,LIB,92,0,55,0,147,92,55
El Paso,140-GOOD SAMARITAN TWRS,"JUSTICE, SUPREME COURT, PLACE 4",,CHARLES E. WATERBURY,GRN,42,0,46,0,88,42,46
El Paso,140-GOOD SAMARITAN TWRS,"JUSTICE, SUPREME COURT, PLACE 6",,NATHAN HECHT,REP,43,0,31,0,74,43,31
El Paso,140-GOOD SAMARITAN TWRS,"JUSTICE, SUPREME COURT, PLACE 6",,MICHELE PETTY,DEM,306,2,238,0,546,308,238
El Paso,140-GOOD SAMARITAN TWRS,"JUSTICE, SUPREME COURT, PLACE 6",,MARK ASH,LIB,7,0,9,0,16,7,9
El Paso,140-GOOD SAMARITAN TWRS,"JUSTICE, SUPREME COURT, PLACE 6",,JIM CHISHOLM,GRN,5,0,2,0,7,5,2
El Paso,140-GOOD SAMARITAN TWRS,"PRESIDING JUDGE, COURT OF CRIMINAL APPEALS",,SHARON KELLER,REP,52,0,36,0,88,52,36
El Paso,140-GOOD SAMARITAN TWRS,"PRESIDING JUDGE, COURT OF CRIMINAL APPEALS",,KEITH HAMPTON,DEM,299,2,238,0,539,301,238
El Paso,140-GOOD SAMARITAN TWRS,"PRESIDING JUDGE, COURT OF CRIMINAL APPEALS",,LANCE STOTT,LIB,11,0,6,0,17,11,6
El Paso,140-GOOD SAMARITAN TWRS,"JUDGE, COURT OF CRIMINAL APPEALS, PLACE 7",,BARBARA PARKER HERVE,REP,110,0,100,0,210,110,100
El Paso,140-GOOD SAMARITAN TWRS,"JUDGE, COURT OF CRIMINAL APPEALS, PLACE 7",,MARK W. BENNETT,LIB,110,0,81,0,191,110,81
El Paso,140-GOOD SAMARITAN TWRS,"JUDGE, COURT OF CRIMINAL APPEALS, PLACE 8",,ELSA ALCALA,REP,115,0,98,0,213,115,98
El Paso,140-GOOD SAMARITAN TWRS,"JUDGE, COURT OF CRIMINAL APPEALS, PLACE 8",,WILLIAM BRYAN STRANG,LIB,104,0,80,0,184,104,80
El Paso,140-GOOD SAMARITAN TWRS,MEMBER STATE BOARD OF EDUCATION DISTRICT 1,,CARLOS CHARLIE GARZA,REP,53,0,36,0,89,53,36
El Paso,140-GOOD SAMARITAN TWRS,MEMBER STATE BOARD OF EDUCATION DISTRICT 1,,MARTHA M. DOMINGUEZ,DEM,309,2,246,0,557,311,246
El Paso,140-GOOD SAMARITAN TWRS,STATE SENATOR DISTRICT 29,,DAN CHAVEZ,REP,47,0,35,0,82,47,35
El Paso,140-GOOD SAMARITAN TWRS,STATE SENATOR DISTRICT 29,,JOSE R. RODRIGUEZ,DEM,319,2,248,0,569,321,248
El Paso,140-GOOD SAMARITAN TWRS,STATE REPRESENTATIVE DISTRICT 76,,NAOMI R. GONZALEZ,DEM,325,2,261,0,588,327,261
El Paso,140-GOOD SAMARITAN TWRS,"CHIEF JUSTICE, COURT OF APPEALS 8TH DISTRICT",,ANN CRAWFORD MCCLURE,DEM,319,2,254,0,575,321,254
El Paso,140-GOOD SAMARITAN TWRS,"JUSTICE, 8TH COURT OF APPEALS DISTRICT, PLACE 2",,CHRIS ANTCLIFF,REP,45,0,31,0,76,45,31
El Paso,140-GOOD SAMARITAN TWRS,"JUSTICE, 8TH COURT OF APPEALS DISTRICT, PLACE 2",,YVONNE RODRIGUEZ,DEM,316,2,247,0,565,318,247
El Paso,140-GOOD SAMARITAN TWRS,"JUSTICE, 8TH COURT OF APPEALS DISTRICT, PLACE 3",,GUADALUPE LUPE RIVER,DEM,320,2,257,0,579,322,257
El Paso,140-GOOD SAMARITAN TWRS,"DISTRICT JUDGE, 34TH JUDICIAL DISTRICT",,BILL MOODY,DEM,321,2,255,0,578,323,255
El Paso,140-GOOD SAMARITAN TWRS,"DISTRICT JUDGE, 41ST JUDICIAL DISTRICT",,ANNA PEREZ,DEM,326,2,255,0,583,328,255
El Paso,140-GOOD SAMARITAN TWRS,"DISTRICT JUDGE, 243RD JUDICIAL DISTRICT",,BILLY DON HICKS,REP,59,0,41,0,100,59,41
El Paso,140-GOOD SAMARITAN TWRS,"DISTRICT JUDGE, 243RD JUDICIAL DISTRICT",,LUIS AGUILAR,DEM,306,2,240,0,548,308,240
El Paso,140-GOOD SAMARITAN TWRS,"DISTRICT JUDGE, 346TH JUDICIAL DISTRICT",,ANGIE J. BARILL,DEM,319,2,255,0,576,321,255
El Paso,140-GOOD SAMARITAN TWRS,"DISTRICT JUDGE, 383RD JUDICIAL DISTRICT",,MIKE HERRERA,DEM,323,2,254,0,579,325,254
El Paso,140-GOOD SAMARITAN TWRS,"DISTRICT JUDGE, 384TH JUDICIAL DISTRICT",,PATRICK M. GARCIA,DEM,323,2,253,0,578,325,253
El Paso,140-GOOD SAMARITAN TWRS,"DISTRICT JUDGE, 388TH JUDICIAL DISTRICT",,LAURA STRATHMANN,DEM,318,2,255,0,575,320,255
El Paso,140-GOOD SAMARITAN TWRS,"DISTRICT JUDGE, 409TH JUDICIAL DISTRICT",,SAM MEDRANO JR,DEM,323,2,254,0,579,325,254
El Paso,140-GOOD SAMARITAN TWRS,"DISTRICT JUDGE, 448TH JUDICIAL DISTRICT",,SERGIO H. ENRIQUEZ,DEM,320,2,255,0,577,322,255
El Paso,140-GOOD SAMARITAN TWRS,"CRIMINAL DISTRICT JUDGE, COURT NO. 1",,DIANE NAVARRETE,DEM,323,2,255,0,580,325,255
El Paso,140-GOOD SAMARITAN TWRS,"FAMILY DISTRICT JUDGE, 65TH JUDICIAL DISTRICT",,YAHARA L. GUTIERREZ,DEM,319,2,255,0,576,321,255
El Paso,140-GOOD SAMARITAN TWRS,"DISTRICT ATTORNEY, 34TH JUDICIAL DISTRICT",,JAIME ESPARZA,DEM,327,2,259,0,588,329,259
El Paso,140-GOOD SAMARITAN TWRS,"JUDGE, COUNTY CRIMINAL COURT NO. 3",,CARLOS CARRASCO,DEM,324,2,254,0,580,326,254
El Paso,140-GOOD SAMARITAN TWRS,"JUDGE, COUNTY CRIMINAL COURT NO. 4",,JESUS HERRERA,DEM,322,2,251,0,575,324,251
El Paso,140-GOOD SAMARITAN TWRS,COUNTY ATTORNEY,,JO ANNE BERNAL,DEM,322,2,252,0,576,324,252
El Paso,140-GOOD SAMARITAN TWRS,SHERIFF,,RICHARD D. WILES,DEM,323,2,259,0,584,325,259
El Paso,140-GOOD SAMARITAN TWRS,COUNTY TAX ASSESSOR COLLECTOR,,VICTOR A. FLORES,DEM,329,2,258,0,589,331,258
El Paso,140-GOOD SAMARITAN TWRS,"COUNTY COMMISSIONER, PRECINCT NO. 3",,FRED CHAVEZ,REP,55,0,33,0,88,55,33
El Paso,140-GOOD SAMARITAN TWRS,"COUNTY COMMISSIONER, PRECINCT NO. 3",,VINCENT VINCE PEREZ,DEM,314,2,249,0,565,316,249
El Paso,140-GOOD SAMARITAN TWRS,"CONSTABLE, PRECINCT NO. 5",,MANNY LOPEZ,DEM,321,2,251,0,574,323,251
El Paso,141-FIRE STATION 18,"CITY OF EL PASO, PROPOSITION",,FOR (A FAVOR),NP,180,1,185,0,366,181,185
El Paso,141-FIRE STATION 18,"CITY OF EL PASO, PROPOSITION",,AGAINST (EN CONTRA),NP,66,1,60,0,127,67,60
El Paso,141-FIRE STATION 18,"CITY OF EL PASO, PROPOSITION",,FOR (A FAVOR),NP,169,1,171,0,341,170,171
El Paso,141-FIRE STATION 18,"CITY OF EL PASO, PROPOSITION",,AGAINST (EN CONTRA),NP,69,0,68,0,137,69,68
El Paso,141-FIRE STATION 18,"CITY OF EL PASO, PROPOSITION",,FOR (A FAVOR),NP,128,1,138,0,267,129,138
El Paso,141-FIRE STATION 18,"CITY OF EL PASO, PROPOSITION",,AGAINST (EN CONTRA),NP,108,0,107,0,215,108,107
El Paso,141-FIRE STATION 18,STRAIGHT PARTY,,REPUBLICAN,REP,33,0,20,0,53,33,20
El Paso,141-FIRE STATION 18,STRAIGHT PARTY,,DEMOCRAT,DEM,165,0,147,0,312,165,147
El Paso,141-FIRE STATION 18,STRAIGHT PARTY,,LIBERTARIAN,LIB,1,0,1,0,2,1,1
El Paso,141-FIRE STATION 18,STRAIGHT PARTY,,GREEN,GRN,0,0,0,0,0,0,0
El Paso,141-FIRE STATION 18,US PRESIDENT,,MITT ROMNEY,REP,46,1,50,0,97,47,50
El Paso,141-FIRE STATION 18,US PRESIDENT,,BARACK OBAMA,DEM,218,1,198,0,417,219,198
El Paso,141-FIRE STATION 18,US PRESIDENT,,GARY JOHNSON,LIB,2,0,0,0,2,2,0
El Paso,141-FIRE STATION 18,US PRESIDENT,,JILL STEIN,GRN,1,0,0,0,1,1,0
El Paso,141-FIRE STATION 18,US PRESIDENT,,WRITE-IN,NP,1,0,0,0,1,1,0
El Paso,141-FIRE STATION 18,US SENATOR,,TED CRUZ,REP,56,2,56,0,114,58,56
El Paso,141-FIRE STATION 18,US SENATOR,,PAUL SADLER,DEM,203,0,187,0,390,203,187
El Paso,141-FIRE STATION 18,US SENATOR,,JOHN JAY MYERS,LIB,1,0,4,0,5,1,4
El Paso,141-FIRE STATION 18,US SENATOR,,DAVID B. COLLINS,GRN,1,0,3,0,4,1,3
El Paso,141-FIRE STATION 18,US REP DISTRICT 16,,BARBARA CARRASCO,REP,48,2,54,0,104,50,54
El Paso,141-FIRE STATION 18,US REP DISTRICT 16,,BETO OROURKE,DEM,213,0,192,0,405,213,192
El Paso,141-FIRE STATION 18,US REP DISTRICT 16,,JUNART SODOY,LIB,3,0,2,0,5,3,2
El Paso,141-FIRE STATION 18,RAILROAD COMMISSIONER,,CHRISTI CRADDICK,REP,40,1,34,0,75,41,34
El Paso,141-FIRE STATION 18,RAILROAD COMMISSIONER,,DALE HENRY,DEM,210,0,197,0,407,210,197
El Paso,141-FIRE STATION 18,RAILROAD COMMISSIONER,,VIVEKANANDA (VIK) WA,LIB,5,0,5,0,10,5,5
El Paso,141-FIRE STATION 18,RAILROAD COMMISSIONER,,CHRIS KENNEDY,GRN,7,0,8,0,15,7,8
El Paso,141-FIRE STATION 18,RAILROAD COMMISSIONER,,BARRY SMITHERMAN,REP,58,1,56,0,115,59,56
El Paso,141-FIRE STATION 18,RAILROAD COMMISSIONER,,JAIME O. PEREZ,LIB,88,0,106,0,194,88,106
El Paso,141-FIRE STATION 18,RAILROAD COMMISSIONER,,JOSH WENDEL,GRN,18,0,27,0,45,18,27
El Paso,141-FIRE STATION 18,"JUSTICE, SUPREME COURT, PLACE 2",,DON WILLETT,REP,75,1,91,0,167,76,91
El Paso,141-FIRE STATION 18,"JUSTICE, SUPREME COURT, PLACE 2",,RS ROBERT KOELSCH,LIB,80,0,92,0,172,80,92
El Paso,141-FIRE STATION 18,"JUSTICE, SUPREME COURT, PLACE 4",,JOHN DEVINE,REP,75,1,80,0,156,76,80
El Paso,141-FIRE STATION 18,"JUSTICE, SUPREME COURT, PLACE 4",,TOM OXFORD,LIB,59,0,66,0,125,59,66
El Paso,141-FIRE STATION 18,"JUSTICE, SUPREME COURT, PLACE 4",,CHARLES E. WATERBURY,GRN,24,0,36,0,60,24,36
El Paso,141-FIRE STATION 18,"JUSTICE, SUPREME COURT, PLACE 6",,NATHAN HECHT,REP,44,1,36,0,81,45,36
El Paso,141-FIRE STATION 18,"JUSTICE, SUPREME COURT, PLACE 6",,MICHELE PETTY,DEM,215,0,202,0,417,215,202
El Paso,141-FIRE STATION 18,"JUSTICE, SUPREME COURT, PLACE 6",,MARK ASH,LIB,3,0,2,0,5,3,2
El Paso,141-FIRE STATION 18,"JUSTICE, SUPREME COURT, PLACE 6",,JIM CHISHOLM,GRN,1,0,2,0,3,1,2
El Paso,141-FIRE STATION 18,"PRESIDING JUDGE, COURT OF CRIMINAL APPEALS",,SHARON KELLER,REP,42,1,53,0,96,43,53
El Paso,141-FIRE STATION 18,"PRESIDING JUDGE, COURT OF CRIMINAL APPEALS",,KEITH HAMPTON,DEM,213,0,186,0,399,213,186
El Paso,141-FIRE STATION 18,"PRESIDING JUDGE, COURT OF CRIMINAL APPEALS",,LANCE STOTT,LIB,5,0,4,0,9,5,4
El Paso,141-FIRE STATION 18,"JUDGE, COURT OF CRIMINAL APPEALS, PLACE 7",,BARBARA PARKER HERVE,REP,76,1,94,0,171,77,94
El Paso,141-FIRE STATION 18,"JUDGE, COURT OF CRIMINAL APPEALS, PLACE 7",,MARK W. BENNETT,LIB,81,0,86,0,167,81,86
El Paso,141-FIRE STATION 18,"JUDGE, COURT OF CRIMINAL APPEALS, PLACE 8",,ELSA ALCALA,REP,93,1,97,0,191,94,97
El Paso,141-FIRE STATION 18,"JUDGE, COURT OF CRIMINAL APPEALS, PLACE 8",,WILLIAM BRYAN STRANG,LIB,69,0,84,0,153,69,84
El Paso,141-FIRE STATION 18,MEMBER STATE BOARD OF EDUCATION DISTRICT 1,,CARLOS CHARLIE GARZA,REP,43,1,36,0,80,44,36
El Paso,141-FIRE STATION 18,MEMBER STATE BOARD OF EDUCATION DISTRICT 1,,MARTHA M. DOMINGUEZ,DEM,218,0,208,0,426,218,208
El Paso,141-FIRE STATION 18,STATE SENATOR DISTRICT 29,,DAN CHAVEZ,REP,48,1,45,0,94,49,45
El Paso,141-FIRE STATION 18,STATE SENATOR DISTRICT 29,,JOSE R. RODRIGUEZ,DEM,214,0,204,0,418,214,204
El Paso,141-FIRE STATION 18,STATE REPRESENTATIVE DISTRICT 76,,NAOMI R. GONZALEZ,DEM,224,0,225,0,449,224,225
El Paso,141-FIRE STATION 18,"CHIEF JUSTICE, COURT OF APPEALS 8TH DISTRICT",,ANN CRAWFORD MCCLURE,DEM,221,0,219,0,440,221,219
El Paso,141-FIRE STATION 18,"JUSTICE, 8TH COURT OF APPEALS DISTRICT, PLACE 2",,CHRIS ANTCLIFF,REP,50,1,45,0,96,51,45
El Paso,141-FIRE STATION 18,"JUSTICE, 8TH COURT OF APPEALS DISTRICT, PLACE 2",,YVONNE RODRIGUEZ,DEM,211,0,201,0,412,211,201
El Paso,141-FIRE STATION 18,"JUSTICE, 8TH COURT OF APPEALS DISTRICT, PLACE 3",,GUADALUPE LUPE RIVER,DEM,224,0,225,0,449,224,225
El Paso,141-FIRE STATION 18,"DISTRICT JUDGE, 34TH JUDICIAL DISTRICT",,BILL MOODY,DEM,224,0,221,0,445,224,221
El Paso,141-FIRE STATION 18,"DISTRICT JUDGE, 41ST JUDICIAL DISTRICT",,ANNA PEREZ,DEM,225,0,221,0,446,225,221
El Paso,141-FIRE STATION 18,"DISTRICT JUDGE, 243RD JUDICIAL DISTRICT",,BILLY DON HICKS,REP,56,1,45,0,102,57,45
El Paso,141-FIRE STATION 18,"DISTRICT JUDGE, 243RD JUDICIAL DISTRICT",,LUIS AGUILAR,DEM,203,0,201,0,404,203,201
El Paso,141-FIRE STATION 18,"DISTRICT JUDGE, 346TH JUDICIAL DISTRICT",,ANGIE J. BARILL,DEM,219,0,221,0,440,219,221
El Paso,141-FIRE STATION 18,"DISTRICT JUDGE, 383RD JUDICIAL DISTRICT",,MIKE HERRERA,DEM,225,0,224,0,449,225,224
El Paso,141-FIRE STATION 18,"DISTRICT JUDGE, 384TH JUDICIAL DISTRICT",,PATRICK M. GARCIA,DEM,222,0,221,0,443,222,221
El Paso,141-FIRE STATION 18,"DISTRICT JUDGE, 388TH JUDICIAL DISTRICT",,LAURA STRATHMANN,DEM,225,0,224,0,449,225,224
El Paso,141-FIRE STATION 18,"DISTRICT JUDGE, 409TH JUDICIAL DISTRICT",,SAM MEDRANO JR,DEM,221,0,222,0,443,221,222
El Paso,141-FIRE STATION 18,"DISTRICT JUDGE, 448TH JUDICIAL DISTRICT",,SERGIO H. ENRIQUEZ,DEM,219,0,220,0,439,219,220
El Paso,141-FIRE STATION 18,"CRIMINAL DISTRICT JUDGE, COURT NO. 1",,DIANE NAVARRETE,DEM,224,0,220,0,444,224,220
El Paso,141-FIRE STATION 18,"FAMILY DISTRICT JUDGE, 65TH JUDICIAL DISTRICT",,YAHARA L. GUTIERREZ,DEM,222,0,221,0,443,222,221
El Paso,141-FIRE STATION 18,"DISTRICT ATTORNEY, 34TH JUDICIAL DISTRICT",,JAIME ESPARZA,DEM,218,1,219,0,438,219,219
El Paso,141-FIRE STATION 18,"JUDGE, COUNTY CRIMINAL COURT NO. 3",,CARLOS CARRASCO,DEM,223,0,221,0,444,223,221
El Paso,141-FIRE STATION 18,"JUDGE, COUNTY CRIMINAL COURT NO. 4",,JESUS HERRERA,DEM,220,0,220,0,440,220,220
El Paso,141-FIRE STATION 18,COUNTY ATTORNEY,,JO ANNE BERNAL,DEM,221,0,220,0,441,221,220
El Paso,141-FIRE STATION 18,SHERIFF,,RICHARD D. WILES,DEM,232,1,223,0,456,233,223
El Paso,141-FIRE STATION 18,COUNTY TAX ASSESSOR COLLECTOR,,VICTOR A. FLORES,DEM,223,0,223,0,446,223,223
El Paso,141-FIRE STATION 18,"CONSTABLE, PRECINCT NO. 5",,MANNY LOPEZ,DEM,222,0,226,0,448,222,226
El Paso,142-RIVERSIDE HIGH,"CITY OF EL PASO, PROPOSITION",,FOR (A FAVOR),NP,174,4,193,0,371,178,193
El Paso,142-RIVERSIDE HIGH,"CITY OF EL PASO, PROPOSITION",,AGAINST (EN CONTRA),NP,69,0,54,0,123,69,54
El Paso,142-RIVERSIDE HIGH,"CITY OF EL PASO, PROPOSITION",,FOR (A FAVOR),NP,157,3,170,0,330,160,170
El Paso,142-RIVERSIDE HIGH,"CITY OF EL PASO, PROPOSITION",,AGAINST (EN CONTRA),NP,68,1,65,0,134,69,65
El Paso,142-RIVERSIDE HIGH,"CITY OF EL PASO, PROPOSITION",,FOR (A FAVOR),NP,125,2,150,0,277,127,150
El Paso,142-RIVERSIDE HIGH,"CITY OF EL PASO, PROPOSITION",,AGAINST (EN CONTRA),NP,107,2,86,0,195,109,86
El Paso,142-RIVERSIDE HIGH,STRAIGHT PARTY,,REPUBLICAN,REP,21,0,27,0,48,21,27
El Paso,142-RIVERSIDE HIGH,STRAIGHT PARTY,,DEMOCRAT,DEM,150,1,181,0,332,151,181
El Paso,142-RIVERSIDE HIGH,STRAIGHT PARTY,,LIBERTARIAN,LIB,3,0,4,0,7,3,4
El Paso,142-RIVERSIDE HIGH,STRAIGHT PARTY,,GREEN,GRN,0,0,0,0,0,0,0
El Paso,142-RIVERSIDE HIGH,US PRESIDENT,,MITT ROMNEY,REP,42,1,40,0,83,43,40
El Paso,142-RIVERSIDE HIGH,US PRESIDENT,,BARACK OBAMA,DEM,208,3,232,0,443,211,232
El Paso,142-RIVERSIDE HIGH,US PRESIDENT,,GARY JOHNSON,LIB,5,0,2,0,7,5,2
El Paso,142-RIVERSIDE HIGH,US PRESIDENT,,JILL STEIN,GRN,1,0,0,0,1,1,0
El Paso,142-RIVERSIDE HIGH,US PRESIDENT,,WRITE-IN,NP,0,0,0,0,0,0,0
El Paso,142-RIVERSIDE HIGH,US SENATOR,,TED CRUZ,REP,49,1,60,0,110,50,60
El Paso,142-RIVERSIDE HIGH,US SENATOR,,PAUL SADLER,DEM,193,3,205,0,401,196,205
El Paso,142-RIVERSIDE HIGH,US SENATOR,,JOHN JAY MYERS,LIB,6,0,3,0,9,6,3
El Paso,142-RIVERSIDE HIGH,US SENATOR,,DAVID B. COLLINS,GRN,5,0,2,0,7,5,2
El Paso,142-RIVERSIDE HIGH,US REP DISTRICT 16,,BARBARA CARRASCO,REP,52,1,55,0,108,53,55
El Paso,142-RIVERSIDE HIGH,US REP DISTRICT 16,,BETO OROURKE,DEM,196,3,214,0,413,199,214
El Paso,142-RIVERSIDE HIGH,US REP DISTRICT 16,,JUNART SODOY,LIB,5,0,7,0,12,5,7
El Paso,142-RIVERSIDE HIGH,RAILROAD COMMISSIONER,,CHRISTI CRADDICK,REP,30,0,38,0,68,30,38
El Paso,142-RIVERSIDE HIGH,RAILROAD COMMISSIONER,,DALE HENRY,DEM,204,4,207,0,415,208,207
El Paso,142-RIVERSIDE HIGH,RAILROAD COMMISSIONER,,VIVEKANANDA (VIK) WA,LIB,6,0,4,0,10,6,4
El Paso,142-RIVERSIDE HIGH,RAILROAD COMMISSIONER,,CHRIS KENNEDY,GRN,12,0,9,0,21,12,9
El Paso,142-RIVERSIDE HIGH,RAILROAD COMMISSIONER,,BARRY SMITHERMAN,REP,51,1,49,0,101,52,49
El Paso,142-RIVERSIDE HIGH,RAILROAD COMMISSIONER,,JAIME O. PEREZ,LIB,99,3,94,0,196,102,94
El Paso,142-RIVERSIDE HIGH,RAILROAD COMMISSIONER,,JOSH WENDEL,GRN,19,0,21,0,40,19,21
El Paso,142-RIVERSIDE HIGH,"JUSTICE, SUPREME COURT, PLACE 2",,DON WILLETT,REP,69,1,85,0,155,70,85
El Paso,142-RIVERSIDE HIGH,"JUSTICE, SUPREME COURT, PLACE 2",,RS ROBERT KOELSCH,LIB,88,3,68,0,159,91,68
El Paso,142-RIVERSIDE HIGH,"JUSTICE, SUPREME COURT, PLACE 4",,JOHN DEVINE,REP,68,1,75,0,144,69,75
El Paso,142-RIVERSIDE HIGH,"JUSTICE, SUPREME COURT, PLACE 4",,TOM OXFORD,LIB,68,3,58,0,129,71,58
El Paso,142-RIVERSIDE HIGH,"JUSTICE, SUPREME COURT, PLACE 4",,CHARLES E. WATERBURY,GRN,17,0,18,0,35,17,18
El Paso,142-RIVERSIDE HIGH,"JUSTICE, SUPREME COURT, PLACE 6",,NATHAN HECHT,REP,31,0,34,0,65,31,34
El Paso,142-RIVERSIDE HIGH,"JUSTICE, SUPREME COURT, PLACE 6",,MICHELE PETTY,DEM,195,4,211,0,410,199,211
El Paso,142-RIVERSIDE HIGH,"JUSTICE, SUPREME COURT, PLACE 6",,MARK ASH,LIB,10,0,7,0,17,10,7
El Paso,142-RIVERSIDE HIGH,"JUSTICE, SUPREME COURT, PLACE 6",,JIM CHISHOLM,GRN,7,0,4,0,11,7,4
El Paso,142-RIVERSIDE HIGH,"PRESIDING JUDGE, COURT OF CRIMINAL APPEALS",,SHARON KELLER,REP,41,0,39,0,80,41,39
El Paso,142-RIVERSIDE HIGH,"PRESIDING JUDGE, COURT OF CRIMINAL APPEALS",,KEITH HAMPTON,DEM,200,4,208,0,412,204,208
El Paso,142-RIVERSIDE HIGH,"PRESIDING JUDGE, COURT OF CRIMINAL APPEALS",,LANCE STOTT,LIB,8,0,11,0,19,8,11
El Paso,142-RIVERSIDE HIGH,"JUDGE, COURT OF CRIMINAL APPEALS, PLACE 7",,BARBARA PARKER HERVE,REP,86,1,85,0,172,87,85
El Paso,142-RIVERSIDE HIGH,"JUDGE, COURT OF CRIMINAL APPEALS, PLACE 7",,MARK W. BENNETT,LIB,67,3,73,0,143,70,73
El Paso,142-RIVERSIDE HIGH,"JUDGE, COURT OF CRIMINAL APPEALS, PLACE 8",,ELSA ALCALA,REP,86,0,86,0,172,86,86
El Paso,142-RIVERSIDE HIGH,"JUDGE, COURT OF CRIMINAL APPEALS, PLACE 8",,WILLIAM BRYAN STRANG,LIB,63,4,69,0,136,67,69
El Paso,142-RIVERSIDE HIGH,MEMBER STATE BOARD OF EDUCATION DISTRICT 1,,CARLOS CHARLIE GARZA,REP,40,1,40,0,81,41,40
El Paso,142-RIVERSIDE HIGH,MEMBER STATE BOARD OF EDUCATION DISTRICT 1,,MARTHA M. DOMINGUEZ,DEM,206,3,221,0,430,209,221
El Paso,142-RIVERSIDE HIGH,STATE SENATOR DISTRICT 29,,DAN CHAVEZ,REP,40,0,39,0,79,40,39
El Paso,142-RIVERSIDE HIGH,STATE SENATOR DISTRICT 29,,JOSE R. RODRIGUEZ,DEM,211,4,224,0,439,215,224
El Paso,142-RIVERSIDE HIGH,STATE REPRESENTATIVE DISTRICT 76,,NAOMI R. GONZALEZ,DEM,218,4,230,0,452,222,230
El Paso,142-RIVERSIDE HIGH,"CHIEF JUSTICE, COURT OF APPEALS 8TH DISTRICT",,ANN CRAWFORD MCCLURE,DEM,216,4,225,0,445,220,225
El Paso,142-RIVERSIDE HIGH,"JUSTICE, 8TH COURT OF APPEALS DISTRICT, PLACE 2",,CHRIS ANTCLIFF,REP,41,0,38,0,79,41,38
El Paso,142-RIVERSIDE HIGH,"JUSTICE, 8TH COURT OF APPEALS DISTRICT, PLACE 2",,YVONNE RODRIGUEZ,DEM,209,4,224,0,437,213,224
El Paso,142-RIVERSIDE HIGH,"JUSTICE, 8TH COURT OF APPEALS DISTRICT, PLACE 3",,GUADALUPE LUPE RIVER,DEM,221,4,229,0,454,225,229
El Paso,142-RIVERSIDE HIGH,"DISTRICT JUDGE, 34TH JUDICIAL DISTRICT",,BILL MOODY,DEM,216,4,230,0,450,220,230
El Paso,142-RIVERSIDE HIGH,"DISTRICT JUDGE, 41ST JUDICIAL DISTRICT",,ANNA PEREZ,DEM,220,4,226,0,450,224,226
El Paso,142-RIVERSIDE HIGH,"DISTRICT JUDGE, 243RD JUDICIAL DISTRICT",,BILLY DON HICKS,REP,40,0,40,0,80,40,40
El Paso,142-RIVERSIDE HIGH,"DISTRICT JUDGE, 243RD JUDICIAL DISTRICT",,LUIS AGUILAR,DEM,206,4,218,0,428,210,218
El Paso,142-RIVERSIDE HIGH,"DISTRICT JUDGE, 346TH JUDICIAL DISTRICT",,ANGIE J. BARILL,DEM,218,3,228,0,449,221,228
El Paso,142-RIVERSIDE HIGH,"DISTRICT JUDGE, 383RD JUDICIAL DISTRICT",,MIKE HERRERA,DEM,218,3,227,0,448,221,227
El Paso,142-RIVERSIDE HIGH,"DISTRICT JUDGE, 384TH JUDICIAL DISTRICT",,PATRICK M. GARCIA,DEM,223,3,227,0,453,226,227
El Paso,142-RIVERSIDE HIGH,"DISTRICT JUDGE, 388TH JUDICIAL DISTRICT",,LAURA STRATHMANN,DEM,218,3,228,0,449,221,228
El Paso,142-RIVERSIDE HIGH,"DISTRICT JUDGE, 409TH JUDICIAL DISTRICT",,SAM MEDRANO JR,DEM,217,3,229,0,449,220,229
El Paso,142-RIVERSIDE HIGH,"DISTRICT JUDGE, 448TH JUDICIAL DISTRICT",,SERGIO H. ENRIQUEZ,DEM,221,3,226,0,450,224,226
El Paso,142-RIVERSIDE HIGH,"CRIMINAL DISTRICT JUDGE, COURT NO. 1",,DIANE NAVARRETE,DEM,220,3,225,0,448,223,225
El Paso,142-RIVERSIDE HIGH,"FAMILY DISTRICT JUDGE, 65TH JUDICIAL DISTRICT",,YAHARA L. GUTIERREZ,DEM,219,3,226,0,448,222,226
El Paso,142-RIVERSIDE HIGH,"DISTRICT ATTORNEY, 34TH JUDICIAL DISTRICT",,JAIME ESPARZA,DEM,222,3,233,0,458,225,233
El Paso,142-RIVERSIDE HIGH,"JUDGE, COUNTY CRIMINAL COURT NO. 3",,CARLOS CARRASCO,DEM,215,3,228,0,446,218,228
El Paso,142-RIVERSIDE HIGH,"JUDGE, COUNTY CRIMINAL COURT NO. 4",,JESUS HERRERA,DEM,225,3,223,0,451,228,223
El Paso,142-RIVERSIDE HIGH,COUNTY ATTORNEY,,JO ANNE BERNAL,DEM,220,3,226,0,449,223,226
El Paso,142-RIVERSIDE HIGH,SHERIFF,,RICHARD D. WILES,DEM,223,3,230,0,456,226,230
El Paso,142-RIVERSIDE HIGH,COUNTY TAX ASSESSOR COLLECTOR,,VICTOR A. FLORES,DEM,223,3,230,0,456,226,230
El Paso,142-RIVERSIDE HIGH,"CONSTABLE, PRECINCT NO. 5",,MANNY LOPEZ,DEM,221,3,231,0,455,224,231
El Paso,143-THOMAS MANOR ELEMENTARY,"CITY OF EL PASO, PROPOSITION",,FOR (A FAVOR),NP,344,5,486,0,835,349,486
El Paso,143-THOMAS MANOR ELEMENTARY,"CITY OF EL PASO, PROPOSITION",,AGAINST (EN CONTRA),NP,78,1,102,0,181,79,102
El Paso,143-THOMAS MANOR ELEMENTARY,"CITY OF EL PASO, PROPOSITION",,FOR (A FAVOR),NP,301,6,450,0,757,307,450
El Paso,143-THOMAS MANOR ELEMENTARY,"CITY OF EL PASO, PROPOSITION",,AGAINST (EN CONTRA),NP,92,1,103,0,196,93,103
El Paso,143-THOMAS MANOR ELEMENTARY,"CITY OF EL PASO, PROPOSITION",,FOR (A FAVOR),NP,240,6,377,0,623,246,377
El Paso,143-THOMAS MANOR ELEMENTARY,"CITY OF EL PASO, PROPOSITION",,AGAINST (EN CONTRA),NP,175,0,190,0,365,175,190
El Paso,143-THOMAS MANOR ELEMENTARY,STRAIGHT PARTY,,REPUBLICAN,REP,42,3,52,0,97,45,52
El Paso,143-THOMAS MANOR ELEMENTARY,STRAIGHT PARTY,,DEMOCRAT,DEM,294,2,404,0,700,296,404
El Paso,143-THOMAS MANOR ELEMENTARY,STRAIGHT PARTY,,LIBERTARIAN,LIB,0,0,7,0,7,0,7
El Paso,143-THOMAS MANOR ELEMENTARY,STRAIGHT PARTY,,GREEN,GRN,3,0,4,0,7,3,4
El Paso,143-THOMAS MANOR ELEMENTARY,US PRESIDENT,,MITT ROMNEY,REP,63,3,86,0,152,66,86
El Paso,143-THOMAS MANOR ELEMENTARY,US PRESIDENT,,BARACK OBAMA,DEM,383,4,509,0,896,387,509
El Paso,143-THOMAS MANOR ELEMENTARY,US PRESIDENT,,GARY JOHNSON,LIB,2,0,11,0,13,2,11
El Paso,143-THOMAS MANOR ELEMENTARY,US PRESIDENT,,JILL STEIN,GRN,2,0,4,0,6,2,4
El Paso,143-THOMAS MANOR ELEMENTARY,US PRESIDENT,,WRITE-IN,NP,1,0,1,0,2,1,1
El Paso,143-THOMAS MANOR ELEMENTARY,US SENATOR,,TED CRUZ,REP,81,3,105,0,189,84,105
El Paso,143-THOMAS MANOR ELEMENTARY,US SENATOR,,PAUL SADLER,DEM,353,4,453,0,810,357,453
El Paso,143-THOMAS MANOR ELEMENTARY,US SENATOR,,JOHN JAY MYERS,LIB,3,0,13,0,16,3,13
El Paso,143-THOMAS MANOR ELEMENTARY,US SENATOR,,DAVID B. COLLINS,GRN,5,0,13,0,18,5,13
El Paso,143-THOMAS MANOR ELEMENTARY,US REP DISTRICT 16,,BARBARA CARRASCO,REP,82,5,102,0,189,87,102
El Paso,143-THOMAS MANOR ELEMENTARY,US REP DISTRICT 16,,BETO OROURKE,DEM,365,2,479,0,846,367,479
El Paso,143-THOMAS MANOR ELEMENTARY,US REP DISTRICT 16,,JUNART SODOY,LIB,2,0,12,0,14,2,12
El Paso,143-THOMAS MANOR ELEMENTARY,RAILROAD COMMISSIONER,,CHRISTI CRADDICK,REP,62,3,77,0,142,65,77
El Paso,143-THOMAS MANOR ELEMENTARY,RAILROAD COMMISSIONER,,DALE HENRY,DEM,362,4,460,0,826,366,460
El Paso,143-THOMAS MANOR ELEMENTARY,RAILROAD COMMISSIONER,,VIVEKANANDA (VIK) WA,LIB,3,0,14,0,17,3,14
El Paso,143-THOMAS MANOR ELEMENTARY,RAILROAD COMMISSIONER,,CHRIS KENNEDY,GRN,14,0,27,0,41,14,27
El Paso,143-THOMAS MANOR ELEMENTARY,RAILROAD COMMISSIONER,,BARRY SMITHERMAN,REP,75,4,115,0,194,79,115
El Paso,143-THOMAS MANOR ELEMENTARY,RAILROAD COMMISSIONER,,JAIME O. PEREZ,LIB,191,2,234,0,427,193,234
El Paso,143-THOMAS MANOR ELEMENTARY,RAILROAD COMMISSIONER,,JOSH WENDEL,GRN,32,0,42,0,74,32,42
El Paso,143-THOMAS MANOR ELEMENTARY,"JUSTICE, SUPREME COURT, PLACE 2",,DON WILLETT,REP,138,5,154,0,297,143,154
El Paso,143-THOMAS MANOR ELEMENTARY,"JUSTICE, SUPREME COURT, PLACE 2",,RS ROBERT KOELSCH,LIB,145,2,229,0,376,147,229
El Paso,143-THOMAS MANOR ELEMENTARY,"JUSTICE, SUPREME COURT, PLACE 4",,JOHN DEVINE,REP,113,4,147,0,264,117,147
El Paso,143-THOMAS MANOR ELEMENTARY,"JUSTICE, SUPREME COURT, PLACE 4",,TOM OXFORD,LIB,114,3,167,0,284,117,167
El Paso,143-THOMAS MANOR ELEMENTARY,"JUSTICE, SUPREME COURT, PLACE 4",,CHARLES E. WATERBURY,GRN,47,0,63,0,110,47,63
El Paso,143-THOMAS MANOR ELEMENTARY,"JUSTICE, SUPREME COURT, PLACE 6",,NATHAN HECHT,REP,52,4,69,0,125,56,69
El Paso,143-THOMAS MANOR ELEMENTARY,"JUSTICE, SUPREME COURT, PLACE 6",,MICHELE PETTY,DEM,378,3,470,0,851,381,470
El Paso,143-THOMAS MANOR ELEMENTARY,"JUSTICE, SUPREME COURT, PLACE 6",,MARK ASH,LIB,6,0,21,0,27,6,21
El Paso,143-THOMAS MANOR ELEMENTARY,"JUSTICE, SUPREME COURT, PLACE 6",,JIM CHISHOLM,GRN,5,0,19,0,24,5,19
El Paso,143-THOMAS MANOR ELEMENTARY,"PRESIDING JUDGE, COURT OF CRIMINAL APPEALS",,SHARON KELLER,REP,62,5,86,0,153,67,86
El Paso,143-THOMAS MANOR ELEMENTARY,"PRESIDING JUDGE, COURT OF CRIMINAL APPEALS",,KEITH HAMPTON,DEM,369,2,471,0,842,371,471
El Paso,143-THOMAS MANOR ELEMENTARY,"PRESIDING JUDGE, COURT OF CRIMINAL APPEALS",,LANCE STOTT,LIB,5,0,22,0,27,5,22
El Paso,143-THOMAS MANOR ELEMENTARY,"JUDGE, COURT OF CRIMINAL APPEALS, PLACE 7",,BARBARA PARKER HERVE,REP,145,5,169,0,319,150,169
El Paso,143-THOMAS MANOR ELEMENTARY,"JUDGE, COURT OF CRIMINAL APPEALS, PLACE 7",,MARK W. BENNETT,LIB,133,2,219,0,354,135,219
El Paso,143-THOMAS MANOR ELEMENTARY,"JUDGE, COURT OF CRIMINAL APPEALS, PLACE 8",,ELSA ALCALA,REP,159,6,187,0,352,165,187
El Paso,143-THOMAS MANOR ELEMENTARY,"JUDGE, COURT OF CRIMINAL APPEALS, PLACE 8",,WILLIAM BRYAN STRANG,LIB,111,1,189,0,301,112,189
El Paso,143-THOMAS MANOR ELEMENTARY,MEMBER STATE BOARD OF EDUCATION DISTRICT 1,,CARLOS CHARLIE GARZA,REP,72,3,90,0,165,75,90
El Paso,143-THOMAS MANOR ELEMENTARY,MEMBER STATE BOARD OF EDUCATION DISTRICT 1,,MARTHA M. DOMINGUEZ,DEM,370,4,488,0,862,374,488
El Paso,143-THOMAS MANOR ELEMENTARY,STATE SENATOR DISTRICT 29,,DAN CHAVEZ,REP,63,4,84,0,151,67,84
El Paso,143-THOMAS MANOR ELEMENTARY,STATE SENATOR DISTRICT 29,,JOSE R. RODRIGUEZ,DEM,385,3,500,0,888,388,500
El Paso,143-THOMAS MANOR ELEMENTARY,STATE REPRESENTATIVE DISTRICT 76,,NAOMI R. GONZALEZ,DEM,401,5,521,0,927,406,521
El Paso,143-THOMAS MANOR ELEMENTARY,"CHIEF JUSTICE, COURT OF APPEALS 8TH DISTRICT",,ANN CRAWFORD MCCLURE,DEM,381,4,516,0,901,385,516
El Paso,143-THOMAS MANOR ELEMENTARY,"JUSTICE, 8TH COURT OF APPEALS DISTRICT, PLACE 2",,CHRIS ANTCLIFF,REP,57,3,91,0,151,60,91
El Paso,143-THOMAS MANOR ELEMENTARY,"JUSTICE, 8TH COURT OF APPEALS DISTRICT, PLACE 2",,YVONNE RODRIGUEZ,DEM,383,4,490,0,877,387,490
El Paso,143-THOMAS MANOR ELEMENTARY,"JUSTICE, 8TH COURT OF APPEALS DISTRICT, PLACE 3",,GUADALUPE LUPE RIVER,DEM,397,5,525,0,927,402,525
El Paso,143-THOMAS MANOR ELEMENTARY,"DISTRICT JUDGE, 34TH JUDICIAL DISTRICT",,BILL MOODY,DEM,391,5,515,0,911,396,515
El Paso,143-THOMAS MANOR ELEMENTARY,"DISTRICT JUDGE, 41ST JUDICIAL DISTRICT",,ANNA PEREZ,DEM,390,5,510,0,905,395,510
El Paso,143-THOMAS MANOR ELEMENTARY,"DISTRICT JUDGE, 243RD JUDICIAL DISTRICT",,BILLY DON HICKS,REP,71,4,82,0,157,75,82
El Paso,143-THOMAS MANOR ELEMENTARY,"DISTRICT JUDGE, 243RD JUDICIAL DISTRICT",,LUIS AGUILAR,DEM,373,3,499,0,875,376,499
El Paso,143-THOMAS MANOR ELEMENTARY,"DISTRICT JUDGE, 346TH JUDICIAL DISTRICT",,ANGIE J. BARILL,DEM,388,5,525,0,918,393,525
El Paso,143-THOMAS MANOR ELEMENTARY,"DISTRICT JUDGE, 383RD JUDICIAL DISTRICT",,MIKE HERRERA,DEM,388,5,515,0,908,393,515
El Paso,143-THOMAS MANOR ELEMENTARY,"DISTRICT JUDGE, 384TH JUDICIAL DISTRICT",,PATRICK M. GARCIA,DEM,392,5,513,0,910,397,513
El Paso,143-THOMAS MANOR ELEMENTARY,"DISTRICT JUDGE, 388TH JUDICIAL DISTRICT",,LAURA STRATHMANN,DEM,388,5,509,0,902,393,509
El Paso,143-THOMAS MANOR ELEMENTARY,"DISTRICT JUDGE, 409TH JUDICIAL DISTRICT",,SAM MEDRANO JR,DEM,391,5,511,0,907,396,511
El Paso,143-THOMAS MANOR ELEMENTARY,"DISTRICT JUDGE, 448TH JUDICIAL DISTRICT",,SERGIO H. ENRIQUEZ,DEM,390,5,514,0,909,395,514
El Paso,143-THOMAS MANOR ELEMENTARY,"CRIMINAL DISTRICT JUDGE, COURT NO. 1",,DIANE NAVARRETE,DEM,384,5,514,0,903,389,514
El Paso,143-THOMAS MANOR ELEMENTARY,"FAMILY DISTRICT JUDGE, 65TH JUDICIAL DISTRICT",,YAHARA L. GUTIERREZ,DEM,387,5,514,0,906,392,514
El Paso,143-THOMAS MANOR ELEMENTARY,"DISTRICT ATTORNEY, 34TH JUDICIAL DISTRICT",,JAIME ESPARZA,DEM,391,5,518,0,914,396,518
El Paso,143-THOMAS MANOR ELEMENTARY,"JUDGE, COUNTY CRIMINAL COURT NO. 3",,CARLOS CARRASCO,DEM,384,5,509,0,898,389,509
El Paso,143-THOMAS MANOR ELEMENTARY,"JUDGE, COUNTY CRIMINAL COURT NO. 4",,JESUS HERRERA,DEM,384,5,515,0,904,389,515
El Paso,143-THOMAS MANOR ELEMENTARY,COUNTY ATTORNEY,,JO ANNE BERNAL,DEM,387,5,509,0,901,392,509
El Paso,143-THOMAS MANOR ELEMENTARY,SHERIFF,,RICHARD D. WILES,DEM,391,5,513,0,909,396,513
El Paso,143-THOMAS MANOR ELEMENTARY,COUNTY TAX ASSESSOR COLLECTOR,,VICTOR A. FLORES,DEM,393,5,518,0,916,398,518
El Paso,143-THOMAS MANOR ELEMENTARY,"CONSTABLE, PRECINCT NO. 5",,MANNY LOPEZ,DEM,391,5,511,0,907,396,511
El Paso,144-LOMA TERRACE ELEMENTARY,"CITY OF EL PASO, PROPOSITION",,FOR (A FAVOR),NP,422,6,379,0,807,428,379
El Paso,144-LOMA TERRACE ELEMENTARY,"CITY OF EL PASO, PROPOSITION",,AGAINST (EN CONTRA),NP,137,4,79,1,221,141,80
El Paso,144-LOMA TERRACE ELEMENTARY,"CITY OF EL PASO, PROPOSITION",,FOR (A FAVOR),NP,401,4,365,0,770,405,365
El Paso,144-LOMA TERRACE ELEMENTARY,"CITY OF EL PASO, PROPOSITION",,AGAINST (EN CONTRA),NP,138,6,87,1,232,144,88
El Paso,144-LOMA TERRACE ELEMENTARY,"CITY OF EL PASO, PROPOSITION",,FOR (A FAVOR),NP,314,4,290,0,608,318,290
El Paso,144-LOMA TERRACE ELEMENTARY,"CITY OF EL PASO, PROPOSITION",,AGAINST (EN CONTRA),NP,226,5,158,1,390,231,159
El Paso,144-LOMA TERRACE ELEMENTARY,STRAIGHT PARTY,,REPUBLICAN,REP,51,3,46,0,100,54,46
El Paso,144-LOMA TERRACE ELEMENTARY,STRAIGHT PARTY,,DEMOCRAT,DEM,376,4,279,0,659,380,279
El Paso,144-LOMA TERRACE ELEMENTARY,STRAIGHT PARTY,,LIBERTARIAN,LIB,1,0,3,0,4,1,3
El Paso,144-LOMA TERRACE ELEMENTARY,STRAIGHT PARTY,,GREEN,GRN,0,0,0,0,0,0,0
El Paso,144-LOMA TERRACE ELEMENTARY,US PRESIDENT,,MITT ROMNEY,REP,95,3,88,1,187,98,89
El Paso,144-LOMA TERRACE ELEMENTARY,US PRESIDENT,,BARACK OBAMA,DEM,475,10,385,0,870,485,385
El Paso,144-LOMA TERRACE ELEMENTARY,US PRESIDENT,,GARY JOHNSON,LIB,5,0,2,0,7,5,2
El Paso,144-LOMA TERRACE ELEMENTARY,US PRESIDENT,,JILL STEIN,GRN,1,0,2,0,3,1,2
El Paso,144-LOMA TERRACE ELEMENTARY,US PRESIDENT,,WRITE-IN,NP,1,0,0,0,1,1,0
El Paso,144-LOMA TERRACE ELEMENTARY,US SENATOR,,TED CRUZ,REP,115,5,118,1,239,120,119
El Paso,144-LOMA TERRACE ELEMENTARY,US SENATOR,,PAUL SADLER,DEM,443,6,331,0,780,449,331
El Paso,144-LOMA TERRACE ELEMENTARY,US SENATOR,,JOHN JAY MYERS,LIB,6,0,10,0,16,6,10
El Paso,144-LOMA TERRACE ELEMENTARY,US SENATOR,,DAVID B. COLLINS,GRN,4,0,7,0,11,4,7
El Paso,144-LOMA TERRACE ELEMENTARY,US REP DISTRICT 16,,BARBARA CARRASCO,REP,106,7,109,0,222,113,109
El Paso,144-LOMA TERRACE ELEMENTARY,US REP DISTRICT 16,,BETO OROURKE,DEM,462,6,354,1,823,468,355
El Paso,144-LOMA TERRACE ELEMENTARY,US REP DISTRICT 16,,JUNART SODOY,LIB,8,0,5,0,13,8,5
El Paso,144-LOMA TERRACE ELEMENTARY,RAILROAD COMMISSIONER,,CHRISTI CRADDICK,REP,96,3,87,1,187,99,88
El Paso,144-LOMA TERRACE ELEMENTARY,RAILROAD COMMISSIONER,,DALE HENRY,DEM,450,7,339,0,796,457,339
El Paso,144-LOMA TERRACE ELEMENTARY,RAILROAD COMMISSIONER,,VIVEKANANDA (VIK) WA,LIB,8,0,4,0,12,8,4
El Paso,144-LOMA TERRACE ELEMENTARY,RAILROAD COMMISSIONER,,CHRIS KENNEDY,GRN,9,0,17,0,26,9,17
El Paso,144-LOMA TERRACE ELEMENTARY,RAILROAD COMMISSIONER,,BARRY SMITHERMAN,REP,130,2,114,0,246,132,114
El Paso,144-LOMA TERRACE ELEMENTARY,RAILROAD COMMISSIONER,,JAIME O. PEREZ,LIB,233,7,199,1,440,240,200
El Paso,144-LOMA TERRACE ELEMENTARY,RAILROAD COMMISSIONER,,JOSH WENDEL,GRN,35,1,26,0,62,36,26
El Paso,144-LOMA TERRACE ELEMENTARY,"JUSTICE, SUPREME COURT, PLACE 2",,DON WILLETT,REP,178,4,173,0,355,182,173
El Paso,144-LOMA TERRACE ELEMENTARY,"JUSTICE, SUPREME COURT, PLACE 2",,RS ROBERT KOELSCH,LIB,201,6,155,0,362,207,155
El Paso,144-LOMA TERRACE ELEMENTARY,"JUSTICE, SUPREME COURT, PLACE 4",,JOHN DEVINE,REP,160,4,149,0,313,164,149
El Paso,144-LOMA TERRACE ELEMENTARY,"JUSTICE, SUPREME COURT, PLACE 4",,TOM OXFORD,LIB,160,4,129,0,293,164,129
El Paso,144-LOMA TERRACE ELEMENTARY,"JUSTICE, SUPREME COURT, PLACE 4",,CHARLES E. WATERBURY,GRN,56,2,50,1,109,58,51
El Paso,144-LOMA TERRACE ELEMENTARY,"JUSTICE, SUPREME COURT, PLACE 6",,NATHAN HECHT,REP,74,2,70,0,146,76,70
El Paso,144-LOMA TERRACE ELEMENTARY,"JUSTICE, SUPREME COURT, PLACE 6",,MICHELE PETTY,DEM,463,8,360,1,832,471,361
El Paso,144-LOMA TERRACE ELEMENTARY,"JUSTICE, SUPREME COURT, PLACE 6",,MARK ASH,LIB,20,0,10,0,30,20,10
El Paso,144-LOMA TERRACE ELEMENTARY,"JUSTICE, SUPREME COURT, PLACE 6",,JIM CHISHOLM,GRN,5,0,12,0,17,5,12
El Paso,144-LOMA TERRACE ELEMENTARY,"PRESIDING JUDGE, COURT OF CRIMINAL APPEALS",,SHARON KELLER,REP,88,5,78,0,171,93,78
El Paso,144-LOMA TERRACE ELEMENTARY,"PRESIDING JUDGE, COURT OF CRIMINAL APPEALS",,KEITH HAMPTON,DEM,457,5,361,0,823,462,361
El Paso,144-LOMA TERRACE ELEMENTARY,"PRESIDING JUDGE, COURT OF CRIMINAL APPEALS",,LANCE STOTT,LIB,17,0,12,1,30,17,13
El Paso,144-LOMA TERRACE ELEMENTARY,"JUDGE, COURT OF CRIMINAL APPEALS, PLACE 7",,BARBARA PARKER HERVE,REP,177,4,176,0,357,181,176
El Paso,144-LOMA TERRACE ELEMENTARY,"JUDGE, COURT OF CRIMINAL APPEALS, PLACE 7",,MARK W. BENNETT,LIB,198,5,155,0,358,203,155
El Paso,144-LOMA TERRACE ELEMENTARY,"JUDGE, COURT OF CRIMINAL APPEALS, PLACE 8",,ELSA ALCALA,REP,204,5,191,0,400,209,191
El Paso,144-LOMA TERRACE ELEMENTARY,"JUDGE, COURT OF CRIMINAL APPEALS, PLACE 8",,WILLIAM BRYAN STRANG,LIB,171,5,141,1,318,176,142
El Paso,144-LOMA TERRACE ELEMENTARY,MEMBER STATE BOARD OF EDUCATION DISTRICT 1,,CARLOS CHARLIE GARZA,REP,90,2,96,0,188,92,96
El Paso,144-LOMA TERRACE ELEMENTARY,MEMBER STATE BOARD OF EDUCATION DISTRICT 1,,MARTHA M. DOMINGUEZ,DEM,477,9,358,1,845,486,359
El Paso,144-LOMA TERRACE ELEMENTARY,STATE SENATOR DISTRICT 29,,DAN CHAVEZ,REP,80,5,82,0,167,85,82
El Paso,144-LOMA TERRACE ELEMENTARY,STATE SENATOR DISTRICT 29,,JOSE R. RODRIGUEZ,DEM,491,7,379,1,878,498,380
El Paso,144-LOMA TERRACE ELEMENTARY,STATE REPRESENTATIVE DISTRICT 76,,NAOMI R. GONZALEZ,DEM,500,8,399,1,908,508,400
El Paso,144-LOMA TERRACE ELEMENTARY,"CHIEF JUSTICE, COURT OF APPEALS 8TH DISTRICT",,ANN CRAWFORD MCCLURE,DEM,500,8,392,0,900,508,392
El Paso,144-LOMA TERRACE ELEMENTARY,"JUSTICE, 8TH COURT OF APPEALS DISTRICT, PLACE 2",,CHRIS ANTCLIFF,REP,91,2,93,0,186,93,93
El Paso,144-LOMA TERRACE ELEMENTARY,"JUSTICE, 8TH COURT OF APPEALS DISTRICT, PLACE 2",,YVONNE RODRIGUEZ,DEM,476,8,365,1,850,484,366
El Paso,144-LOMA TERRACE ELEMENTARY,"JUSTICE, 8TH COURT OF APPEALS DISTRICT, PLACE 3",,GUADALUPE LUPE RIVER,DEM,502,8,390,1,901,510,391
El Paso,144-LOMA TERRACE ELEMENTARY,"DISTRICT JUDGE, 34TH JUDICIAL DISTRICT",,BILL MOODY,DEM,501,8,389,1,899,509,390
El Paso,144-LOMA TERRACE ELEMENTARY,"DISTRICT JUDGE, 41ST JUDICIAL DISTRICT",,ANNA PEREZ,DEM,501,7,396,1,905,508,397
El Paso,144-LOMA TERRACE ELEMENTARY,"DISTRICT JUDGE, 243RD JUDICIAL DISTRICT",,BILLY DON HICKS,REP,107,3,100,1,211,110,101
El Paso,144-LOMA TERRACE ELEMENTARY,"DISTRICT JUDGE, 243RD JUDICIAL DISTRICT",,LUIS AGUILAR,DEM,458,7,355,0,820,465,355
El Paso,144-LOMA TERRACE ELEMENTARY,"DISTRICT JUDGE, 346TH JUDICIAL DISTRICT",,ANGIE J. BARILL,DEM,493,6,383,1,883,499,384
El Paso,144-LOMA TERRACE ELEMENTARY,"DISTRICT JUDGE, 383RD JUDICIAL DISTRICT",,MIKE HERRERA,DEM,493,7,386,1,887,500,387
El Paso,144-LOMA TERRACE ELEMENTARY,"DISTRICT JUDGE, 384TH JUDICIAL DISTRICT",,PATRICK M. GARCIA,DEM,497,7,379,1,884,504,380
El Paso,144-LOMA TERRACE ELEMENTARY,"DISTRICT JUDGE, 388TH JUDICIAL DISTRICT",,LAURA STRATHMANN,DEM,499,7,381,1,888,506,382
El Paso,144-LOMA TERRACE ELEMENTARY,"DISTRICT JUDGE, 409TH JUDICIAL DISTRICT",,SAM MEDRANO JR,DEM,499,7,386,1,893,506,387
El Paso,144-LOMA TERRACE ELEMENTARY,"DISTRICT JUDGE, 448TH JUDICIAL DISTRICT",,SERGIO H. ENRIQUEZ,DEM,498,7,381,1,887,505,382
El Paso,144-LOMA TERRACE ELEMENTARY,"CRIMINAL DISTRICT JUDGE, COURT NO. 1",,DIANE NAVARRETE,DEM,500,7,378,1,886,507,379
El Paso,144-LOMA TERRACE ELEMENTARY,"FAMILY DISTRICT JUDGE, 65TH JUDICIAL DISTRICT",,YAHARA L. GUTIERREZ,DEM,498,7,387,0,892,505,387
El Paso,144-LOMA TERRACE ELEMENTARY,"DISTRICT ATTORNEY, 34TH JUDICIAL DISTRICT",,JAIME ESPARZA,DEM,498,8,380,1,887,506,381
El Paso,144-LOMA TERRACE ELEMENTARY,"JUDGE, COUNTY CRIMINAL COURT NO. 3",,CARLOS CARRASCO,DEM,494,7,383,0,884,501,383
El Paso,144-LOMA TERRACE ELEMENTARY,"JUDGE, COUNTY CRIMINAL COURT NO. 4",,JESUS HERRERA,DEM,490,7,376,1,874,497,377
El Paso,144-LOMA TERRACE ELEMENTARY,COUNTY ATTORNEY,,JO ANNE BERNAL,DEM,491,7,384,1,883,498,385
El Paso,144-LOMA TERRACE ELEMENTARY,SHERIFF,,RICHARD D. WILES,DEM,491,9,390,1,891,500,391
El Paso,144-LOMA TERRACE ELEMENTARY,COUNTY TAX ASSESSOR COLLECTOR,,VICTOR A. FLORES,DEM,497,10,384,1,892,507,385
El Paso,144-LOMA TERRACE ELEMENTARY,"COUNTY COMMISSIONER, PRECINCT NO. 3",,FRED CHAVEZ,REP,93,2,87,1,183,95,88
El Paso,144-LOMA TERRACE ELEMENTARY,"COUNTY COMMISSIONER, PRECINCT NO. 3",,VINCENT VINCE PEREZ,DEM,481,8,366,0,855,489,366
El Paso,144-LOMA TERRACE ELEMENTARY,"CONSTABLE, PRECINCT NO. 5",,MANNY LOPEZ,DEM,491,7,383,0,881,498,383
El Paso,145-LOMA TERRACE ELEMENTARY,"CITY OF EL PASO, PROPOSITION",,FOR (A FAVOR),NP,368,2,275,1,646,370,276
El Paso,145-LOMA TERRACE ELEMENTARY,"CITY OF EL PASO, PROPOSITION",,AGAINST (EN CONTRA),NP,85,2,69,0,156,87,69
El Paso,145-LOMA TERRACE ELEMENTARY,"CITY OF EL PASO, PROPOSITION",,FOR (A FAVOR),NP,344,2,263,1,610,346,264
El Paso,145-LOMA TERRACE ELEMENTARY,"CITY OF EL PASO, PROPOSITION",,AGAINST (EN CONTRA),NP,90,1,74,0,165,91,74
El Paso,145-LOMA TERRACE ELEMENTARY,"CITY OF EL PASO, PROPOSITION",,FOR (A FAVOR),NP,256,1,207,0,464,257,207
El Paso,145-LOMA TERRACE ELEMENTARY,"CITY OF EL PASO, PROPOSITION",,AGAINST (EN CONTRA),NP,189,3,133,1,326,192,134
El Paso,145-LOMA TERRACE ELEMENTARY,STRAIGHT PARTY,,REPUBLICAN,REP,61,3,39,0,103,64,39
El Paso,145-LOMA TERRACE ELEMENTARY,STRAIGHT PARTY,,DEMOCRAT,DEM,288,1,217,1,507,289,218
El Paso,145-LOMA TERRACE ELEMENTARY,STRAIGHT PARTY,,LIBERTARIAN,LIB,1,0,4,0,5,1,4
El Paso,145-LOMA TERRACE ELEMENTARY,STRAIGHT PARTY,,GREEN,GRN,0,0,1,0,1,0,1
El Paso,145-LOMA TERRACE ELEMENTARY,US PRESIDENT,,MITT ROMNEY,REP,105,3,69,0,177,108,69
El Paso,145-LOMA TERRACE ELEMENTARY,US PRESIDENT,,BARACK OBAMA,DEM,375,1,280,1,657,376,281
El Paso,145-LOMA TERRACE ELEMENTARY,US PRESIDENT,,GARY JOHNSON,LIB,2,0,2,0,4,2,2
El Paso,145-LOMA TERRACE ELEMENTARY,US PRESIDENT,,JILL STEIN,GRN,2,0,1,0,3,2,1
El Paso,145-LOMA TERRACE ELEMENTARY,US PRESIDENT,,WRITE-IN,NP,0,0,0,0,0,0,0
El Paso,145-LOMA TERRACE ELEMENTARY,US SENATOR,,TED CRUZ,REP,113,4,85,0,202,117,85
El Paso,145-LOMA TERRACE ELEMENTARY,US SENATOR,,PAUL SADLER,DEM,351,0,252,1,604,351,253
El Paso,145-LOMA TERRACE ELEMENTARY,US SENATOR,,JOHN JAY MYERS,LIB,5,0,4,0,9,5,4
El Paso,145-LOMA TERRACE ELEMENTARY,US SENATOR,,DAVID B. COLLINS,GRN,1,0,5,0,6,1,5
El Paso,145-LOMA TERRACE ELEMENTARY,US REP DISTRICT 16,,BARBARA CARRASCO,REP,108,3,78,0,189,111,78
El Paso,145-LOMA TERRACE ELEMENTARY,US REP DISTRICT 16,,BETO OROURKE,DEM,358,1,263,1,623,359,264
El Paso,145-LOMA TERRACE ELEMENTARY,US REP DISTRICT 16,,JUNART SODOY,LIB,4,0,5,0,9,4,5
El Paso,145-LOMA TERRACE ELEMENTARY,RAILROAD COMMISSIONER,,CHRISTI CRADDICK,REP,96,3,62,0,161,99,62
El Paso,145-LOMA TERRACE ELEMENTARY,RAILROAD COMMISSIONER,,DALE HENRY,DEM,344,1,258,1,604,345,259
El Paso,145-LOMA TERRACE ELEMENTARY,RAILROAD COMMISSIONER,,VIVEKANANDA (VIK) WA,LIB,4,0,7,0,11,4,7
El Paso,145-LOMA TERRACE ELEMENTARY,RAILROAD COMMISSIONER,,CHRIS KENNEDY,GRN,12,0,10,0,22,12,10
El Paso,145-LOMA TERRACE ELEMENTARY,RAILROAD COMMISSIONER,,BARRY SMITHERMAN,REP,102,3,93,0,198,105,93
El Paso,145-LOMA TERRACE ELEMENTARY,RAILROAD COMMISSIONER,,JAIME O. PEREZ,LIB,198,1,153,1,353,199,154
El Paso,145-LOMA TERRACE ELEMENTARY,RAILROAD COMMISSIONER,,JOSH WENDEL,GRN,27,0,29,0,56,27,29
El Paso,145-LOMA TERRACE ELEMENTARY,"JUSTICE, SUPREME COURT, PLACE 2",,DON WILLETT,REP,144,3,138,0,285,147,138
El Paso,145-LOMA TERRACE ELEMENTARY,"JUSTICE, SUPREME COURT, PLACE 2",,RS ROBERT KOELSCH,LIB,171,1,132,1,305,172,133
El Paso,145-LOMA TERRACE ELEMENTARY,"JUSTICE, SUPREME COURT, PLACE 4",,JOHN DEVINE,REP,140,3,122,0,265,143,122
El Paso,145-LOMA TERRACE ELEMENTARY,"JUSTICE, SUPREME COURT, PLACE 4",,TOM OXFORD,LIB,131,1,102,1,235,132,103
El Paso,145-LOMA TERRACE ELEMENTARY,"JUSTICE, SUPREME COURT, PLACE 4",,CHARLES E. WATERBURY,GRN,47,0,43,0,90,47,43
El Paso,145-LOMA TERRACE ELEMENTARY,"JUSTICE, SUPREME COURT, PLACE 6",,NATHAN HECHT,REP,88,3,55,0,146,91,55
El Paso,145-LOMA TERRACE ELEMENTARY,"JUSTICE, SUPREME COURT, PLACE 6",,MICHELE PETTY,DEM,359,1,269,1,630,360,270
El Paso,145-LOMA TERRACE ELEMENTARY,"JUSTICE, SUPREME COURT, PLACE 6",,MARK ASH,LIB,5,0,11,0,16,5,11
El Paso,145-LOMA TERRACE ELEMENTARY,"JUSTICE, SUPREME COURT, PLACE 6",,JIM CHISHOLM,GRN,8,0,7,0,15,8,7
El Paso,145-LOMA TERRACE ELEMENTARY,"PRESIDING JUDGE, COURT OF CRIMINAL APPEALS",,SHARON KELLER,REP,103,3,68,0,174,106,68
El Paso,145-LOMA TERRACE ELEMENTARY,"PRESIDING JUDGE, COURT OF CRIMINAL APPEALS",,KEITH HAMPTON,DEM,353,1,263,1,618,354,264
El Paso,145-LOMA TERRACE ELEMENTARY,"PRESIDING JUDGE, COURT OF CRIMINAL APPEALS",,LANCE STOTT,LIB,8,0,15,0,23,8,15
El Paso,145-LOMA TERRACE ELEMENTARY,"JUDGE, COURT OF CRIMINAL APPEALS, PLACE 7",,BARBARA PARKER HERVE,REP,163,3,140,0,306,166,140
El Paso,145-LOMA TERRACE ELEMENTARY,"JUDGE, COURT OF CRIMINAL APPEALS, PLACE 7",,MARK W. BENNETT,LIB,156,1,124,1,282,157,125
El Paso,145-LOMA TERRACE ELEMENTARY,"JUDGE, COURT OF CRIMINAL APPEALS, PLACE 8",,ELSA ALCALA,REP,186,3,144,0,333,189,144
El Paso,145-LOMA TERRACE ELEMENTARY,"JUDGE, COURT OF CRIMINAL APPEALS, PLACE 8",,WILLIAM BRYAN STRANG,LIB,132,1,122,1,256,133,123
El Paso,145-LOMA TERRACE ELEMENTARY,MEMBER STATE BOARD OF EDUCATION DISTRICT 1,,CARLOS CHARLIE GARZA,REP,108,3,71,0,182,111,71
El Paso,145-LOMA TERRACE ELEMENTARY,MEMBER STATE BOARD OF EDUCATION DISTRICT 1,,MARTHA M. DOMINGUEZ,DEM,358,1,277,1,637,359,278
El Paso,145-LOMA TERRACE ELEMENTARY,STATE SENATOR DISTRICT 29,,DAN CHAVEZ,REP,98,3,62,0,163,101,62
El Paso,145-LOMA TERRACE ELEMENTARY,STATE SENATOR DISTRICT 29,,JOSE R. RODRIGUEZ,DEM,370,1,283,1,655,371,284
El Paso,145-LOMA TERRACE ELEMENTARY,STATE REPRESENTATIVE DISTRICT 76,,NAOMI R. GONZALEZ,DEM,391,1,297,1,690,392,298
El Paso,145-LOMA TERRACE ELEMENTARY,"CHIEF JUSTICE, COURT OF APPEALS 8TH DISTRICT",,ANN CRAWFORD MCCLURE,DEM,388,1,296,1,686,389,297
El Paso,145-LOMA TERRACE ELEMENTARY,"JUSTICE, 8TH COURT OF APPEALS DISTRICT, PLACE 2",,CHRIS ANTCLIFF,REP,98,3,63,0,164,101,63
El Paso,145-LOMA TERRACE ELEMENTARY,"JUSTICE, 8TH COURT OF APPEALS DISTRICT, PLACE 2",,YVONNE RODRIGUEZ,DEM,364,1,278,1,644,365,279
El Paso,145-LOMA TERRACE ELEMENTARY,"JUSTICE, 8TH COURT OF APPEALS DISTRICT, PLACE 3",,GUADALUPE LUPE RIVER,DEM,394,1,300,1,696,395,301
El Paso,145-LOMA TERRACE ELEMENTARY,"DISTRICT JUDGE, 34TH JUDICIAL DISTRICT",,BILL MOODY,DEM,387,1,289,1,678,388,290
El Paso,145-LOMA TERRACE ELEMENTARY,"DISTRICT JUDGE, 41ST JUDICIAL DISTRICT",,ANNA PEREZ,DEM,393,1,295,1,690,394,296
El Paso,145-LOMA TERRACE ELEMENTARY,"DISTRICT JUDGE, 243RD JUDICIAL DISTRICT",,BILLY DON HICKS,REP,110,3,63,0,176,113,63
El Paso,145-LOMA TERRACE ELEMENTARY,"DISTRICT JUDGE, 243RD JUDICIAL DISTRICT",,LUIS AGUILAR,DEM,353,1,278,1,633,354,279
El Paso,145-LOMA TERRACE ELEMENTARY,"DISTRICT JUDGE, 346TH JUDICIAL DISTRICT",,ANGIE J. BARILL,DEM,387,1,291,1,680,388,292
El Paso,145-LOMA TERRACE ELEMENTARY,"DISTRICT JUDGE, 383RD JUDICIAL DISTRICT",,MIKE HERRERA,DEM,390,1,290,1,682,391,291
El Paso,145-LOMA TERRACE ELEMENTARY,"DISTRICT JUDGE, 384TH JUDICIAL DISTRICT",,PATRICK M. GARCIA,DEM,387,1,292,1,681,388,293
El Paso,145-LOMA TERRACE ELEMENTARY,"DISTRICT JUDGE, 388TH JUDICIAL DISTRICT",,LAURA STRATHMANN,DEM,388,1,290,1,680,389,291
El Paso,145-LOMA TERRACE ELEMENTARY,"DISTRICT JUDGE, 409TH JUDICIAL DISTRICT",,SAM MEDRANO JR,DEM,389,1,291,1,682,390,292
El Paso,145-LOMA TERRACE ELEMENTARY,"DISTRICT JUDGE, 448TH JUDICIAL DISTRICT",,SERGIO H. ENRIQUEZ,DEM,382,1,287,1,671,383,288
El Paso,145-LOMA TERRACE ELEMENTARY,"CRIMINAL DISTRICT JUDGE, COURT NO. 1",,DIANE NAVARRETE,DEM,383,1,291,1,676,384,292
El Paso,145-LOMA TERRACE ELEMENTARY,"FAMILY DISTRICT JUDGE, 65TH JUDICIAL DISTRICT",,YAHARA L. GUTIERREZ,DEM,382,1,289,1,673,383,290
El Paso,145-LOMA TERRACE ELEMENTARY,"DISTRICT ATTORNEY, 34TH JUDICIAL DISTRICT",,JAIME ESPARZA,DEM,384,1,289,1,675,385,290
El Paso,145-LOMA TERRACE ELEMENTARY,"JUDGE, COUNTY CRIMINAL COURT NO. 3",,CARLOS CARRASCO,DEM,385,1,290,1,677,386,291
El Paso,145-LOMA TERRACE ELEMENTARY,"JUDGE, COUNTY CRIMINAL COURT NO. 4",,JESUS HERRERA,DEM,382,1,288,1,672,383,289
El Paso,145-LOMA TERRACE ELEMENTARY,COUNTY ATTORNEY,,JO ANNE BERNAL,DEM,380,1,287,1,669,381,288
El Paso,145-LOMA TERRACE ELEMENTARY,SHERIFF,,RICHARD D. WILES,DEM,395,1,291,1,688,396,292
El Paso,145-LOMA TERRACE ELEMENTARY,COUNTY TAX ASSESSOR COLLECTOR,,VICTOR A. FLORES,DEM,392,1,286,1,680,393,287
El Paso,145-LOMA TERRACE ELEMENTARY,"COUNTY COMMISSIONER, PRECINCT NO. 3",,FRED CHAVEZ,REP,101,3,65,0,169,104,65
El Paso,145-LOMA TERRACE ELEMENTARY,"COUNTY COMMISSIONER, PRECINCT NO. 3",,VINCENT VINCE PEREZ,DEM,361,1,275,1,638,362,276
El Paso,145-LOMA TERRACE ELEMENTARY,"CONSTABLE, PRECINCT NO. 5",,MANNY LOPEZ,DEM,381,1,290,1,673,382,291
El Paso,146-MARIAN MANOR ELEMENTARY,"CITY OF EL PASO, PROPOSITION",,FOR (A FAVOR),NP,165,4,214,0,383,169,214
El Paso,146-MARIAN MANOR ELEMENTARY,"CITY OF EL PASO, PROPOSITION",,AGAINST (EN CONTRA),NP,70,0,59,0,129,70,59
El Paso,146-MARIAN MANOR ELEMENTARY,"CITY OF EL PASO, PROPOSITION",,FOR (A FAVOR),NP,150,4,192,0,346,154,192
El Paso,146-MARIAN MANOR ELEMENTARY,"CITY OF EL PASO, PROPOSITION",,AGAINST (EN CONTRA),NP,63,0,67,0,130,63,67
El Paso,146-MARIAN MANOR ELEMENTARY,"CITY OF EL PASO, PROPOSITION",,FOR (A FAVOR),NP,115,4,148,0,267,119,148
El Paso,146-MARIAN MANOR ELEMENTARY,"CITY OF EL PASO, PROPOSITION",,AGAINST (EN CONTRA),NP,111,0,118,0,229,111,118
El Paso,146-MARIAN MANOR ELEMENTARY,STRAIGHT PARTY,,REPUBLICAN,REP,19,1,26,0,46,20,26
El Paso,146-MARIAN MANOR ELEMENTARY,STRAIGHT PARTY,,DEMOCRAT,DEM,166,2,184,0,352,168,184
El Paso,146-MARIAN MANOR ELEMENTARY,STRAIGHT PARTY,,LIBERTARIAN,LIB,1,0,2,0,3,1,2
El Paso,146-MARIAN MANOR ELEMENTARY,STRAIGHT PARTY,,GREEN,GRN,1,0,0,0,1,1,0
El Paso,146-MARIAN MANOR ELEMENTARY,US PRESIDENT,,MITT ROMNEY,REP,39,3,56,0,98,42,56
El Paso,146-MARIAN MANOR ELEMENTARY,US PRESIDENT,,BARACK OBAMA,DEM,204,3,241,0,448,207,241
El Paso,146-MARIAN MANOR ELEMENTARY,US PRESIDENT,,GARY JOHNSON,LIB,2,0,0,0,2,2,0
El Paso,146-MARIAN MANOR ELEMENTARY,US PRESIDENT,,JILL STEIN,GRN,1,0,0,0,1,1,0
El Paso,146-MARIAN MANOR ELEMENTARY,US PRESIDENT,,WRITE-IN,NP,0,0,0,0,0,0,0
El Paso,146-MARIAN MANOR ELEMENTARY,US SENATOR,,TED CRUZ,REP,42,3,65,0,110,45,65
El Paso,146-MARIAN MANOR ELEMENTARY,US SENATOR,,PAUL SADLER,DEM,193,2,214,0,409,195,214
El Paso,146-MARIAN MANOR ELEMENTARY,US SENATOR,,JOHN JAY MYERS,LIB,0,0,8,0,8,0,8
El Paso,146-MARIAN MANOR ELEMENTARY,US SENATOR,,DAVID B. COLLINS,GRN,1,0,2,0,3,1,2
El Paso,146-MARIAN MANOR ELEMENTARY,US REP DISTRICT 16,,BARBARA CARRASCO,REP,41,2,66,0,109,43,66
El Paso,146-MARIAN MANOR ELEMENTARY,US REP DISTRICT 16,,BETO OROURKE,DEM,198,3,220,0,421,201,220
El Paso,146-MARIAN MANOR ELEMENTARY,US REP DISTRICT 16,,JUNART SODOY,LIB,2,0,3,0,5,2,3
El Paso,146-MARIAN MANOR ELEMENTARY,RAILROAD COMMISSIONER,,CHRISTI CRADDICK,REP,32,0,42,0,74,32,42
El Paso,146-MARIAN MANOR ELEMENTARY,RAILROAD COMMISSIONER,,DALE HENRY,DEM,189,5,219,0,413,194,219
El Paso,146-MARIAN MANOR ELEMENTARY,RAILROAD COMMISSIONER,,VIVEKANANDA (VIK) WA,LIB,0,0,9,0,9,0,9
El Paso,146-MARIAN MANOR ELEMENTARY,RAILROAD COMMISSIONER,,CHRIS KENNEDY,GRN,9,0,9,0,18,9,9
El Paso,146-MARIAN MANOR ELEMENTARY,RAILROAD COMMISSIONER,,BARRY SMITHERMAN,REP,37,1,54,0,92,38,54
El Paso,146-MARIAN MANOR ELEMENTARY,RAILROAD COMMISSIONER,,JAIME O. PEREZ,LIB,93,1,127,0,221,94,127
El Paso,146-MARIAN MANOR ELEMENTARY,RAILROAD COMMISSIONER,,JOSH WENDEL,GRN,21,1,25,0,47,22,25
El Paso,146-MARIAN MANOR ELEMENTARY,"JUSTICE, SUPREME COURT, PLACE 2",,DON WILLETT,REP,66,2,91,0,159,68,91
El Paso,146-MARIAN MANOR ELEMENTARY,"JUSTICE, SUPREME COURT, PLACE 2",,RS ROBERT KOELSCH,LIB,74,1,107,0,182,75,107
El Paso,146-MARIAN MANOR ELEMENTARY,"JUSTICE, SUPREME COURT, PLACE 4",,JOHN DEVINE,REP,53,2,86,0,141,55,86
El Paso,146-MARIAN MANOR ELEMENTARY,"JUSTICE, SUPREME COURT, PLACE 4",,TOM OXFORD,LIB,56,0,84,0,140,56,84
El Paso,146-MARIAN MANOR ELEMENTARY,"JUSTICE, SUPREME COURT, PLACE 4",,CHARLES E. WATERBURY,GRN,35,1,30,0,66,36,30
El Paso,146-MARIAN MANOR ELEMENTARY,"JUSTICE, SUPREME COURT, PLACE 6",,NATHAN HECHT,REP,32,1,38,0,71,33,38
El Paso,146-MARIAN MANOR ELEMENTARY,"JUSTICE, SUPREME COURT, PLACE 6",,MICHELE PETTY,DEM,200,3,231,0,434,203,231
El Paso,146-MARIAN MANOR ELEMENTARY,"JUSTICE, SUPREME COURT, PLACE 6",,MARK ASH,LIB,1,0,5,0,6,1,5
El Paso,146-MARIAN MANOR ELEMENTARY,"JUSTICE, SUPREME COURT, PLACE 6",,JIM CHISHOLM,GRN,4,0,5,0,9,4,5
El Paso,146-MARIAN MANOR ELEMENTARY,"PRESIDING JUDGE, COURT OF CRIMINAL APPEALS",,SHARON KELLER,REP,36,1,40,0,77,37,40
El Paso,146-MARIAN MANOR ELEMENTARY,"PRESIDING JUDGE, COURT OF CRIMINAL APPEALS",,KEITH HAMPTON,DEM,193,3,232,0,428,196,232
El Paso,146-MARIAN MANOR ELEMENTARY,"PRESIDING JUDGE, COURT OF CRIMINAL APPEALS",,LANCE STOTT,LIB,6,0,8,0,14,6,8
El Paso,146-MARIAN MANOR ELEMENTARY,"JUDGE, COURT OF CRIMINAL APPEALS, PLACE 7",,BARBARA PARKER HERVE,REP,65,3,94,0,162,68,94
El Paso,146-MARIAN MANOR ELEMENTARY,"JUDGE, COURT OF CRIMINAL APPEALS, PLACE 7",,MARK W. BENNETT,LIB,76,0,101,0,177,76,101
El Paso,146-MARIAN MANOR ELEMENTARY,"JUDGE, COURT OF CRIMINAL APPEALS, PLACE 8",,ELSA ALCALA,REP,67,2,107,0,176,69,107
El Paso,146-MARIAN MANOR ELEMENTARY,"JUDGE, COURT OF CRIMINAL APPEALS, PLACE 8",,WILLIAM BRYAN STRANG,LIB,71,1,92,0,164,72,92
El Paso,146-MARIAN MANOR ELEMENTARY,MEMBER STATE BOARD OF EDUCATION DISTRICT 1,,CARLOS CHARLIE GARZA,REP,32,1,45,0,78,33,45
El Paso,146-MARIAN MANOR ELEMENTARY,MEMBER STATE BOARD OF EDUCATION DISTRICT 1,,MARTHA M. DOMINGUEZ,DEM,203,3,235,0,441,206,235
El Paso,146-MARIAN MANOR ELEMENTARY,STATE SENATOR DISTRICT 29,,DAN CHAVEZ,REP,40,1,43,0,84,41,43
El Paso,146-MARIAN MANOR ELEMENTARY,STATE SENATOR DISTRICT 29,,JOSE R. RODRIGUEZ,DEM,197,4,244,0,445,201,244
El Paso,146-MARIAN MANOR ELEMENTARY,STATE REPRESENTATIVE DISTRICT 76,,NAOMI R. GONZALEZ,DEM,205,5,256,0,466,210,256
El Paso,146-MARIAN MANOR ELEMENTARY,"CHIEF JUSTICE, COURT OF APPEALS 8TH DISTRICT",,ANN CRAWFORD MCCLURE,DEM,204,4,247,0,455,208,247
El Paso,146-MARIAN MANOR ELEMENTARY,"JUSTICE, 8TH COURT OF APPEALS DISTRICT, PLACE 2",,CHRIS ANTCLIFF,REP,35,1,43,0,79,36,43
El Paso,146-MARIAN MANOR ELEMENTARY,"JUSTICE, 8TH COURT OF APPEALS DISTRICT, PLACE 2",,YVONNE RODRIGUEZ,DEM,198,3,239,0,440,201,239
El Paso,146-MARIAN MANOR ELEMENTARY,"JUSTICE, 8TH COURT OF APPEALS DISTRICT, PLACE 3",,GUADALUPE LUPE RIVER,DEM,209,4,254,0,467,213,254
El Paso,146-MARIAN MANOR ELEMENTARY,"DISTRICT JUDGE, 34TH JUDICIAL DISTRICT",,BILL MOODY,DEM,207,5,249,0,461,212,249
El Paso,146-MARIAN MANOR ELEMENTARY,"DISTRICT JUDGE, 41ST JUDICIAL DISTRICT",,ANNA PEREZ,DEM,206,5,246,0,457,211,246
El Paso,146-MARIAN MANOR ELEMENTARY,"DISTRICT JUDGE, 243RD JUDICIAL DISTRICT",,BILLY DON HICKS,REP,36,1,54,0,91,37,54
El Paso,146-MARIAN MANOR ELEMENTARY,"DISTRICT JUDGE, 243RD JUDICIAL DISTRICT",,LUIS AGUILAR,DEM,197,4,227,0,428,201,227
El Paso,146-MARIAN MANOR ELEMENTARY,"DISTRICT JUDGE, 346TH JUDICIAL DISTRICT",,ANGIE J. BARILL,DEM,205,4,248,0,457,209,248
El Paso,146-MARIAN MANOR ELEMENTARY,"DISTRICT JUDGE, 383RD JUDICIAL DISTRICT",,MIKE HERRERA,DEM,204,4,250,0,458,208,250
El Paso,146-MARIAN MANOR ELEMENTARY,"DISTRICT JUDGE, 384TH JUDICIAL DISTRICT",,PATRICK M. GARCIA,DEM,205,4,244,0,453,209,244
El Paso,146-MARIAN MANOR ELEMENTARY,"DISTRICT JUDGE, 388TH JUDICIAL DISTRICT",,LAURA STRATHMANN,DEM,207,4,247,0,458,211,247
El Paso,146-MARIAN MANOR ELEMENTARY,"DISTRICT JUDGE, 409TH JUDICIAL DISTRICT",,SAM MEDRANO JR,DEM,210,5,249,0,464,215,249
El Paso,146-MARIAN MANOR ELEMENTARY,"DISTRICT JUDGE, 448TH JUDICIAL DISTRICT",,SERGIO H. ENRIQUEZ,DEM,203,4,248,0,455,207,248
El Paso,146-MARIAN MANOR ELEMENTARY,"CRIMINAL DISTRICT JUDGE, COURT NO. 1",,DIANE NAVARRETE,DEM,207,4,250,0,461,211,250
El Paso,146-MARIAN MANOR ELEMENTARY,"FAMILY DISTRICT JUDGE, 65TH JUDICIAL DISTRICT",,YAHARA L. GUTIERREZ,DEM,203,5,250,0,458,208,250
El Paso,146-MARIAN MANOR ELEMENTARY,"DISTRICT ATTORNEY, 34TH JUDICIAL DISTRICT",,JAIME ESPARZA,DEM,207,5,249,0,461,212,249
El Paso,146-MARIAN MANOR ELEMENTARY,"JUDGE, COUNTY CRIMINAL COURT NO. 3",,CARLOS CARRASCO,DEM,208,4,250,0,462,212,250
El Paso,146-MARIAN MANOR ELEMENTARY,"JUDGE, COUNTY CRIMINAL COURT NO. 4",,JESUS HERRERA,DEM,204,4,248,0,456,208,248
El Paso,146-MARIAN MANOR ELEMENTARY,COUNTY ATTORNEY,,JO ANNE BERNAL,DEM,206,4,248,0,458,210,248
El Paso,146-MARIAN MANOR ELEMENTARY,SHERIFF,,RICHARD D. WILES,DEM,212,5,247,0,464,217,247
El Paso,146-MARIAN MANOR ELEMENTARY,COUNTY TAX ASSESSOR COLLECTOR,,VICTOR A. FLORES,DEM,208,6,247,0,461,214,247
El Paso,146-MARIAN MANOR ELEMENTARY,"COUNTY COMMISSIONER, PRECINCT NO. 3",,FRED CHAVEZ,REP,40,1,56,0,97,41,56
El Paso,146-MARIAN MANOR ELEMENTARY,"COUNTY COMMISSIONER, PRECINCT NO. 3",,VINCENT VINCE PEREZ,DEM,198,3,226,0,427,201,226
El Paso,146-MARIAN MANOR ELEMENTARY,"CONSTABLE, PRECINCT NO. 5",,MANNY LOPEZ,DEM,205,4,247,0,456,209,247
El Paso,147-CADWALLADER ELEMENTARY,"CITY OF EL PASO, PROPOSITION",,FOR (A FAVOR),NP,236,7,233,0,476,243,233
El Paso,147-CADWALLADER ELEMENTARY,"CITY OF EL PASO, PROPOSITION",,AGAINST (EN CONTRA),NP,67,3,63,0,133,70,63
El Paso,147-CADWALLADER ELEMENTARY,"CITY OF EL PASO, PROPOSITION",,FOR (A FAVOR),NP,220,6,202,0,428,226,202
El Paso,147-CADWALLADER ELEMENTARY,"CITY OF EL PASO, PROPOSITION",,AGAINST (EN CONTRA),NP,74,4,79,0,157,78,79
El Paso,147-CADWALLADER ELEMENTARY,"CITY OF EL PASO, PROPOSITION",,FOR (A FAVOR),NP,152,4,160,0,316,156,160
El Paso,147-CADWALLADER ELEMENTARY,"CITY OF EL PASO, PROPOSITION",,AGAINST (EN CONTRA),NP,143,6,127,0,276,149,127
El Paso,147-CADWALLADER ELEMENTARY,STRAIGHT PARTY,,REPUBLICAN,REP,52,3,31,0,86,55,31
El Paso,147-CADWALLADER ELEMENTARY,STRAIGHT PARTY,,DEMOCRAT,DEM,168,3,159,0,330,171,159
El Paso,147-CADWALLADER ELEMENTARY,STRAIGHT PARTY,,LIBERTARIAN,LIB,4,0,1,0,5,4,1
El Paso,147-CADWALLADER ELEMENTARY,STRAIGHT PARTY,,GREEN,GRN,0,0,1,0,1,0,1
El Paso,147-CADWALLADER ELEMENTARY,US PRESIDENT,,MITT ROMNEY,REP,76,9,56,0,141,85,56
El Paso,147-CADWALLADER ELEMENTARY,US PRESIDENT,,BARACK OBAMA,DEM,243,3,248,0,494,246,248
El Paso,147-CADWALLADER ELEMENTARY,US PRESIDENT,,GARY JOHNSON,LIB,4,0,1,0,5,4,1
El Paso,147-CADWALLADER ELEMENTARY,US PRESIDENT,,JILL STEIN,GRN,1,0,4,0,5,1,4
El Paso,147-CADWALLADER ELEMENTARY,US PRESIDENT,,WRITE-IN,NP,0,0,0,0,0,0,0
El Paso,147-CADWALLADER ELEMENTARY,US SENATOR,,TED CRUZ,REP,97,9,75,0,181,106,75
El Paso,147-CADWALLADER ELEMENTARY,US SENATOR,,PAUL SADLER,DEM,211,3,219,0,433,214,219
El Paso,147-CADWALLADER ELEMENTARY,US SENATOR,,JOHN JAY MYERS,LIB,6,0,5,0,11,6,5
El Paso,147-CADWALLADER ELEMENTARY,US SENATOR,,DAVID B. COLLINS,GRN,1,0,5,0,6,1,5
El Paso,147-CADWALLADER ELEMENTARY,US REP DISTRICT 16,,BARBARA CARRASCO,REP,94,8,89,0,191,102,89
El Paso,147-CADWALLADER ELEMENTARY,US REP DISTRICT 16,,BETO OROURKE,DEM,215,4,206,0,425,219,206
El Paso,147-CADWALLADER ELEMENTARY,US REP DISTRICT 16,,JUNART SODOY,LIB,9,0,6,0,15,9,6
El Paso,147-CADWALLADER ELEMENTARY,RAILROAD COMMISSIONER,,CHRISTI CRADDICK,REP,78,5,52,0,135,83,52
El Paso,147-CADWALLADER ELEMENTARY,RAILROAD COMMISSIONER,,DALE HENRY,DEM,214,4,218,0,436,218,218
El Paso,147-CADWALLADER ELEMENTARY,RAILROAD COMMISSIONER,,VIVEKANANDA (VIK) WA,LIB,3,2,6,0,11,5,6
El Paso,147-CADWALLADER ELEMENTARY,RAILROAD COMMISSIONER,,CHRIS KENNEDY,GRN,10,1,20,0,31,11,20
El Paso,147-CADWALLADER ELEMENTARY,RAILROAD COMMISSIONER,,BARRY SMITHERMAN,REP,87,5,70,0,162,92,70
El Paso,147-CADWALLADER ELEMENTARY,RAILROAD COMMISSIONER,,JAIME O. PEREZ,LIB,125,3,126,0,254,128,126
El Paso,147-CADWALLADER ELEMENTARY,RAILROAD COMMISSIONER,,JOSH WENDEL,GRN,21,0,24,0,45,21,24
El Paso,147-CADWALLADER ELEMENTARY,"JUSTICE, SUPREME COURT, PLACE 2",,DON WILLETT,REP,122,6,101,0,229,128,101
El Paso,147-CADWALLADER ELEMENTARY,"JUSTICE, SUPREME COURT, PLACE 2",,RS ROBERT KOELSCH,LIB,96,1,111,0,208,97,111
El Paso,147-CADWALLADER ELEMENTARY,"JUSTICE, SUPREME COURT, PLACE 4",,JOHN DEVINE,REP,111,7,93,0,211,118,93
El Paso,147-CADWALLADER ELEMENTARY,"JUSTICE, SUPREME COURT, PLACE 4",,TOM OXFORD,LIB,74,1,84,0,159,75,84
El Paso,147-CADWALLADER ELEMENTARY,"JUSTICE, SUPREME COURT, PLACE 4",,CHARLES E. WATERBURY,GRN,31,0,35,0,66,31,35
El Paso,147-CADWALLADER ELEMENTARY,"JUSTICE, SUPREME COURT, PLACE 6",,NATHAN HECHT,REP,60,6,45,0,111,66,45
El Paso,147-CADWALLADER ELEMENTARY,"JUSTICE, SUPREME COURT, PLACE 6",,MICHELE PETTY,DEM,226,4,234,0,464,230,234
El Paso,147-CADWALLADER ELEMENTARY,"JUSTICE, SUPREME COURT, PLACE 6",,MARK ASH,LIB,10,1,6,0,17,11,6
El Paso,147-CADWALLADER ELEMENTARY,"JUSTICE, SUPREME COURT, PLACE 6",,JIM CHISHOLM,GRN,6,0,10,0,16,6,10
El Paso,147-CADWALLADER ELEMENTARY,"PRESIDING JUDGE, COURT OF CRIMINAL APPEALS",,SHARON KELLER,REP,75,6,54,0,135,81,54
El Paso,147-CADWALLADER ELEMENTARY,"PRESIDING JUDGE, COURT OF CRIMINAL APPEALS",,KEITH HAMPTON,DEM,221,4,230,0,455,225,230
El Paso,147-CADWALLADER ELEMENTARY,"PRESIDING JUDGE, COURT OF CRIMINAL APPEALS",,LANCE STOTT,LIB,6,1,7,0,14,7,7
El Paso,147-CADWALLADER ELEMENTARY,"JUDGE, COURT OF CRIMINAL APPEALS, PLACE 7",,BARBARA PARKER HERVE,REP,128,5,109,0,242,133,109
El Paso,147-CADWALLADER ELEMENTARY,"JUDGE, COURT OF CRIMINAL APPEALS, PLACE 7",,MARK W. BENNETT,LIB,91,2,104,0,197,93,104
El Paso,147-CADWALLADER ELEMENTARY,"JUDGE, COURT OF CRIMINAL APPEALS, PLACE 8",,ELSA ALCALA,REP,128,7,127,0,262,135,127
El Paso,147-CADWALLADER ELEMENTARY,"JUDGE, COURT OF CRIMINAL APPEALS, PLACE 8",,WILLIAM BRYAN STRANG,LIB,83,1,88,0,172,84,88
El Paso,147-CADWALLADER ELEMENTARY,MEMBER STATE BOARD OF EDUCATION DISTRICT 1,,CARLOS CHARLIE GARZA,REP,82,5,57,0,144,87,57
El Paso,147-CADWALLADER ELEMENTARY,MEMBER STATE BOARD OF EDUCATION DISTRICT 1,,MARTHA M. DOMINGUEZ,DEM,227,5,238,0,470,232,238
El Paso,147-CADWALLADER ELEMENTARY,STATE SENATOR DISTRICT 29,,DAN CHAVEZ,REP,77,6,59,0,142,83,59
El Paso,147-CADWALLADER ELEMENTARY,STATE SENATOR DISTRICT 29,,JOSE R. RODRIGUEZ,DEM,235,4,238,0,477,239,238
El Paso,147-CADWALLADER ELEMENTARY,STATE REPRESENTATIVE DISTRICT 76,,NAOMI R. GONZALEZ,DEM,241,5,256,0,502,246,256
El Paso,147-CADWALLADER ELEMENTARY,"CHIEF JUSTICE, COURT OF APPEALS 8TH DISTRICT",,ANN CRAWFORD MCCLURE,DEM,243,6,255,0,504,249,255
El Paso,147-CADWALLADER ELEMENTARY,"JUSTICE, 8TH COURT OF APPEALS DISTRICT, PLACE 2",,CHRIS ANTCLIFF,REP,75,6,52,0,133,81,52
El Paso,147-CADWALLADER ELEMENTARY,"JUSTICE, 8TH COURT OF APPEALS DISTRICT, PLACE 2",,YVONNE RODRIGUEZ,DEM,232,4,242,0,478,236,242
El Paso,147-CADWALLADER ELEMENTARY,"JUSTICE, 8TH COURT OF APPEALS DISTRICT, PLACE 3",,GUADALUPE LUPE RIVER,DEM,242,6,256,0,504,248,256
El Paso,147-CADWALLADER ELEMENTARY,"DISTRICT JUDGE, 34TH JUDICIAL DISTRICT",,BILL MOODY,DEM,246,6,255,0,507,252,255
El Paso,147-CADWALLADER ELEMENTARY,"DISTRICT JUDGE, 41ST JUDICIAL DISTRICT",,ANNA PEREZ,DEM,247,6,254,0,507,253,254
El Paso,147-CADWALLADER ELEMENTARY,"DISTRICT JUDGE, 243RD JUDICIAL DISTRICT",,BILLY DON HICKS,REP,81,4,61,0,146,85,61
El Paso,147-CADWALLADER ELEMENTARY,"DISTRICT JUDGE, 243RD JUDICIAL DISTRICT",,LUIS AGUILAR,DEM,235,6,233,0,474,241,233
El Paso,147-CADWALLADER ELEMENTARY,"DISTRICT JUDGE, 346TH JUDICIAL DISTRICT",,ANGIE J. BARILL,DEM,244,6,250,0,500,250,250
El Paso,147-CADWALLADER ELEMENTARY,"DISTRICT JUDGE, 383RD JUDICIAL DISTRICT",,MIKE HERRERA,DEM,243,6,256,0,505,249,256
El Paso,147-CADWALLADER ELEMENTARY,"DISTRICT JUDGE, 384TH JUDICIAL DISTRICT",,PATRICK M. GARCIA,DEM,247,6,255,0,508,253,255
El Paso,147-CADWALLADER ELEMENTARY,"DISTRICT JUDGE, 388TH JUDICIAL DISTRICT",,LAURA STRATHMANN,DEM,247,7,257,0,511,254,257
El Paso,147-CADWALLADER ELEMENTARY,"DISTRICT JUDGE, 409TH JUDICIAL DISTRICT",,SAM MEDRANO JR,DEM,247,6,252,0,505,253,252
El Paso,147-CADWALLADER ELEMENTARY,"DISTRICT JUDGE, 448TH JUDICIAL DISTRICT",,SERGIO H. ENRIQUEZ,DEM,245,6,254,0,505,251,254
El Paso,147-CADWALLADER ELEMENTARY,"CRIMINAL DISTRICT JUDGE, COURT NO. 1",,DIANE NAVARRETE,DEM,246,6,255,0,507,252,255
El Paso,147-CADWALLADER ELEMENTARY,"FAMILY DISTRICT JUDGE, 65TH JUDICIAL DISTRICT",,YAHARA L. GUTIERREZ,DEM,244,6,256,0,506,250,256
El Paso,147-CADWALLADER ELEMENTARY,"DISTRICT ATTORNEY, 34TH JUDICIAL DISTRICT",,JAIME ESPARZA,DEM,244,7,262,0,513,251,262
El Paso,147-CADWALLADER ELEMENTARY,"JUDGE, COUNTY CRIMINAL COURT NO. 3",,CARLOS CARRASCO,DEM,241,6,251,0,498,247,251
El Paso,147-CADWALLADER ELEMENTARY,"JUDGE, COUNTY CRIMINAL COURT NO. 4",,JESUS HERRERA,DEM,241,6,254,0,501,247,254
El Paso,147-CADWALLADER ELEMENTARY,COUNTY ATTORNEY,,JO ANNE BERNAL,DEM,245,6,254,0,505,251,254
El Paso,147-CADWALLADER ELEMENTARY,SHERIFF,,RICHARD D. WILES,DEM,246,6,257,0,509,252,257
El Paso,147-CADWALLADER ELEMENTARY,COUNTY TAX ASSESSOR COLLECTOR,,VICTOR A. FLORES,DEM,246,5,253,0,504,251,253
El Paso,147-CADWALLADER ELEMENTARY,"COUNTY COMMISSIONER, PRECINCT NO. 3",,FRED CHAVEZ,REP,84,7,62,0,153,91,62
El Paso,147-CADWALLADER ELEMENTARY,"COUNTY COMMISSIONER, PRECINCT NO. 3",,VINCENT VINCE PEREZ,DEM,229,4,233,0,466,233,233
El Paso,147-CADWALLADER ELEMENTARY,"CONSTABLE, PRECINCT NO. 5",,MANNY LOPEZ,DEM,244,6,256,0,506,250,256
El Paso,148-ALICIA CHACON ELEMENTARY,"CITY OF EL PASO, PROPOSITION",,FOR (A FAVOR),NP,335,7,379,0,721,342,379
El Paso,148-ALICIA CHACON ELEMENTARY,"CITY OF EL PASO, PROPOSITION",,AGAINST (EN CONTRA),NP,98,0,77,0,175,98,77
El Paso,148-ALICIA CHACON ELEMENTARY,"CITY OF EL PASO, PROPOSITION",,FOR (A FAVOR),NP,316,7,351,0,674,323,351
El Paso,148-ALICIA CHACON ELEMENTARY,"CITY OF EL PASO, PROPOSITION",,AGAINST (EN CONTRA),NP,101,0,91,0,192,101,91
El Paso,148-ALICIA CHACON ELEMENTARY,"CITY OF EL PASO, PROPOSITION",,FOR (A FAVOR),NP,246,6,305,0,557,252,305
El Paso,148-ALICIA CHACON ELEMENTARY,"CITY OF EL PASO, PROPOSITION",,AGAINST (EN CONTRA),NP,175,1,147,0,323,176,147
El Paso,148-ALICIA CHACON ELEMENTARY,STRAIGHT PARTY,,REPUBLICAN,REP,39,0,34,0,73,39,34
El Paso,148-ALICIA CHACON ELEMENTARY,STRAIGHT PARTY,,DEMOCRAT,DEM,271,3,292,0,566,274,292
El Paso,148-ALICIA CHACON ELEMENTARY,STRAIGHT PARTY,,LIBERTARIAN,LIB,1,0,3,0,4,1,3
El Paso,148-ALICIA CHACON ELEMENTARY,STRAIGHT PARTY,,GREEN,GRN,0,0,1,0,1,0,1
El Paso,148-ALICIA CHACON ELEMENTARY,US PRESIDENT,,MITT ROMNEY,REP,80,0,68,0,148,80,68
El Paso,148-ALICIA CHACON ELEMENTARY,US PRESIDENT,,BARACK OBAMA,DEM,370,8,386,0,764,378,386
El Paso,148-ALICIA CHACON ELEMENTARY,US PRESIDENT,,GARY JOHNSON,LIB,1,0,6,0,7,1,6
El Paso,148-ALICIA CHACON ELEMENTARY,US PRESIDENT,,JILL STEIN,GRN,0,0,2,0,2,0,2
El Paso,148-ALICIA CHACON ELEMENTARY,US PRESIDENT,,WRITE-IN,NP,1,0,0,0,1,1,0
El Paso,148-ALICIA CHACON ELEMENTARY,US SENATOR,,TED CRUZ,REP,89,2,89,0,180,91,89
El Paso,148-ALICIA CHACON ELEMENTARY,US SENATOR,,PAUL SADLER,DEM,348,5,347,0,700,353,347
El Paso,148-ALICIA CHACON ELEMENTARY,US SENATOR,,JOHN JAY MYERS,LIB,8,0,10,0,18,8,10
El Paso,148-ALICIA CHACON ELEMENTARY,US SENATOR,,DAVID B. COLLINS,GRN,5,1,3,0,9,6,3
El Paso,148-ALICIA CHACON ELEMENTARY,US REP DISTRICT 16,,BARBARA CARRASCO,REP,82,0,86,0,168,82,86
El Paso,148-ALICIA CHACON ELEMENTARY,US REP DISTRICT 16,,BETO OROURKE,DEM,363,8,358,0,729,371,358
El Paso,148-ALICIA CHACON ELEMENTARY,US REP DISTRICT 16,,JUNART SODOY,LIB,6,0,9,0,15,6,9
El Paso,148-ALICIA CHACON ELEMENTARY,RAILROAD COMMISSIONER,,CHRISTI CRADDICK,REP,75,3,64,0,142,78,64
El Paso,148-ALICIA CHACON ELEMENTARY,RAILROAD COMMISSIONER,,DALE HENRY,DEM,337,5,355,0,697,342,355
El Paso,148-ALICIA CHACON ELEMENTARY,RAILROAD COMMISSIONER,,VIVEKANANDA (VIK) WA,LIB,13,0,8,0,21,13,8
El Paso,148-ALICIA CHACON ELEMENTARY,RAILROAD COMMISSIONER,,CHRIS KENNEDY,GRN,11,0,16,0,27,11,16
El Paso,148-ALICIA CHACON ELEMENTARY,RAILROAD COMMISSIONER,,BARRY SMITHERMAN,REP,101,0,98,0,199,101,98
El Paso,148-ALICIA CHACON ELEMENTARY,RAILROAD COMMISSIONER,,JAIME O. PEREZ,LIB,165,1,206,0,372,166,206
El Paso,148-ALICIA CHACON ELEMENTARY,RAILROAD COMMISSIONER,,JOSH WENDEL,GRN,30,0,30,0,60,30,30
El Paso,148-ALICIA CHACON ELEMENTARY,"JUSTICE, SUPREME COURT, PLACE 2",,DON WILLETT,REP,141,1,150,0,292,142,150
El Paso,148-ALICIA CHACON ELEMENTARY,"JUSTICE, SUPREME COURT, PLACE 2",,RS ROBERT KOELSCH,LIB,134,0,169,0,303,134,169
El Paso,148-ALICIA CHACON ELEMENTARY,"JUSTICE, SUPREME COURT, PLACE 4",,JOHN DEVINE,REP,121,0,134,0,255,121,134
El Paso,148-ALICIA CHACON ELEMENTARY,"JUSTICE, SUPREME COURT, PLACE 4",,TOM OXFORD,LIB,112,2,127,0,241,114,127
El Paso,148-ALICIA CHACON ELEMENTARY,"JUSTICE, SUPREME COURT, PLACE 4",,CHARLES E. WATERBURY,GRN,42,0,50,0,92,42,50
El Paso,148-ALICIA CHACON ELEMENTARY,"JUSTICE, SUPREME COURT, PLACE 6",,NATHAN HECHT,REP,63,1,51,0,115,64,51
El Paso,148-ALICIA CHACON ELEMENTARY,"JUSTICE, SUPREME COURT, PLACE 6",,MICHELE PETTY,DEM,360,5,366,0,731,365,366
El Paso,148-ALICIA CHACON ELEMENTARY,"JUSTICE, SUPREME COURT, PLACE 6",,MARK ASH,LIB,11,0,20,0,31,11,20
El Paso,148-ALICIA CHACON ELEMENTARY,"JUSTICE, SUPREME COURT, PLACE 6",,JIM CHISHOLM,GRN,7,0,8,0,15,7,8
El Paso,148-ALICIA CHACON ELEMENTARY,"PRESIDING JUDGE, COURT OF CRIMINAL APPEALS",,SHARON KELLER,REP,76,0,65,0,141,76,65
El Paso,148-ALICIA CHACON ELEMENTARY,"PRESIDING JUDGE, COURT OF CRIMINAL APPEALS",,KEITH HAMPTON,DEM,355,4,360,0,719,359,360
El Paso,148-ALICIA CHACON ELEMENTARY,"PRESIDING JUDGE, COURT OF CRIMINAL APPEALS",,LANCE STOTT,LIB,13,1,16,0,30,14,16
El Paso,148-ALICIA CHACON ELEMENTARY,"JUDGE, COURT OF CRIMINAL APPEALS, PLACE 7",,BARBARA PARKER HERVE,REP,138,0,148,0,286,138,148
El Paso,148-ALICIA CHACON ELEMENTARY,"JUDGE, COURT OF CRIMINAL APPEALS, PLACE 7",,MARK W. BENNETT,LIB,142,1,169,0,312,143,169
El Paso,148-ALICIA CHACON ELEMENTARY,"JUDGE, COURT OF CRIMINAL APPEALS, PLACE 8",,ELSA ALCALA,REP,155,0,164,0,319,155,164
El Paso,148-ALICIA CHACON ELEMENTARY,"JUDGE, COURT OF CRIMINAL APPEALS, PLACE 8",,WILLIAM BRYAN STRANG,LIB,117,1,144,0,262,118,144
El Paso,148-ALICIA CHACON ELEMENTARY,MEMBER STATE BOARD OF EDUCATION DISTRICT 1,,CARLOS CHARLIE GARZA,REP,75,0,74,0,149,75,74
El Paso,148-ALICIA CHACON ELEMENTARY,MEMBER STATE BOARD OF EDUCATION DISTRICT 1,,MARTHA M. DOMINGUEZ,DEM,369,5,373,0,747,374,373
El Paso,148-ALICIA CHACON ELEMENTARY,STATE SENATOR DISTRICT 29,,DAN CHAVEZ,REP,68,0,72,0,140,68,72
El Paso,148-ALICIA CHACON ELEMENTARY,STATE SENATOR DISTRICT 29,,JOSE R. RODRIGUEZ,DEM,374,6,375,0,755,380,375
El Paso,148-ALICIA CHACON ELEMENTARY,STATE REPRESENTATIVE DISTRICT 76,,NAOMI R. GONZALEZ,DEM,386,6,403,0,795,392,403
El Paso,148-ALICIA CHACON ELEMENTARY,"CHIEF JUSTICE, COURT OF APPEALS 8TH DISTRICT",,ANN CRAWFORD MCCLURE,DEM,392,6,392,0,790,398,392
El Paso,148-ALICIA CHACON ELEMENTARY,"JUSTICE, 8TH COURT OF APPEALS DISTRICT, PLACE 2",,CHRIS ANTCLIFF,REP,76,1,65,0,142,77,65
El Paso,148-ALICIA CHACON ELEMENTARY,"JUSTICE, 8TH COURT OF APPEALS DISTRICT, PLACE 2",,YVONNE RODRIGUEZ,DEM,367,5,382,0,754,372,382
El Paso,148-ALICIA CHACON ELEMENTARY,"JUSTICE, 8TH COURT OF APPEALS DISTRICT, PLACE 3",,GUADALUPE LUPE RIVER,DEM,395,5,399,0,799,400,399
El Paso,148-ALICIA CHACON ELEMENTARY,"DISTRICT JUDGE, 34TH JUDICIAL DISTRICT",,BILL MOODY,DEM,392,6,397,0,795,398,397
El Paso,148-ALICIA CHACON ELEMENTARY,"DISTRICT JUDGE, 41ST JUDICIAL DISTRICT",,ANNA PEREZ,DEM,395,5,395,0,795,400,395
El Paso,148-ALICIA CHACON ELEMENTARY,"DISTRICT JUDGE, 243RD JUDICIAL DISTRICT",,BILLY DON HICKS,REP,96,1,66,0,163,97,66
El Paso,148-ALICIA CHACON ELEMENTARY,"DISTRICT JUDGE, 243RD JUDICIAL DISTRICT",,LUIS AGUILAR,DEM,349,5,378,0,732,354,378
El Paso,148-ALICIA CHACON ELEMENTARY,"DISTRICT JUDGE, 346TH JUDICIAL DISTRICT",,ANGIE J. BARILL,DEM,393,5,392,0,790,398,392
El Paso,148-ALICIA CHACON ELEMENTARY,"DISTRICT JUDGE, 383RD JUDICIAL DISTRICT",,MIKE HERRERA,DEM,396,5,393,0,794,401,393
El Paso,148-ALICIA CHACON ELEMENTARY,"DISTRICT JUDGE, 384TH JUDICIAL DISTRICT",,PATRICK M. GARCIA,DEM,394,5,394,0,793,399,394
El Paso,148-ALICIA CHACON ELEMENTARY,"DISTRICT JUDGE, 388TH JUDICIAL DISTRICT",,LAURA STRATHMANN,DEM,392,5,394,0,791,397,394
El Paso,148-ALICIA CHACON ELEMENTARY,"DISTRICT JUDGE, 409TH JUDICIAL DISTRICT",,SAM MEDRANO JR,DEM,396,5,395,0,796,401,395
El Paso,148-ALICIA CHACON ELEMENTARY,"DISTRICT JUDGE, 448TH JUDICIAL DISTRICT",,SERGIO H. ENRIQUEZ,DEM,398,5,395,0,798,403,395
El Paso,148-ALICIA CHACON ELEMENTARY,"CRIMINAL DISTRICT JUDGE, COURT NO. 1",,DIANE NAVARRETE,DEM,390,6,396,0,792,396,396
El Paso,148-ALICIA CHACON ELEMENTARY,"FAMILY DISTRICT JUDGE, 65TH JUDICIAL DISTRICT",,YAHARA L. GUTIERREZ,DEM,395,6,394,0,795,401,394
El Paso,148-ALICIA CHACON ELEMENTARY,"DISTRICT ATTORNEY, 34TH JUDICIAL DISTRICT",,JAIME ESPARZA,DEM,397,7,398,0,802,404,398
El Paso,148-ALICIA CHACON ELEMENTARY,"JUDGE, COUNTY CRIMINAL COURT NO. 3",,CARLOS CARRASCO,DEM,395,5,396,0,796,400,396
El Paso,148-ALICIA CHACON ELEMENTARY,"JUDGE, COUNTY CRIMINAL COURT NO. 4",,JESUS HERRERA,DEM,395,5,396,0,796,400,396
El Paso,148-ALICIA CHACON ELEMENTARY,COUNTY ATTORNEY,,JO ANNE BERNAL,DEM,392,5,396,0,793,397,396
El Paso,148-ALICIA CHACON ELEMENTARY,SHERIFF,,RICHARD D. WILES,DEM,393,5,401,0,799,398,401
El Paso,148-ALICIA CHACON ELEMENTARY,COUNTY TAX ASSESSOR COLLECTOR,,VICTOR A. FLORES,DEM,401,5,401,0,807,406,401
El Paso,148-ALICIA CHACON ELEMENTARY,"COUNTY COMMISSIONER, PRECINCT NO. 3",,FRED CHAVEZ,REP,83,1,76,0,160,84,76
El Paso,148-ALICIA CHACON ELEMENTARY,"COUNTY COMMISSIONER, PRECINCT NO. 3",,VINCENT VINCE PEREZ,DEM,362,7,370,0,739,369,370
El Paso,148-ALICIA CHACON ELEMENTARY,"CONSTABLE, PRECINCT NO. 5",,MANNY LOPEZ,DEM,397,6,392,0,795,403,392
El Paso,149-VALLEY VIEW MIDDLE,"CITY OF EL PASO, PROPOSITION",,FOR (A FAVOR),NP,424,11,378,1,814,435,379
El Paso,149-VALLEY VIEW MIDDLE,"CITY OF EL PASO, PROPOSITION",,AGAINST (EN CONTRA),NP,134,1,93,0,228,135,93
El Paso,149-VALLEY VIEW MIDDLE,"CITY OF EL PASO, PROPOSITION",,FOR (A FAVOR),NP,385,8,342,1,736,393,343
El Paso,149-VALLEY VIEW MIDDLE,"CITY OF EL PASO, PROPOSITION",,AGAINST (EN CONTRA),NP,133,4,115,0,252,137,115
El Paso,149-VALLEY VIEW MIDDLE,"CITY OF EL PASO, PROPOSITION",,FOR (A FAVOR),NP,307,4,267,1,579,311,268
El Paso,149-VALLEY VIEW MIDDLE,"CITY OF EL PASO, PROPOSITION",,AGAINST (EN CONTRA),NP,223,8,195,0,426,231,195
El Paso,149-VALLEY VIEW MIDDLE,STRAIGHT PARTY,,REPUBLICAN,REP,52,6,49,0,107,58,49
El Paso,149-VALLEY VIEW MIDDLE,STRAIGHT PARTY,,DEMOCRAT,DEM,338,3,307,1,649,341,308
El Paso,149-VALLEY VIEW MIDDLE,STRAIGHT PARTY,,LIBERTARIAN,LIB,3,0,8,0,11,3,8
El Paso,149-VALLEY VIEW MIDDLE,STRAIGHT PARTY,,GREEN,GRN,1,0,2,0,3,1,2
El Paso,149-VALLEY VIEW MIDDLE,US PRESIDENT,,MITT ROMNEY,REP,95,9,87,0,191,104,87
El Paso,149-VALLEY VIEW MIDDLE,US PRESIDENT,,BARACK OBAMA,DEM,471,4,406,1,882,475,407
El Paso,149-VALLEY VIEW MIDDLE,US PRESIDENT,,GARY JOHNSON,LIB,5,0,8,0,13,5,8
El Paso,149-VALLEY VIEW MIDDLE,US PRESIDENT,,JILL STEIN,GRN,5,0,0,0,5,5,0
El Paso,149-VALLEY VIEW MIDDLE,US PRESIDENT,,WRITE-IN,NP,0,0,0,0,0,0,0
El Paso,149-VALLEY VIEW MIDDLE,US SENATOR,,TED CRUZ,REP,124,8,110,0,242,132,110
El Paso,149-VALLEY VIEW MIDDLE,US SENATOR,,PAUL SADLER,DEM,424,4,360,1,789,428,361
El Paso,149-VALLEY VIEW MIDDLE,US SENATOR,,JOHN JAY MYERS,LIB,6,0,13,0,19,6,13
El Paso,149-VALLEY VIEW MIDDLE,US SENATOR,,DAVID B. COLLINS,GRN,8,1,6,0,15,9,6
El Paso,149-VALLEY VIEW MIDDLE,US REP DISTRICT 16,,BARBARA CARRASCO,REP,98,8,100,0,206,106,100
El Paso,149-VALLEY VIEW MIDDLE,US REP DISTRICT 16,,BETO OROURKE,DEM,453,6,385,1,845,459,386
El Paso,149-VALLEY VIEW MIDDLE,US REP DISTRICT 16,,JUNART SODOY,LIB,15,0,15,0,30,15,15
El Paso,149-VALLEY VIEW MIDDLE,RAILROAD COMMISSIONER,,CHRISTI CRADDICK,REP,96,6,88,0,190,102,88
El Paso,149-VALLEY VIEW MIDDLE,RAILROAD COMMISSIONER,,DALE HENRY,DEM,417,4,364,1,786,421,365
El Paso,149-VALLEY VIEW MIDDLE,RAILROAD COMMISSIONER,,VIVEKANANDA (VIK) WA,LIB,10,0,15,0,25,10,15
El Paso,149-VALLEY VIEW MIDDLE,RAILROAD COMMISSIONER,,CHRIS KENNEDY,GRN,28,3,15,0,46,31,15
El Paso,149-VALLEY VIEW MIDDLE,RAILROAD COMMISSIONER,,BARRY SMITHERMAN,REP,117,5,118,0,240,122,118
El Paso,149-VALLEY VIEW MIDDLE,RAILROAD COMMISSIONER,,JAIME O. PEREZ,LIB,234,5,189,0,428,239,189
El Paso,149-VALLEY VIEW MIDDLE,RAILROAD COMMISSIONER,,JOSH WENDEL,GRN,33,1,39,0,73,34,39
El Paso,149-VALLEY VIEW MIDDLE,"JUSTICE, SUPREME COURT, PLACE 2",,DON WILLETT,REP,170,9,162,0,341,179,162
El Paso,149-VALLEY VIEW MIDDLE,"JUSTICE, SUPREME COURT, PLACE 2",,RS ROBERT KOELSCH,LIB,194,2,171,0,367,196,171
El Paso,149-VALLEY VIEW MIDDLE,"JUSTICE, SUPREME COURT, PLACE 4",,JOHN DEVINE,REP,147,8,147,0,302,155,147
El Paso,149-VALLEY VIEW MIDDLE,"JUSTICE, SUPREME COURT, PLACE 4",,TOM OXFORD,LIB,148,2,119,0,269,150,119
El Paso,149-VALLEY VIEW MIDDLE,"JUSTICE, SUPREME COURT, PLACE 4",,CHARLES E. WATERBURY,GRN,57,1,62,0,120,58,62
El Paso,149-VALLEY VIEW MIDDLE,"JUSTICE, SUPREME COURT, PLACE 6",,NATHAN HECHT,REP,85,6,76,0,167,91,76
El Paso,149-VALLEY VIEW MIDDLE,"JUSTICE, SUPREME COURT, PLACE 6",,MICHELE PETTY,DEM,438,4,381,1,824,442,382
El Paso,149-VALLEY VIEW MIDDLE,"JUSTICE, SUPREME COURT, PLACE 6",,MARK ASH,LIB,11,2,19,0,32,13,19
El Paso,149-VALLEY VIEW MIDDLE,"JUSTICE, SUPREME COURT, PLACE 6",,JIM CHISHOLM,GRN,12,1,5,0,18,13,5
El Paso,149-VALLEY VIEW MIDDLE,"PRESIDING JUDGE, COURT OF CRIMINAL APPEALS",,SHARON KELLER,REP,96,8,83,0,187,104,83
El Paso,149-VALLEY VIEW MIDDLE,"PRESIDING JUDGE, COURT OF CRIMINAL APPEALS",,KEITH HAMPTON,DEM,432,4,378,1,815,436,379
El Paso,149-VALLEY VIEW MIDDLE,"PRESIDING JUDGE, COURT OF CRIMINAL APPEALS",,LANCE STOTT,LIB,20,1,21,0,42,21,21
El Paso,149-VALLEY VIEW MIDDLE,"JUDGE, COURT OF CRIMINAL APPEALS, PLACE 7",,BARBARA PARKER HERVE,REP,166,8,169,0,343,174,169
El Paso,149-VALLEY VIEW MIDDLE,"JUDGE, COURT OF CRIMINAL APPEALS, PLACE 7",,MARK W. BENNETT,LIB,184,3,159,0,346,187,159
El Paso,149-VALLEY VIEW MIDDLE,"JUDGE, COURT OF CRIMINAL APPEALS, PLACE 8",,ELSA ALCALA,REP,189,7,175,0,371,196,175
El Paso,149-VALLEY VIEW MIDDLE,"JUDGE, COURT OF CRIMINAL APPEALS, PLACE 8",,WILLIAM BRYAN STRANG,LIB,162,4,150,0,316,166,150
El Paso,149-VALLEY VIEW MIDDLE,MEMBER STATE BOARD OF EDUCATION DISTRICT 1,,CARLOS CHARLIE GARZA,REP,105,8,90,0,203,113,90
El Paso,149-VALLEY VIEW MIDDLE,MEMBER STATE BOARD OF EDUCATION DISTRICT 1,,MARTHA M. DOMINGUEZ,DEM,458,6,394,1,859,464,395
El Paso,149-VALLEY VIEW MIDDLE,STATE SENATOR DISTRICT 29,,DAN CHAVEZ,REP,91,8,90,0,189,99,90
El Paso,149-VALLEY VIEW MIDDLE,STATE SENATOR DISTRICT 29,,JOSE R. RODRIGUEZ,DEM,474,5,395,1,875,479,396
El Paso,149-VALLEY VIEW MIDDLE,STATE REPRESENTATIVE DISTRICT 76,,NAOMI R. GONZALEZ,DEM,481,9,423,1,914,490,424
El Paso,149-VALLEY VIEW MIDDLE,"CHIEF JUSTICE, COURT OF APPEALS 8TH DISTRICT",,ANN CRAWFORD MCCLURE,DEM,472,9,420,1,902,481,421
El Paso,149-VALLEY VIEW MIDDLE,"JUSTICE, 8TH COURT OF APPEALS DISTRICT, PLACE 2",,CHRIS ANTCLIFF,REP,100,8,98,0,206,108,98
El Paso,149-VALLEY VIEW MIDDLE,"JUSTICE, 8TH COURT OF APPEALS DISTRICT, PLACE 2",,YVONNE RODRIGUEZ,DEM,461,5,387,1,854,466,388
El Paso,149-VALLEY VIEW MIDDLE,"JUSTICE, 8TH COURT OF APPEALS DISTRICT, PLACE 3",,GUADALUPE LUPE RIVER,DEM,470,7,416,1,894,477,417
El Paso,149-VALLEY VIEW MIDDLE,"DISTRICT JUDGE, 34TH JUDICIAL DISTRICT",,BILL MOODY,DEM,466,8,414,1,889,474,415
El Paso,149-VALLEY VIEW MIDDLE,"DISTRICT JUDGE, 41ST JUDICIAL DISTRICT",,ANNA PEREZ,DEM,466,8,413,1,888,474,414
El Paso,149-VALLEY VIEW MIDDLE,"DISTRICT JUDGE, 243RD JUDICIAL DISTRICT",,BILLY DON HICKS,REP,106,7,94,0,207,113,94
El Paso,149-VALLEY VIEW MIDDLE,"DISTRICT JUDGE, 243RD JUDICIAL DISTRICT",,LUIS AGUILAR,DEM,449,6,386,1,842,455,387
El Paso,149-VALLEY VIEW MIDDLE,"DISTRICT JUDGE, 346TH JUDICIAL DISTRICT",,ANGIE J. BARILL,DEM,474,8,415,1,898,482,416
El Paso,149-VALLEY VIEW MIDDLE,"DISTRICT JUDGE, 383RD JUDICIAL DISTRICT",,MIKE HERRERA,DEM,472,8,416,1,897,480,417
El Paso,149-VALLEY VIEW MIDDLE,"DISTRICT JUDGE, 384TH JUDICIAL DISTRICT",,PATRICK M. GARCIA,DEM,464,7,412,1,884,471,413
El Paso,149-VALLEY VIEW MIDDLE,"DISTRICT JUDGE, 388TH JUDICIAL DISTRICT",,LAURA STRATHMANN,DEM,466,7,417,1,891,473,418
El Paso,149-VALLEY VIEW MIDDLE,"DISTRICT JUDGE, 409TH JUDICIAL DISTRICT",,SAM MEDRANO JR,DEM,467,8,422,1,898,475,423
El Paso,149-VALLEY VIEW MIDDLE,"DISTRICT JUDGE, 448TH JUDICIAL DISTRICT",,SERGIO H. ENRIQUEZ,DEM,466,8,418,1,893,474,419
El Paso,149-VALLEY VIEW MIDDLE,"CRIMINAL DISTRICT JUDGE, COURT NO. 1",,DIANE NAVARRETE,DEM,465,7,415,1,888,472,416
El Paso,149-VALLEY VIEW MIDDLE,"FAMILY DISTRICT JUDGE, 65TH JUDICIAL DISTRICT",,YAHARA L. GUTIERREZ,DEM,472,8,416,1,897,480,417
El Paso,149-VALLEY VIEW MIDDLE,"DISTRICT ATTORNEY, 34TH JUDICIAL DISTRICT",,JAIME ESPARZA,DEM,474,8,422,1,905,482,423
El Paso,149-VALLEY VIEW MIDDLE,"JUDGE, COUNTY CRIMINAL COURT NO. 3",,CARLOS CARRASCO,DEM,459,8,412,1,880,467,413
El Paso,149-VALLEY VIEW MIDDLE,"JUDGE, COUNTY CRIMINAL COURT NO. 4",,JESUS HERRERA,DEM,465,7,414,1,887,472,415
El Paso,149-VALLEY VIEW MIDDLE,COUNTY ATTORNEY,,JO ANNE BERNAL,DEM,467,7,416,1,891,474,417
El Paso,149-VALLEY VIEW MIDDLE,SHERIFF,,RICHARD D. WILES,DEM,478,8,425,1,912,486,426
El Paso,149-VALLEY VIEW MIDDLE,COUNTY TAX ASSESSOR COLLECTOR,,VICTOR A. FLORES,DEM,476,8,416,1,901,484,417
El Paso,149-VALLEY VIEW MIDDLE,"COUNTY COMMISSIONER, PRECINCT NO. 3",,FRED CHAVEZ,REP,109,8,105,0,222,117,105
El Paso,149-VALLEY VIEW MIDDLE,"COUNTY COMMISSIONER, PRECINCT NO. 3",,VINCENT VINCE PEREZ,DEM,448,6,380,1,835,454,381
El Paso,149-VALLEY VIEW MIDDLE,"CONSTABLE, PRECINCT NO. 5",,MANNY LOPEZ,DEM,463,8,416,1,888,471,417
El Paso,150-ROBERT F KENNEDY PRE K,"CITY OF EL PASO, PROPOSITION",,FOR (A FAVOR),NP,285,4,240,0,529,289,240
El Paso,150-ROBERT F KENNEDY PRE K,"CITY OF EL PASO, PROPOSITION",,AGAINST (EN CONTRA),NP,85,2,72,0,159,87,72
El Paso,150-ROBERT F KENNEDY PRE K,"CITY OF EL PASO, PROPOSITION",,FOR (A FAVOR),NP,267,2,238,0,507,269,238
El Paso,150-ROBERT F KENNEDY PRE K,"CITY OF EL PASO, PROPOSITION",,AGAINST (EN CONTRA),NP,92,4,61,0,157,96,61
El Paso,150-ROBERT F KENNEDY PRE K,"CITY OF EL PASO, PROPOSITION",,FOR (A FAVOR),NP,209,1,202,0,412,210,202
El Paso,150-ROBERT F KENNEDY PRE K,"CITY OF EL PASO, PROPOSITION",,AGAINST (EN CONTRA),NP,157,5,109,0,271,162,109
El Paso,150-ROBERT F KENNEDY PRE K,STRAIGHT PARTY,,REPUBLICAN,REP,31,1,39,0,71,32,39
El Paso,150-ROBERT F KENNEDY PRE K,STRAIGHT PARTY,,DEMOCRAT,DEM,227,5,216,0,448,232,216
El Paso,150-ROBERT F KENNEDY PRE K,STRAIGHT PARTY,,LIBERTARIAN,LIB,2,0,3,0,5,2,3
El Paso,150-ROBERT F KENNEDY PRE K,STRAIGHT PARTY,,GREEN,GRN,3,0,1,0,4,3,1
El Paso,150-ROBERT F KENNEDY PRE K,US PRESIDENT,,MITT ROMNEY,REP,67,2,64,0,133,69,64
El Paso,150-ROBERT F KENNEDY PRE K,US PRESIDENT,,BARACK OBAMA,DEM,315,6,268,0,589,321,268
El Paso,150-ROBERT F KENNEDY PRE K,US PRESIDENT,,GARY JOHNSON,LIB,3,0,4,0,7,3,4
El Paso,150-ROBERT F KENNEDY PRE K,US PRESIDENT,,JILL STEIN,GRN,2,0,3,0,5,2,3
El Paso,150-ROBERT F KENNEDY PRE K,US PRESIDENT,,WRITE-IN,NP,0,0,0,0,0,0,0
El Paso,150-ROBERT F KENNEDY PRE K,US SENATOR,,TED CRUZ,REP,77,2,73,0,152,79,73
El Paso,150-ROBERT F KENNEDY PRE K,US SENATOR,,PAUL SADLER,DEM,290,6,248,0,544,296,248
El Paso,150-ROBERT F KENNEDY PRE K,US SENATOR,,JOHN JAY MYERS,LIB,7,0,6,0,13,7,6
El Paso,150-ROBERT F KENNEDY PRE K,US SENATOR,,DAVID B. COLLINS,GRN,10,0,4,0,14,10,4
El Paso,150-ROBERT F KENNEDY PRE K,US REP DISTRICT 16,,BARBARA CARRASCO,REP,74,2,70,0,146,76,70
El Paso,150-ROBERT F KENNEDY PRE K,US REP DISTRICT 16,,BETO OROURKE,DEM,305,6,259,0,570,311,259
El Paso,150-ROBERT F KENNEDY PRE K,US REP DISTRICT 16,,JUNART SODOY,LIB,10,0,5,0,15,10,5
El Paso,150-ROBERT F KENNEDY PRE K,RAILROAD COMMISSIONER,,CHRISTI CRADDICK,REP,59,3,56,0,118,62,56
El Paso,150-ROBERT F KENNEDY PRE K,RAILROAD COMMISSIONER,,DALE HENRY,DEM,297,5,252,0,554,302,252
El Paso,150-ROBERT F KENNEDY PRE K,RAILROAD COMMISSIONER,,VIVEKANANDA (VIK) WA,LIB,6,0,3,0,9,6,3
El Paso,150-ROBERT F KENNEDY PRE K,RAILROAD COMMISSIONER,,CHRIS KENNEDY,GRN,14,0,13,0,27,14,13
El Paso,150-ROBERT F KENNEDY PRE K,RAILROAD COMMISSIONER,,BARRY SMITHERMAN,REP,73,1,76,0,150,74,76
El Paso,150-ROBERT F KENNEDY PRE K,RAILROAD COMMISSIONER,,JAIME O. PEREZ,LIB,157,2,119,0,278,159,119
El Paso,150-ROBERT F KENNEDY PRE K,RAILROAD COMMISSIONER,,JOSH WENDEL,GRN,26,0,27,0,53,26,27
El Paso,150-ROBERT F KENNEDY PRE K,"JUSTICE, SUPREME COURT, PLACE 2",,DON WILLETT,REP,106,2,104,0,212,108,104
El Paso,150-ROBERT F KENNEDY PRE K,"JUSTICE, SUPREME COURT, PLACE 2",,RS ROBERT KOELSCH,LIB,130,1,113,0,244,131,113
El Paso,150-ROBERT F KENNEDY PRE K,"JUSTICE, SUPREME COURT, PLACE 4",,JOHN DEVINE,REP,100,2,97,0,199,102,97
El Paso,150-ROBERT F KENNEDY PRE K,"JUSTICE, SUPREME COURT, PLACE 4",,TOM OXFORD,LIB,97,1,81,0,179,98,81
El Paso,150-ROBERT F KENNEDY PRE K,"JUSTICE, SUPREME COURT, PLACE 4",,CHARLES E. WATERBURY,GRN,40,0,39,0,79,40,39
El Paso,150-ROBERT F KENNEDY PRE K,"JUSTICE, SUPREME COURT, PLACE 6",,NATHAN HECHT,REP,58,2,53,0,113,60,53
El Paso,150-ROBERT F KENNEDY PRE K,"JUSTICE, SUPREME COURT, PLACE 6",,MICHELE PETTY,DEM,297,6,256,0,559,303,256
El Paso,150-ROBERT F KENNEDY PRE K,"JUSTICE, SUPREME COURT, PLACE 6",,MARK ASH,LIB,12,0,9,0,21,12,9
El Paso,150-ROBERT F KENNEDY PRE K,"JUSTICE, SUPREME COURT, PLACE 6",,JIM CHISHOLM,GRN,9,0,5,0,14,9,5
El Paso,150-ROBERT F KENNEDY PRE K,"PRESIDING JUDGE, COURT OF CRIMINAL APPEALS",,SHARON KELLER,REP,69,2,61,0,132,71,61
El Paso,150-ROBERT F KENNEDY PRE K,"PRESIDING JUDGE, COURT OF CRIMINAL APPEALS",,KEITH HAMPTON,DEM,297,6,251,0,554,303,251
El Paso,150-ROBERT F KENNEDY PRE K,"PRESIDING JUDGE, COURT OF CRIMINAL APPEALS",,LANCE STOTT,LIB,13,0,8,0,21,13,8
El Paso,150-ROBERT F KENNEDY PRE K,"JUDGE, COURT OF CRIMINAL APPEALS, PLACE 7",,BARBARA PARKER HERVE,REP,114,3,104,0,221,117,104
El Paso,150-ROBERT F KENNEDY PRE K,"JUDGE, COURT OF CRIMINAL APPEALS, PLACE 7",,MARK W. BENNETT,LIB,127,0,106,0,233,127,106
El Paso,150-ROBERT F KENNEDY PRE K,"JUDGE, COURT OF CRIMINAL APPEALS, PLACE 8",,ELSA ALCALA,REP,128,3,118,0,249,131,118
El Paso,150-ROBERT F KENNEDY PRE K,"JUDGE, COURT OF CRIMINAL APPEALS, PLACE 8",,WILLIAM BRYAN STRANG,LIB,106,0,93,0,199,106,93
El Paso,150-ROBERT F KENNEDY PRE K,MEMBER STATE BOARD OF EDUCATION DISTRICT 1,,CARLOS CHARLIE GARZA,REP,70,2,62,0,134,72,62
El Paso,150-ROBERT F KENNEDY PRE K,MEMBER STATE BOARD OF EDUCATION DISTRICT 1,,MARTHA M. DOMINGUEZ,DEM,307,6,265,0,578,313,265
El Paso,150-ROBERT F KENNEDY PRE K,STATE SENATOR DISTRICT 29,,DAN CHAVEZ,REP,60,1,56,0,117,61,56
El Paso,150-ROBERT F KENNEDY PRE K,STATE SENATOR DISTRICT 29,,JOSE R. RODRIGUEZ,DEM,326,7,270,0,603,333,270
El Paso,150-ROBERT F KENNEDY PRE K,STATE REPRESENTATIVE DISTRICT 76,,NAOMI R. GONZALEZ,DEM,330,7,277,0,614,337,277
El Paso,150-ROBERT F KENNEDY PRE K,"CHIEF JUSTICE, COURT OF APPEALS 8TH DISTRICT",,ANN CRAWFORD MCCLURE,DEM,332,7,274,0,613,339,274
El Paso,150-ROBERT F KENNEDY PRE K,"JUSTICE, 8TH COURT OF APPEALS DISTRICT, PLACE 2",,CHRIS ANTCLIFF,REP,68,1,57,0,126,69,57
El Paso,150-ROBERT F KENNEDY PRE K,"JUSTICE, 8TH COURT OF APPEALS DISTRICT, PLACE 2",,YVONNE RODRIGUEZ,DEM,314,7,268,0,589,321,268
El Paso,150-ROBERT F KENNEDY PRE K,"JUSTICE, 8TH COURT OF APPEALS DISTRICT, PLACE 3",,GUADALUPE LUPE RIVER,DEM,334,7,269,0,610,341,269
El Paso,150-ROBERT F KENNEDY PRE K,"DISTRICT JUDGE, 34TH JUDICIAL DISTRICT",,BILL MOODY,DEM,336,7,278,0,621,343,278
El Paso,150-ROBERT F KENNEDY PRE K,"DISTRICT JUDGE, 41ST JUDICIAL DISTRICT",,ANNA PEREZ,DEM,330,7,269,0,606,337,269
El Paso,150-ROBERT F KENNEDY PRE K,"DISTRICT JUDGE, 243RD JUDICIAL DISTRICT",,BILLY DON HICKS,REP,80,2,59,0,141,82,59
El Paso,150-ROBERT F KENNEDY PRE K,"DISTRICT JUDGE, 243RD JUDICIAL DISTRICT",,LUIS AGUILAR,DEM,301,6,269,0,576,307,269
El Paso,150-ROBERT F KENNEDY PRE K,"DISTRICT JUDGE, 346TH JUDICIAL DISTRICT",,ANGIE J. BARILL,DEM,332,7,274,0,613,339,274
El Paso,150-ROBERT F KENNEDY PRE K,"DISTRICT JUDGE, 383RD JUDICIAL DISTRICT",,MIKE HERRERA,DEM,333,7,276,0,616,340,276
El Paso,150-ROBERT F KENNEDY PRE K,"DISTRICT JUDGE, 384TH JUDICIAL DISTRICT",,PATRICK M. GARCIA,DEM,329,7,274,0,610,336,274
El Paso,150-ROBERT F KENNEDY PRE K,"DISTRICT JUDGE, 388TH JUDICIAL DISTRICT",,LAURA STRATHMANN,DEM,335,7,276,0,618,342,276
El Paso,150-ROBERT F KENNEDY PRE K,"DISTRICT JUDGE, 409TH JUDICIAL DISTRICT",,SAM MEDRANO JR,DEM,329,7,278,0,614,336,278
El Paso,150-ROBERT F KENNEDY PRE K,"DISTRICT JUDGE, 448TH JUDICIAL DISTRICT",,SERGIO H. ENRIQUEZ,DEM,337,7,277,0,621,344,277
El Paso,150-ROBERT F KENNEDY PRE K,"CRIMINAL DISTRICT JUDGE, COURT NO. 1",,DIANE NAVARRETE,DEM,331,7,275,0,613,338,275
El Paso,150-ROBERT F KENNEDY PRE K,"FAMILY DISTRICT JUDGE, 65TH JUDICIAL DISTRICT",,YAHARA L. GUTIERREZ,DEM,331,7,281,0,619,338,281
El Paso,150-ROBERT F KENNEDY PRE K,"DISTRICT ATTORNEY, 34TH JUDICIAL DISTRICT",,JAIME ESPARZA,DEM,324,7,281,0,612,331,281
El Paso,150-ROBERT F KENNEDY PRE K,"JUDGE, COUNTY CRIMINAL COURT NO. 3",,CARLOS CARRASCO,DEM,329,7,275,0,611,336,275
El Paso,150-ROBERT F KENNEDY PRE K,"JUDGE, COUNTY CRIMINAL COURT NO. 4",,JESUS HERRERA,DEM,326,7,277,0,610,333,277
El Paso,150-ROBERT F KENNEDY PRE K,COUNTY ATTORNEY,,JO ANNE BERNAL,DEM,330,7,277,0,614,337,277
El Paso,150-ROBERT F KENNEDY PRE K,SHERIFF,,RICHARD D. WILES,DEM,338,7,278,0,623,345,278
El Paso,150-ROBERT F KENNEDY PRE K,COUNTY TAX ASSESSOR COLLECTOR,,VICTOR A. FLORES,DEM,332,7,281,0,620,339,281
El Paso,150-ROBERT F KENNEDY PRE K,"COUNTY COMMISSIONER, PRECINCT NO. 3",,FRED CHAVEZ,REP,81,2,70,0,153,83,70
El Paso,150-ROBERT F KENNEDY PRE K,"COUNTY COMMISSIONER, PRECINCT NO. 3",,VINCENT VINCE PEREZ,DEM,300,6,258,0,564,306,258
El Paso,150-ROBERT F KENNEDY PRE K,"CONSTABLE, PRECINCT NO. 5",,MANNY LOPEZ,DEM,336,7,274,0,617,343,274
El Paso,151-CAPRISTANO ELEMENTARY,"CITY OF EL PASO, PROPOSITION",,FOR (A FAVOR),NP,263,5,333,1,602,268,334
El Paso,151-CAPRISTANO ELEMENTARY,"CITY OF EL PASO, PROPOSITION",,AGAINST (EN CONTRA),NP,79,2,74,0,155,81,74
El Paso,151-CAPRISTANO ELEMENTARY,"CITY OF EL PASO, PROPOSITION",,FOR (A FAVOR),NP,250,4,301,1,556,254,302
El Paso,151-CAPRISTANO ELEMENTARY,"CITY OF EL PASO, PROPOSITION",,AGAINST (EN CONTRA),NP,68,3,85,0,156,71,85
El Paso,151-CAPRISTANO ELEMENTARY,"CITY OF EL PASO, PROPOSITION",,FOR (A FAVOR),NP,187,1,224,1,413,188,225
El Paso,151-CAPRISTANO ELEMENTARY,"CITY OF EL PASO, PROPOSITION",,AGAINST (EN CONTRA),NP,148,5,172,0,325,153,172
El Paso,151-CAPRISTANO ELEMENTARY,STRAIGHT PARTY,,REPUBLICAN,REP,31,1,27,1,60,32,28
El Paso,151-CAPRISTANO ELEMENTARY,STRAIGHT PARTY,,DEMOCRAT,DEM,258,4,301,0,563,262,301
El Paso,151-CAPRISTANO ELEMENTARY,STRAIGHT PARTY,,LIBERTARIAN,LIB,1,0,5,0,6,1,5
El Paso,151-CAPRISTANO ELEMENTARY,STRAIGHT PARTY,,GREEN,GRN,1,1,3,0,5,2,3
El Paso,151-CAPRISTANO ELEMENTARY,US PRESIDENT,,MITT ROMNEY,REP,50,3,48,0,101,53,48
El Paso,151-CAPRISTANO ELEMENTARY,US PRESIDENT,,BARACK OBAMA,DEM,313,5,364,0,682,318,364
El Paso,151-CAPRISTANO ELEMENTARY,US PRESIDENT,,GARY JOHNSON,LIB,2,0,1,0,3,2,1
El Paso,151-CAPRISTANO ELEMENTARY,US PRESIDENT,,JILL STEIN,GRN,0,1,2,0,3,1,2
El Paso,151-CAPRISTANO ELEMENTARY,US PRESIDENT,,WRITE-IN,NP,0,0,0,0,0,0,0
El Paso,151-CAPRISTANO ELEMENTARY,US SENATOR,,TED CRUZ,REP,67,4,54,1,126,71,55
El Paso,151-CAPRISTANO ELEMENTARY,US SENATOR,,PAUL SADLER,DEM,291,5,346,0,642,296,346
El Paso,151-CAPRISTANO ELEMENTARY,US SENATOR,,JOHN JAY MYERS,LIB,5,0,5,0,10,5,5
El Paso,151-CAPRISTANO ELEMENTARY,US SENATOR,,DAVID B. COLLINS,GRN,0,0,6,0,6,0,6
El Paso,151-CAPRISTANO ELEMENTARY,US REP DISTRICT 16,,BARBARA CARRASCO,REP,60,4,66,1,131,64,67
El Paso,151-CAPRISTANO ELEMENTARY,US REP DISTRICT 16,,BETO OROURKE,DEM,302,5,347,0,654,307,347
El Paso,151-CAPRISTANO ELEMENTARY,US REP DISTRICT 16,,JUNART SODOY,LIB,4,0,3,0,7,4,3
El Paso,151-CAPRISTANO ELEMENTARY,RAILROAD COMMISSIONER,,CHRISTI CRADDICK,REP,52,3,53,1,109,55,54
El Paso,151-CAPRISTANO ELEMENTARY,RAILROAD COMMISSIONER,,DALE HENRY,DEM,296,3,340,0,639,299,340
El Paso,151-CAPRISTANO ELEMENTARY,RAILROAD COMMISSIONER,,VIVEKANANDA (VIK) WA,LIB,2,0,6,0,8,2,6
El Paso,151-CAPRISTANO ELEMENTARY,RAILROAD COMMISSIONER,,CHRIS KENNEDY,GRN,11,1,11,0,23,12,11
El Paso,151-CAPRISTANO ELEMENTARY,RAILROAD COMMISSIONER,,BARRY SMITHERMAN,REP,66,1,79,1,147,67,80
El Paso,151-CAPRISTANO ELEMENTARY,RAILROAD COMMISSIONER,,JAIME O. PEREZ,LIB,136,2,166,0,304,138,166
El Paso,151-CAPRISTANO ELEMENTARY,RAILROAD COMMISSIONER,,JOSH WENDEL,GRN,17,1,33,0,51,18,33
El Paso,151-CAPRISTANO ELEMENTARY,"JUSTICE, SUPREME COURT, PLACE 2",,DON WILLETT,REP,113,3,111,1,228,116,112
El Paso,151-CAPRISTANO ELEMENTARY,"JUSTICE, SUPREME COURT, PLACE 2",,RS ROBERT KOELSCH,LIB,103,1,155,0,259,104,155
El Paso,151-CAPRISTANO ELEMENTARY,"JUSTICE, SUPREME COURT, PLACE 4",,JOHN DEVINE,REP,87,3,100,1,191,90,101
El Paso,151-CAPRISTANO ELEMENTARY,"JUSTICE, SUPREME COURT, PLACE 4",,TOM OXFORD,LIB,90,0,121,0,211,90,121
El Paso,151-CAPRISTANO ELEMENTARY,"JUSTICE, SUPREME COURT, PLACE 4",,CHARLES E. WATERBURY,GRN,35,1,40,0,76,36,40
El Paso,151-CAPRISTANO ELEMENTARY,"JUSTICE, SUPREME COURT, PLACE 6",,NATHAN HECHT,REP,50,2,45,1,98,52,46
El Paso,151-CAPRISTANO ELEMENTARY,"JUSTICE, SUPREME COURT, PLACE 6",,MICHELE PETTY,DEM,299,4,342,0,645,303,342
El Paso,151-CAPRISTANO ELEMENTARY,"JUSTICE, SUPREME COURT, PLACE 6",,MARK ASH,LIB,5,0,14,0,19,5,14
El Paso,151-CAPRISTANO ELEMENTARY,"JUSTICE, SUPREME COURT, PLACE 6",,JIM CHISHOLM,GRN,7,1,6,0,14,8,6
El Paso,151-CAPRISTANO ELEMENTARY,"PRESIDING JUDGE, COURT OF CRIMINAL APPEALS",,SHARON KELLER,REP,54,3,48,1,106,57,49
El Paso,151-CAPRISTANO ELEMENTARY,"PRESIDING JUDGE, COURT OF CRIMINAL APPEALS",,KEITH HAMPTON,DEM,296,4,344,0,644,300,344
El Paso,151-CAPRISTANO ELEMENTARY,"PRESIDING JUDGE, COURT OF CRIMINAL APPEALS",,LANCE STOTT,LIB,7,0,14,0,21,7,14
El Paso,151-CAPRISTANO ELEMENTARY,"JUDGE, COURT OF CRIMINAL APPEALS, PLACE 7",,BARBARA PARKER HERVE,REP,109,4,128,1,242,113,129
El Paso,151-CAPRISTANO ELEMENTARY,"JUDGE, COURT OF CRIMINAL APPEALS, PLACE 7",,MARK W. BENNETT,LIB,105,0,135,0,240,105,135
El Paso,151-CAPRISTANO ELEMENTARY,"JUDGE, COURT OF CRIMINAL APPEALS, PLACE 8",,ELSA ALCALA,REP,118,4,146,1,269,122,147
El Paso,151-CAPRISTANO ELEMENTARY,"JUDGE, COURT OF CRIMINAL APPEALS, PLACE 8",,WILLIAM BRYAN STRANG,LIB,92,0,117,0,209,92,117
El Paso,151-CAPRISTANO ELEMENTARY,MEMBER STATE BOARD OF EDUCATION DISTRICT 1,,CARLOS CHARLIE GARZA,REP,56,3,50,1,110,59,51
El Paso,151-CAPRISTANO ELEMENTARY,MEMBER STATE BOARD OF EDUCATION DISTRICT 1,,MARTHA M. DOMINGUEZ,DEM,306,5,360,0,671,311,360
El Paso,151-CAPRISTANO ELEMENTARY,STATE SENATOR DISTRICT 29,,DAN CHAVEZ,REP,50,2,50,1,103,52,51
El Paso,151-CAPRISTANO ELEMENTARY,STATE SENATOR DISTRICT 29,,JOSE R. RODRIGUEZ,DEM,317,6,360,0,683,323,360
El Paso,151-CAPRISTANO ELEMENTARY,STATE REPRESENTATIVE DISTRICT 76,,NAOMI R. GONZALEZ,DEM,330,6,377,1,714,336,378
El Paso,151-CAPRISTANO ELEMENTARY,"CHIEF JUSTICE, COURT OF APPEALS 8TH DISTRICT",,ANN CRAWFORD MCCLURE,DEM,323,5,373,1,702,328,374
El Paso,151-CAPRISTANO ELEMENTARY,"JUSTICE, 8TH COURT OF APPEALS DISTRICT, PLACE 2",,CHRIS ANTCLIFF,REP,52,1,52,1,106,53,53
El Paso,151-CAPRISTANO ELEMENTARY,"JUSTICE, 8TH COURT OF APPEALS DISTRICT, PLACE 2",,YVONNE RODRIGUEZ,DEM,311,6,350,0,667,317,350
El Paso,151-CAPRISTANO ELEMENTARY,"JUSTICE, 8TH COURT OF APPEALS DISTRICT, PLACE 3",,GUADALUPE LUPE RIVER,DEM,330,6,376,1,713,336,377
El Paso,151-CAPRISTANO ELEMENTARY,"DISTRICT JUDGE, 34TH JUDICIAL DISTRICT",,BILL MOODY,DEM,325,5,374,1,705,330,375
El Paso,151-CAPRISTANO ELEMENTARY,"DISTRICT JUDGE, 41ST JUDICIAL DISTRICT",,ANNA PEREZ,DEM,327,5,376,1,709,332,377
El Paso,151-CAPRISTANO ELEMENTARY,"DISTRICT JUDGE, 243RD JUDICIAL DISTRICT",,BILLY DON HICKS,REP,59,2,49,0,110,61,49
El Paso,151-CAPRISTANO ELEMENTARY,"DISTRICT JUDGE, 243RD JUDICIAL DISTRICT",,LUIS AGUILAR,DEM,303,6,356,0,665,309,356
El Paso,151-CAPRISTANO ELEMENTARY,"DISTRICT JUDGE, 346TH JUDICIAL DISTRICT",,ANGIE J. BARILL,DEM,329,6,373,1,709,335,374
El Paso,151-CAPRISTANO ELEMENTARY,"DISTRICT JUDGE, 383RD JUDICIAL DISTRICT",,MIKE HERRERA,DEM,330,6,373,1,710,336,374
El Paso,151-CAPRISTANO ELEMENTARY,"DISTRICT JUDGE, 384TH JUDICIAL DISTRICT",,PATRICK M. GARCIA,DEM,327,6,371,1,705,333,372
El Paso,151-CAPRISTANO ELEMENTARY,"DISTRICT JUDGE, 388TH JUDICIAL DISTRICT",,LAURA STRATHMANN,DEM,330,6,366,1,703,336,367
El Paso,151-CAPRISTANO ELEMENTARY,"DISTRICT JUDGE, 409TH JUDICIAL DISTRICT",,SAM MEDRANO JR,DEM,324,5,369,0,698,329,369
El Paso,151-CAPRISTANO ELEMENTARY,"DISTRICT JUDGE, 448TH JUDICIAL DISTRICT",,SERGIO H. ENRIQUEZ,DEM,328,5,370,1,704,333,371
El Paso,151-CAPRISTANO ELEMENTARY,"CRIMINAL DISTRICT JUDGE, COURT NO. 1",,DIANE NAVARRETE,DEM,328,5,370,1,704,333,371
El Paso,151-CAPRISTANO ELEMENTARY,"FAMILY DISTRICT JUDGE, 65TH JUDICIAL DISTRICT",,YAHARA L. GUTIERREZ,DEM,327,5,372,1,705,332,373
El Paso,151-CAPRISTANO ELEMENTARY,"DISTRICT ATTORNEY, 34TH JUDICIAL DISTRICT",,JAIME ESPARZA,DEM,325,6,372,1,704,331,373
El Paso,151-CAPRISTANO ELEMENTARY,"JUDGE, COUNTY CRIMINAL COURT NO. 3",,CARLOS CARRASCO,DEM,324,5,372,1,702,329,373
El Paso,151-CAPRISTANO ELEMENTARY,"JUDGE, COUNTY CRIMINAL COURT NO. 4",,JESUS HERRERA,DEM,323,6,369,1,699,329,370
El Paso,151-CAPRISTANO ELEMENTARY,COUNTY ATTORNEY,,JO ANNE BERNAL,DEM,322,6,373,1,702,328,374
El Paso,151-CAPRISTANO ELEMENTARY,SHERIFF,,RICHARD D. WILES,DEM,324,6,373,1,704,330,374
El Paso,151-CAPRISTANO ELEMENTARY,COUNTY TAX ASSESSOR COLLECTOR,,VICTOR A. FLORES,DEM,326,6,374,1,707,332,375
El Paso,151-CAPRISTANO ELEMENTARY,"COUNTY COMMISSIONER, PRECINCT NO. 3",,FRED CHAVEZ,REP,61,3,62,1,127,64,63
El Paso,151-CAPRISTANO ELEMENTARY,"COUNTY COMMISSIONER, PRECINCT NO. 3",,VINCENT VINCE PEREZ,DEM,300,5,338,0,643,305,338
El Paso,151-CAPRISTANO ELEMENTARY,"CONSTABLE, PRECINCT NO. 5",,MANNY LOPEZ,DEM,323,5,372,1,701,328,373
El Paso,152-LEBARRON PARK ELEMENTARY,"CITY OF EL PASO, PROPOSITION",,FOR (A FAVOR),NP,227,1,274,0,502,228,274
El Paso,152-LEBARRON PARK ELEMENTARY,"CITY OF EL PASO, PROPOSITION",,AGAINST (EN CONTRA),NP,45,1,51,0,97,46,51
El Paso,152-LEBARRON PARK ELEMENTARY,"CITY OF EL PASO, PROPOSITION",,FOR (A FAVOR),NP,207,1,255,0,463,208,255
El Paso,152-LEBARRON PARK ELEMENTARY,"CITY OF EL PASO, PROPOSITION",,AGAINST (EN CONTRA),NP,61,1,55,0,117,62,55
El Paso,152-LEBARRON PARK ELEMENTARY,"CITY OF EL PASO, PROPOSITION",,FOR (A FAVOR),NP,157,1,204,0,362,158,204
El Paso,152-LEBARRON PARK ELEMENTARY,"CITY OF EL PASO, PROPOSITION",,AGAINST (EN CONTRA),NP,107,1,116,0,224,108,116
El Paso,152-LEBARRON PARK ELEMENTARY,STRAIGHT PARTY,,REPUBLICAN,REP,25,1,22,0,48,26,22
El Paso,152-LEBARRON PARK ELEMENTARY,STRAIGHT PARTY,,DEMOCRAT,DEM,210,1,250,0,461,211,250
El Paso,152-LEBARRON PARK ELEMENTARY,STRAIGHT PARTY,,LIBERTARIAN,LIB,0,0,2,0,2,0,2
El Paso,152-LEBARRON PARK ELEMENTARY,STRAIGHT PARTY,,GREEN,GRN,0,0,0,0,0,0,0
El Paso,152-LEBARRON PARK ELEMENTARY,US PRESIDENT,,MITT ROMNEY,REP,37,1,29,0,67,38,29
El Paso,152-LEBARRON PARK ELEMENTARY,US PRESIDENT,,BARACK OBAMA,DEM,253,1,298,0,552,254,298
El Paso,152-LEBARRON PARK ELEMENTARY,US PRESIDENT,,GARY JOHNSON,LIB,1,0,1,0,2,1,1
El Paso,152-LEBARRON PARK ELEMENTARY,US PRESIDENT,,JILL STEIN,GRN,0,0,2,0,2,0,2
El Paso,152-LEBARRON PARK ELEMENTARY,US PRESIDENT,,WRITE-IN,NP,0,0,0,0,0,0,0
El Paso,152-LEBARRON PARK ELEMENTARY,US SENATOR,,TED CRUZ,REP,45,1,45,0,91,46,45
El Paso,152-LEBARRON PARK ELEMENTARY,US SENATOR,,PAUL SADLER,DEM,232,1,275,0,508,233,275
El Paso,152-LEBARRON PARK ELEMENTARY,US SENATOR,,JOHN JAY MYERS,LIB,6,0,5,0,11,6,5
El Paso,152-LEBARRON PARK ELEMENTARY,US SENATOR,,DAVID B. COLLINS,GRN,2,0,0,0,2,2,0
El Paso,152-LEBARRON PARK ELEMENTARY,US REP DISTRICT 16,,BARBARA CARRASCO,REP,41,1,40,0,82,42,40
El Paso,152-LEBARRON PARK ELEMENTARY,US REP DISTRICT 16,,BETO OROURKE,DEM,247,1,284,0,532,248,284
El Paso,152-LEBARRON PARK ELEMENTARY,US REP DISTRICT 16,,JUNART SODOY,LIB,1,0,7,0,8,1,7
El Paso,152-LEBARRON PARK ELEMENTARY,RAILROAD COMMISSIONER,,CHRISTI CRADDICK,REP,29,1,37,0,67,30,37
El Paso,152-LEBARRON PARK ELEMENTARY,RAILROAD COMMISSIONER,,DALE HENRY,DEM,243,1,281,0,525,244,281
El Paso,152-LEBARRON PARK ELEMENTARY,RAILROAD COMMISSIONER,,VIVEKANANDA (VIK) WA,LIB,5,0,2,0,7,5,2
El Paso,152-LEBARRON PARK ELEMENTARY,RAILROAD COMMISSIONER,,CHRIS KENNEDY,GRN,8,0,5,0,13,8,5
El Paso,152-LEBARRON PARK ELEMENTARY,RAILROAD COMMISSIONER,,BARRY SMITHERMAN,REP,49,2,58,0,109,51,58
El Paso,152-LEBARRON PARK ELEMENTARY,RAILROAD COMMISSIONER,,JAIME O. PEREZ,LIB,125,0,155,0,280,125,155
El Paso,152-LEBARRON PARK ELEMENTARY,RAILROAD COMMISSIONER,,JOSH WENDEL,GRN,17,0,23,0,40,17,23
El Paso,152-LEBARRON PARK ELEMENTARY,"JUSTICE, SUPREME COURT, PLACE 2",,DON WILLETT,REP,87,1,96,0,184,88,96
El Paso,152-LEBARRON PARK ELEMENTARY,"JUSTICE, SUPREME COURT, PLACE 2",,RS ROBERT KOELSCH,LIB,95,0,141,0,236,95,141
El Paso,152-LEBARRON PARK ELEMENTARY,"JUSTICE, SUPREME COURT, PLACE 4",,JOHN DEVINE,REP,70,1,77,0,148,71,77
El Paso,152-LEBARRON PARK ELEMENTARY,"JUSTICE, SUPREME COURT, PLACE 4",,TOM OXFORD,LIB,84,0,116,0,200,84,116
El Paso,152-LEBARRON PARK ELEMENTARY,"JUSTICE, SUPREME COURT, PLACE 4",,CHARLES E. WATERBURY,GRN,28,0,34,0,62,28,34
El Paso,152-LEBARRON PARK ELEMENTARY,"JUSTICE, SUPREME COURT, PLACE 6",,NATHAN HECHT,REP,33,1,30,0,64,34,30
El Paso,152-LEBARRON PARK ELEMENTARY,"JUSTICE, SUPREME COURT, PLACE 6",,MICHELE PETTY,DEM,244,1,286,0,531,245,286
El Paso,152-LEBARRON PARK ELEMENTARY,"JUSTICE, SUPREME COURT, PLACE 6",,MARK ASH,LIB,6,0,4,0,10,6,4
El Paso,152-LEBARRON PARK ELEMENTARY,"JUSTICE, SUPREME COURT, PLACE 6",,JIM CHISHOLM,GRN,4,0,7,0,11,4,7
El Paso,152-LEBARRON PARK ELEMENTARY,"PRESIDING JUDGE, COURT OF CRIMINAL APPEALS",,SHARON KELLER,REP,34,1,40,0,75,35,40
El Paso,152-LEBARRON PARK ELEMENTARY,"PRESIDING JUDGE, COURT OF CRIMINAL APPEALS",,KEITH HAMPTON,DEM,247,1,276,0,524,248,276
El Paso,152-LEBARRON PARK ELEMENTARY,"PRESIDING JUDGE, COURT OF CRIMINAL APPEALS",,LANCE STOTT,LIB,4,0,10,0,14,4,10
El Paso,152-LEBARRON PARK ELEMENTARY,"JUDGE, COURT OF CRIMINAL APPEALS, PLACE 7",,BARBARA PARKER HERVE,REP,90,2,106,0,198,92,106
El Paso,152-LEBARRON PARK ELEMENTARY,"JUDGE, COURT OF CRIMINAL APPEALS, PLACE 7",,MARK W. BENNETT,LIB,93,0,130,0,223,93,130
El Paso,152-LEBARRON PARK ELEMENTARY,"JUDGE, COURT OF CRIMINAL APPEALS, PLACE 8",,ELSA ALCALA,REP,100,2,116,0,218,102,116
El Paso,152-LEBARRON PARK ELEMENTARY,"JUDGE, COURT OF CRIMINAL APPEALS, PLACE 8",,WILLIAM BRYAN STRANG,LIB,78,0,120,0,198,78,120
El Paso,152-LEBARRON PARK ELEMENTARY,MEMBER STATE BOARD OF EDUCATION DISTRICT 1,,CARLOS CHARLIE GARZA,REP,38,1,37,0,76,39,37
El Paso,152-LEBARRON PARK ELEMENTARY,MEMBER STATE BOARD OF EDUCATION DISTRICT 1,,MARTHA M. DOMINGUEZ,DEM,247,1,284,0,532,248,284
El Paso,152-LEBARRON PARK ELEMENTARY,STATE SENATOR DISTRICT 29,,DAN CHAVEZ,REP,36,1,32,0,69,37,32
El Paso,152-LEBARRON PARK ELEMENTARY,STATE SENATOR DISTRICT 29,,JOSE R. RODRIGUEZ,DEM,248,1,290,0,539,249,290
El Paso,152-LEBARRON PARK ELEMENTARY,STATE REPRESENTATIVE DISTRICT 76,,NAOMI R. GONZALEZ,DEM,259,1,300,0,560,260,300
El Paso,152-LEBARRON PARK ELEMENTARY,"CHIEF JUSTICE, COURT OF APPEALS 8TH DISTRICT",,ANN CRAWFORD MCCLURE,DEM,254,1,299,0,554,255,299
El Paso,152-LEBARRON PARK ELEMENTARY,"JUSTICE, 8TH COURT OF APPEALS DISTRICT, PLACE 2",,CHRIS ANTCLIFF,REP,38,1,37,0,76,39,37
El Paso,152-LEBARRON PARK ELEMENTARY,"JUSTICE, 8TH COURT OF APPEALS DISTRICT, PLACE 2",,YVONNE RODRIGUEZ,DEM,245,1,286,0,532,246,286
El Paso,152-LEBARRON PARK ELEMENTARY,"JUSTICE, 8TH COURT OF APPEALS DISTRICT, PLACE 3",,GUADALUPE LUPE RIVER,DEM,258,1,300,0,559,259,300
El Paso,152-LEBARRON PARK ELEMENTARY,"DISTRICT JUDGE, 34TH JUDICIAL DISTRICT",,BILL MOODY,DEM,255,1,299,0,555,256,299
El Paso,152-LEBARRON PARK ELEMENTARY,"DISTRICT JUDGE, 41ST JUDICIAL DISTRICT",,ANNA PEREZ,DEM,255,1,305,0,561,256,305
El Paso,152-LEBARRON PARK ELEMENTARY,"DISTRICT JUDGE, 243RD JUDICIAL DISTRICT",,BILLY DON HICKS,REP,45,1,32,0,78,46,32
El Paso,152-LEBARRON PARK ELEMENTARY,"DISTRICT JUDGE, 243RD JUDICIAL DISTRICT",,LUIS AGUILAR,DEM,236,1,295,0,532,237,295
El Paso,152-LEBARRON PARK ELEMENTARY,"DISTRICT JUDGE, 346TH JUDICIAL DISTRICT",,ANGIE J. BARILL,DEM,252,1,306,0,559,253,306
El Paso,152-LEBARRON PARK ELEMENTARY,"DISTRICT JUDGE, 383RD JUDICIAL DISTRICT",,MIKE HERRERA,DEM,254,1,301,0,556,255,301
El Paso,152-LEBARRON PARK ELEMENTARY,"DISTRICT JUDGE, 384TH JUDICIAL DISTRICT",,PATRICK M. GARCIA,DEM,254,1,304,0,559,255,304
El Paso,152-LEBARRON PARK ELEMENTARY,"DISTRICT JUDGE, 388TH JUDICIAL DISTRICT",,LAURA STRATHMANN,DEM,257,1,301,0,559,258,301
El Paso,152-LEBARRON PARK ELEMENTARY,"DISTRICT JUDGE, 409TH JUDICIAL DISTRICT",,SAM MEDRANO JR,DEM,254,1,299,0,554,255,299
El Paso,152-LEBARRON PARK ELEMENTARY,"DISTRICT JUDGE, 448TH JUDICIAL DISTRICT",,SERGIO H. ENRIQUEZ,DEM,257,1,301,0,559,258,301
El Paso,152-LEBARRON PARK ELEMENTARY,"CRIMINAL DISTRICT JUDGE, COURT NO. 1",,DIANE NAVARRETE,DEM,257,1,299,0,557,258,299
El Paso,152-LEBARRON PARK ELEMENTARY,"FAMILY DISTRICT JUDGE, 65TH JUDICIAL DISTRICT",,YAHARA L. GUTIERREZ,DEM,253,1,301,0,555,254,301
El Paso,152-LEBARRON PARK ELEMENTARY,"DISTRICT ATTORNEY, 34TH JUDICIAL DISTRICT",,JAIME ESPARZA,DEM,259,1,301,0,561,260,301
El Paso,152-LEBARRON PARK ELEMENTARY,"JUDGE, COUNTY CRIMINAL COURT NO. 3",,CARLOS CARRASCO,DEM,257,1,298,0,556,258,298
El Paso,152-LEBARRON PARK ELEMENTARY,"JUDGE, COUNTY CRIMINAL COURT NO. 4",,JESUS HERRERA,DEM,257,1,298,0,556,258,298
El Paso,152-LEBARRON PARK ELEMENTARY,COUNTY ATTORNEY,,JO ANNE BERNAL,DEM,253,1,296,0,550,254,296
El Paso,152-LEBARRON PARK ELEMENTARY,SHERIFF,,RICHARD D. WILES,DEM,261,1,303,0,565,262,303
El Paso,152-LEBARRON PARK ELEMENTARY,COUNTY TAX ASSESSOR COLLECTOR,,VICTOR A. FLORES,DEM,262,1,302,0,565,263,302
El Paso,152-LEBARRON PARK ELEMENTARY,"COUNTY COMMISSIONER, PRECINCT NO. 3",,FRED CHAVEZ,REP,37,1,40,0,78,38,40
El Paso,152-LEBARRON PARK ELEMENTARY,"COUNTY COMMISSIONER, PRECINCT NO. 3",,VINCENT VINCE PEREZ,DEM,247,1,284,0,532,248,284
El Paso,152-LEBARRON PARK ELEMENTARY,"CONSTABLE, PRECINCT NO. 5",,MANNY LOPEZ,DEM,255,1,299,0,555,256,299
El Paso,153-LANCASTER ELEMENTARY,"CITY OF EL PASO, PROPOSITION",,FOR (A FAVOR),NP,352,8,388,1,749,360,389
El Paso,153-LANCASTER ELEMENTARY,"CITY OF EL PASO, PROPOSITION",,AGAINST (EN CONTRA),NP,97,5,109,0,211,102,109
El Paso,153-LANCASTER ELEMENTARY,"CITY OF EL PASO, PROPOSITION",,FOR (A FAVOR),NP,315,7,365,1,688,322,366
El Paso,153-LANCASTER ELEMENTARY,"CITY OF EL PASO, PROPOSITION",,AGAINST (EN CONTRA),NP,107,5,115,0,227,112,115
El Paso,153-LANCASTER ELEMENTARY,"CITY OF EL PASO, PROPOSITION",,FOR (A FAVOR),NP,250,4,309,1,564,254,310
El Paso,153-LANCASTER ELEMENTARY,"CITY OF EL PASO, PROPOSITION",,AGAINST (EN CONTRA),NP,177,7,171,0,355,184,171
El Paso,153-LANCASTER ELEMENTARY,STRAIGHT PARTY,,REPUBLICAN,REP,33,3,66,0,102,36,66
El Paso,153-LANCASTER ELEMENTARY,STRAIGHT PARTY,,DEMOCRAT,DEM,288,5,296,1,590,293,297
El Paso,153-LANCASTER ELEMENTARY,STRAIGHT PARTY,,LIBERTARIAN,LIB,1,0,2,0,3,1,2
El Paso,153-LANCASTER ELEMENTARY,STRAIGHT PARTY,,GREEN,GRN,1,0,0,0,1,1,0
El Paso,153-LANCASTER ELEMENTARY,US PRESIDENT,,MITT ROMNEY,REP,67,4,99,0,170,71,99
El Paso,153-LANCASTER ELEMENTARY,US PRESIDENT,,BARACK OBAMA,DEM,392,8,408,1,809,400,409
El Paso,153-LANCASTER ELEMENTARY,US PRESIDENT,,GARY JOHNSON,LIB,2,0,2,0,4,2,2
El Paso,153-LANCASTER ELEMENTARY,US PRESIDENT,,JILL STEIN,GRN,1,1,3,0,5,2,3
El Paso,153-LANCASTER ELEMENTARY,US PRESIDENT,,WRITE-IN,NP,0,1,0,0,1,1,0
El Paso,153-LANCASTER ELEMENTARY,US SENATOR,,TED CRUZ,REP,79,4,118,0,201,83,118
El Paso,153-LANCASTER ELEMENTARY,US SENATOR,,PAUL SADLER,DEM,360,9,368,1,738,369,369
El Paso,153-LANCASTER ELEMENTARY,US SENATOR,,JOHN JAY MYERS,LIB,4,0,7,0,11,4,7
El Paso,153-LANCASTER ELEMENTARY,US SENATOR,,DAVID B. COLLINS,GRN,7,1,1,0,9,8,1
El Paso,153-LANCASTER ELEMENTARY,US REP DISTRICT 16,,BARBARA CARRASCO,REP,83,4,112,0,199,87,112
El Paso,153-LANCASTER ELEMENTARY,US REP DISTRICT 16,,BETO OROURKE,DEM,366,10,381,1,758,376,382
El Paso,153-LANCASTER ELEMENTARY,US REP DISTRICT 16,,JUNART SODOY,LIB,6,0,8,0,14,6,8
El Paso,153-LANCASTER ELEMENTARY,RAILROAD COMMISSIONER,,CHRISTI CRADDICK,REP,68,4,96,0,168,72,96
El Paso,153-LANCASTER ELEMENTARY,RAILROAD COMMISSIONER,,DALE HENRY,DEM,370,7,366,1,744,377,367
El Paso,153-LANCASTER ELEMENTARY,RAILROAD COMMISSIONER,,VIVEKANANDA (VIK) WA,LIB,6,0,7,0,13,6,7
El Paso,153-LANCASTER ELEMENTARY,RAILROAD COMMISSIONER,,CHRIS KENNEDY,GRN,8,2,17,0,27,10,17
El Paso,153-LANCASTER ELEMENTARY,RAILROAD COMMISSIONER,,BARRY SMITHERMAN,REP,85,4,122,0,211,89,122
El Paso,153-LANCASTER ELEMENTARY,RAILROAD COMMISSIONER,,JAIME O. PEREZ,LIB,185,1,223,1,410,186,224
El Paso,153-LANCASTER ELEMENTARY,RAILROAD COMMISSIONER,,JOSH WENDEL,GRN,39,2,34,0,75,41,34
El Paso,153-LANCASTER ELEMENTARY,"JUSTICE, SUPREME COURT, PLACE 2",,DON WILLETT,REP,130,3,174,1,308,133,175
El Paso,153-LANCASTER ELEMENTARY,"JUSTICE, SUPREME COURT, PLACE 2",,RS ROBERT KOELSCH,LIB,165,3,191,0,359,168,191
El Paso,153-LANCASTER ELEMENTARY,"JUSTICE, SUPREME COURT, PLACE 4",,JOHN DEVINE,REP,119,4,169,0,292,123,169
El Paso,153-LANCASTER ELEMENTARY,"JUSTICE, SUPREME COURT, PLACE 4",,TOM OXFORD,LIB,109,0,137,0,246,109,137
El Paso,153-LANCASTER ELEMENTARY,"JUSTICE, SUPREME COURT, PLACE 4",,CHARLES E. WATERBURY,GRN,55,3,52,1,111,58,53
El Paso,153-LANCASTER ELEMENTARY,"JUSTICE, SUPREME COURT, PLACE 6",,NATHAN HECHT,REP,62,3,85,0,150,65,85
El Paso,153-LANCASTER ELEMENTARY,"JUSTICE, SUPREME COURT, PLACE 6",,MICHELE PETTY,DEM,374,7,376,1,758,381,377
El Paso,153-LANCASTER ELEMENTARY,"JUSTICE, SUPREME COURT, PLACE 6",,MARK ASH,LIB,5,0,15,0,20,5,15
El Paso,153-LANCASTER ELEMENTARY,"JUSTICE, SUPREME COURT, PLACE 6",,JIM CHISHOLM,GRN,7,2,6,0,15,9,6
El Paso,153-LANCASTER ELEMENTARY,"PRESIDING JUDGE, COURT OF CRIMINAL APPEALS",,SHARON KELLER,REP,66,3,99,0,168,69,99
El Paso,153-LANCASTER ELEMENTARY,"PRESIDING JUDGE, COURT OF CRIMINAL APPEALS",,KEITH HAMPTON,DEM,371,8,374,1,754,379,375
El Paso,153-LANCASTER ELEMENTARY,"PRESIDING JUDGE, COURT OF CRIMINAL APPEALS",,LANCE STOTT,LIB,7,0,14,0,21,7,14
El Paso,153-LANCASTER ELEMENTARY,"JUDGE, COURT OF CRIMINAL APPEALS, PLACE 7",,BARBARA PARKER HERVE,REP,147,4,190,0,341,151,190
El Paso,153-LANCASTER ELEMENTARY,"JUDGE, COURT OF CRIMINAL APPEALS, PLACE 7",,MARK W. BENNETT,LIB,144,2,169,1,316,146,170
El Paso,153-LANCASTER ELEMENTARY,"JUDGE, COURT OF CRIMINAL APPEALS, PLACE 8",,ELSA ALCALA,REP,154,4,219,0,377,158,219
El Paso,153-LANCASTER ELEMENTARY,"JUDGE, COURT OF CRIMINAL APPEALS, PLACE 8",,WILLIAM BRYAN STRANG,LIB,129,2,138,1,270,131,139
El Paso,153-LANCASTER ELEMENTARY,MEMBER STATE BOARD OF EDUCATION DISTRICT 1,,CARLOS CHARLIE GARZA,REP,65,4,94,0,163,69,94
El Paso,153-LANCASTER ELEMENTARY,MEMBER STATE BOARD OF EDUCATION DISTRICT 1,,MARTHA M. DOMINGUEZ,DEM,378,7,400,1,786,385,401
El Paso,153-LANCASTER ELEMENTARY,STATE SENATOR DISTRICT 29,,DAN CHAVEZ,REP,68,4,83,0,155,72,83
El Paso,153-LANCASTER ELEMENTARY,STATE SENATOR DISTRICT 29,,JOSE R. RODRIGUEZ,DEM,383,8,412,1,804,391,413
El Paso,153-LANCASTER ELEMENTARY,STATE REPRESENTATIVE DISTRICT 76,,NAOMI R. GONZALEZ,DEM,397,9,428,1,835,406,429
El Paso,153-LANCASTER ELEMENTARY,"CHIEF JUSTICE, COURT OF APPEALS 8TH DISTRICT",,ANN CRAWFORD MCCLURE,DEM,388,8,416,1,813,396,417
El Paso,153-LANCASTER ELEMENTARY,"JUSTICE, 8TH COURT OF APPEALS DISTRICT, PLACE 2",,CHRIS ANTCLIFF,REP,62,3,92,0,157,65,92
El Paso,153-LANCASTER ELEMENTARY,"JUSTICE, 8TH COURT OF APPEALS DISTRICT, PLACE 2",,YVONNE RODRIGUEZ,DEM,386,9,399,1,795,395,400
El Paso,153-LANCASTER ELEMENTARY,"JUSTICE, 8TH COURT OF APPEALS DISTRICT, PLACE 3",,GUADALUPE LUPE RIVER,DEM,394,8,422,1,825,402,423
El Paso,153-LANCASTER ELEMENTARY,"DISTRICT JUDGE, 34TH JUDICIAL DISTRICT",,BILL MOODY,DEM,394,8,430,1,833,402,431
El Paso,153-LANCASTER ELEMENTARY,"DISTRICT JUDGE, 41ST JUDICIAL DISTRICT",,ANNA PEREZ,DEM,396,9,428,1,834,405,429
El Paso,153-LANCASTER ELEMENTARY,"DISTRICT JUDGE, 243RD JUDICIAL DISTRICT",,BILLY DON HICKS,REP,76,3,95,0,174,79,95
El Paso,153-LANCASTER ELEMENTARY,"DISTRICT JUDGE, 243RD JUDICIAL DISTRICT",,LUIS AGUILAR,DEM,370,8,392,1,771,378,393
El Paso,153-LANCASTER ELEMENTARY,"DISTRICT JUDGE, 346TH JUDICIAL DISTRICT",,ANGIE J. BARILL,DEM,393,8,415,1,817,401,416
El Paso,153-LANCASTER ELEMENTARY,"DISTRICT JUDGE, 383RD JUDICIAL DISTRICT",,MIKE HERRERA,DEM,392,9,421,1,823,401,422
El Paso,153-LANCASTER ELEMENTARY,"DISTRICT JUDGE, 384TH JUDICIAL DISTRICT",,PATRICK M. GARCIA,DEM,386,8,415,1,810,394,416
El Paso,153-LANCASTER ELEMENTARY,"DISTRICT JUDGE, 388TH JUDICIAL DISTRICT",,LAURA STRATHMANN,DEM,389,8,417,1,815,397,418
El Paso,153-LANCASTER ELEMENTARY,"DISTRICT JUDGE, 409TH JUDICIAL DISTRICT",,SAM MEDRANO JR,DEM,387,8,417,1,813,395,418
El Paso,153-LANCASTER ELEMENTARY,"DISTRICT JUDGE, 448TH JUDICIAL DISTRICT",,SERGIO H. ENRIQUEZ,DEM,388,8,414,1,811,396,415
El Paso,153-LANCASTER ELEMENTARY,"CRIMINAL DISTRICT JUDGE, COURT NO. 1",,DIANE NAVARRETE,DEM,387,8,418,1,814,395,419
El Paso,153-LANCASTER ELEMENTARY,"FAMILY DISTRICT JUDGE, 65TH JUDICIAL DISTRICT",,YAHARA L. GUTIERREZ,DEM,384,8,419,1,812,392,420
El Paso,153-LANCASTER ELEMENTARY,"DISTRICT ATTORNEY, 34TH JUDICIAL DISTRICT",,JAIME ESPARZA,DEM,394,8,423,1,826,402,424
El Paso,153-LANCASTER ELEMENTARY,"JUDGE, COUNTY CRIMINAL COURT NO. 3",,CARLOS CARRASCO,DEM,389,8,408,1,806,397,409
El Paso,153-LANCASTER ELEMENTARY,"JUDGE, COUNTY CRIMINAL COURT NO. 4",,JESUS HERRERA,DEM,395,8,417,1,821,403,418
El Paso,153-LANCASTER ELEMENTARY,COUNTY ATTORNEY,,JO ANNE BERNAL,DEM,388,9,422,1,820,397,423
El Paso,153-LANCASTER ELEMENTARY,SHERIFF,,RICHARD D. WILES,DEM,396,9,431,1,837,405,432
El Paso,153-LANCASTER ELEMENTARY,COUNTY TAX ASSESSOR COLLECTOR,,VICTOR A. FLORES,DEM,395,10,422,1,828,405,423
El Paso,153-LANCASTER ELEMENTARY,"COUNTY COMMISSIONER, PRECINCT NO. 3",,FRED CHAVEZ,REP,78,8,108,1,195,86,109
El Paso,153-LANCASTER ELEMENTARY,"COUNTY COMMISSIONER, PRECINCT NO. 3",,VINCENT VINCE PEREZ,DEM,377,5,381,0,763,382,381
El Paso,153-LANCASTER ELEMENTARY,"CONSTABLE, PRECINCT NO. 5",,MANNY LOPEZ,DEM,390,8,418,1,817,398,419
El Paso,154-LEBARRON PARK ELEMENTARY,"CITY OF EL PASO, PROPOSITION",,FOR (A FAVOR),NP,257,6,427,0,690,263,427
El Paso,154-LEBARRON PARK ELEMENTARY,"CITY OF EL PASO, PROPOSITION",,AGAINST (EN CONTRA),NP,61,1,93,0,155,62,93
El Paso,154-LEBARRON PARK ELEMENTARY,"CITY OF EL PASO, PROPOSITION",,FOR (A FAVOR),NP,233,4,382,0,619,237,382
El Paso,154-LEBARRON PARK ELEMENTARY,"CITY OF EL PASO, PROPOSITION",,AGAINST (EN CONTRA),NP,71,3,109,0,183,74,109
El Paso,154-LEBARRON PARK ELEMENTARY,"CITY OF EL PASO, PROPOSITION",,FOR (A FAVOR),NP,191,3,313,0,507,194,313
El Paso,154-LEBARRON PARK ELEMENTARY,"CITY OF EL PASO, PROPOSITION",,AGAINST (EN CONTRA),NP,121,4,198,0,323,125,198
El Paso,154-LEBARRON PARK ELEMENTARY,STRAIGHT PARTY,,REPUBLICAN,REP,35,1,57,0,93,36,57
El Paso,154-LEBARRON PARK ELEMENTARY,STRAIGHT PARTY,,DEMOCRAT,DEM,201,4,359,0,564,205,359
El Paso,154-LEBARRON PARK ELEMENTARY,STRAIGHT PARTY,,LIBERTARIAN,LIB,0,0,1,0,1,0,1
El Paso,154-LEBARRON PARK ELEMENTARY,STRAIGHT PARTY,,GREEN,GRN,1,0,1,0,2,1,1
El Paso,154-LEBARRON PARK ELEMENTARY,US PRESIDENT,,MITT ROMNEY,REP,60,2,88,0,150,62,88
El Paso,154-LEBARRON PARK ELEMENTARY,US PRESIDENT,,BARACK OBAMA,DEM,264,6,431,0,701,270,431
El Paso,154-LEBARRON PARK ELEMENTARY,US PRESIDENT,,GARY JOHNSON,LIB,2,0,4,0,6,2,4
El Paso,154-LEBARRON PARK ELEMENTARY,US PRESIDENT,,JILL STEIN,GRN,0,0,1,0,1,0,1
El Paso,154-LEBARRON PARK ELEMENTARY,US PRESIDENT,,WRITE-IN,NP,0,0,1,0,1,0,1
El Paso,154-LEBARRON PARK ELEMENTARY,US SENATOR,,TED CRUZ,REP,70,1,105,0,176,71,105
El Paso,154-LEBARRON PARK ELEMENTARY,US SENATOR,,PAUL SADLER,DEM,240,6,395,0,641,246,395
El Paso,154-LEBARRON PARK ELEMENTARY,US SENATOR,,JOHN JAY MYERS,LIB,3,0,11,0,14,3,11
El Paso,154-LEBARRON PARK ELEMENTARY,US SENATOR,,DAVID B. COLLINS,GRN,4,0,3,0,7,4,3
El Paso,154-LEBARRON PARK ELEMENTARY,US REP DISTRICT 23,,FRANCISCO QUICO CANS,REP,60,1,75,0,136,61,75
El Paso,154-LEBARRON PARK ELEMENTARY,US REP DISTRICT 23,,PETE P. GALLEGO,DEM,248,6,426,0,680,254,426
El Paso,154-LEBARRON PARK ELEMENTARY,US REP DISTRICT 23,,JEFFREY C. BLUNT,LIB,3,0,9,0,12,3,9
El Paso,154-LEBARRON PARK ELEMENTARY,US REP DISTRICT 23,,ED SCHARF,GRN,3,0,1,0,4,3,1
El Paso,154-LEBARRON PARK ELEMENTARY,RAILROAD COMMISSIONER,,CHRISTI CRADDICK,REP,62,1,76,0,139,63,76
El Paso,154-LEBARRON PARK ELEMENTARY,RAILROAD COMMISSIONER,,DALE HENRY,DEM,240,6,409,0,655,246,409
El Paso,154-LEBARRON PARK ELEMENTARY,RAILROAD COMMISSIONER,,VIVEKANANDA (VIK) WA,LIB,3,0,15,0,18,3,15
El Paso,154-LEBARRON PARK ELEMENTARY,RAILROAD COMMISSIONER,,CHRIS KENNEDY,GRN,8,0,13,0,21,8,13
El Paso,154-LEBARRON PARK ELEMENTARY,RAILROAD COMMISSIONER,,BARRY SMITHERMAN,REP,74,2,117,0,193,76,117
El Paso,154-LEBARRON PARK ELEMENTARY,RAILROAD COMMISSIONER,,JAIME O. PEREZ,LIB,123,4,239,0,366,127,239
El Paso,154-LEBARRON PARK ELEMENTARY,RAILROAD COMMISSIONER,,JOSH WENDEL,GRN,16,0,28,0,44,16,28
El Paso,154-LEBARRON PARK ELEMENTARY,"JUSTICE, SUPREME COURT, PLACE 2",,DON WILLETT,REP,113,2,163,0,278,115,163
El Paso,154-LEBARRON PARK ELEMENTARY,"JUSTICE, SUPREME COURT, PLACE 2",,RS ROBERT KOELSCH,LIB,97,4,200,0,301,101,200
El Paso,154-LEBARRON PARK ELEMENTARY,"JUSTICE, SUPREME COURT, PLACE 4",,JOHN DEVINE,REP,101,2,156,0,259,103,156
El Paso,154-LEBARRON PARK ELEMENTARY,"JUSTICE, SUPREME COURT, PLACE 4",,TOM OXFORD,LIB,81,3,156,0,240,84,156
El Paso,154-LEBARRON PARK ELEMENTARY,"JUSTICE, SUPREME COURT, PLACE 4",,CHARLES E. WATERBURY,GRN,26,0,58,0,84,26,58
El Paso,154-LEBARRON PARK ELEMENTARY,"JUSTICE, SUPREME COURT, PLACE 6",,NATHAN HECHT,REP,53,1,70,0,124,54,70
El Paso,154-LEBARRON PARK ELEMENTARY,"JUSTICE, SUPREME COURT, PLACE 6",,MICHELE PETTY,DEM,254,5,423,0,682,259,423
El Paso,154-LEBARRON PARK ELEMENTARY,"JUSTICE, SUPREME COURT, PLACE 6",,MARK ASH,LIB,1,0,16,0,17,1,16
El Paso,154-LEBARRON PARK ELEMENTARY,"JUSTICE, SUPREME COURT, PLACE 6",,JIM CHISHOLM,GRN,4,0,9,0,13,4,9
El Paso,154-LEBARRON PARK ELEMENTARY,"PRESIDING JUDGE, COURT OF CRIMINAL APPEALS",,SHARON KELLER,REP,63,1,86,0,150,64,86
El Paso,154-LEBARRON PARK ELEMENTARY,"PRESIDING JUDGE, COURT OF CRIMINAL APPEALS",,KEITH HAMPTON,DEM,246,6,414,0,666,252,414
El Paso,154-LEBARRON PARK ELEMENTARY,"PRESIDING JUDGE, COURT OF CRIMINAL APPEALS",,LANCE STOTT,LIB,3,0,15,0,18,3,15
El Paso,154-LEBARRON PARK ELEMENTARY,"JUDGE, COURT OF CRIMINAL APPEALS, PLACE 7",,BARBARA PARKER HERVE,REP,111,2,187,0,300,113,187
El Paso,154-LEBARRON PARK ELEMENTARY,"JUDGE, COURT OF CRIMINAL APPEALS, PLACE 7",,MARK W. BENNETT,LIB,98,4,183,0,285,102,183
El Paso,154-LEBARRON PARK ELEMENTARY,"JUDGE, COURT OF CRIMINAL APPEALS, PLACE 8",,ELSA ALCALA,REP,131,2,208,0,341,133,208
El Paso,154-LEBARRON PARK ELEMENTARY,"JUDGE, COURT OF CRIMINAL APPEALS, PLACE 8",,WILLIAM BRYAN STRANG,LIB,82,3,156,0,241,85,156
El Paso,154-LEBARRON PARK ELEMENTARY,MEMBER STATE BOARD OF EDUCATION DISTRICT 1,,CARLOS CHARLIE GARZA,REP,67,1,92,0,160,68,92
El Paso,154-LEBARRON PARK ELEMENTARY,MEMBER STATE BOARD OF EDUCATION DISTRICT 1,,MARTHA M. DOMINGUEZ,DEM,249,6,426,0,681,255,426
El Paso,154-LEBARRON PARK ELEMENTARY,STATE SENATOR DISTRICT 29,,DAN CHAVEZ,REP,57,1,77,0,135,58,77
El Paso,154-LEBARRON PARK ELEMENTARY,STATE SENATOR DISTRICT 29,,JOSE R. RODRIGUEZ,DEM,261,6,441,0,708,267,441
El Paso,154-LEBARRON PARK ELEMENTARY,STATE REPRESENTATIVE DISTRICT 76,,NAOMI R. GONZALEZ,DEM,267,5,459,0,731,272,459
El Paso,154-LEBARRON PARK ELEMENTARY,"CHIEF JUSTICE, COURT OF APPEALS 8TH DISTRICT",,ANN CRAWFORD MCCLURE,DEM,268,6,452,0,726,274,452
El Paso,154-LEBARRON PARK ELEMENTARY,"JUSTICE, 8TH COURT OF APPEALS DISTRICT, PLACE 2",,CHRIS ANTCLIFF,REP,59,1,77,0,137,60,77
El Paso,154-LEBARRON PARK ELEMENTARY,"JUSTICE, 8TH COURT OF APPEALS DISTRICT, PLACE 2",,YVONNE RODRIGUEZ,DEM,256,6,439,0,701,262,439
El Paso,154-LEBARRON PARK ELEMENTARY,"JUSTICE, 8TH COURT OF APPEALS DISTRICT, PLACE 3",,GUADALUPE LUPE RIVER,DEM,269,6,461,0,736,275,461
El Paso,154-LEBARRON PARK ELEMENTARY,"DISTRICT JUDGE, 34TH JUDICIAL DISTRICT",,BILL MOODY,DEM,277,6,457,0,740,283,457
El Paso,154-LEBARRON PARK ELEMENTARY,"DISTRICT JUDGE, 41ST JUDICIAL DISTRICT",,ANNA PEREZ,DEM,270,6,456,0,732,276,456
El Paso,154-LEBARRON PARK ELEMENTARY,"DISTRICT JUDGE, 243RD JUDICIAL DISTRICT",,BILLY DON HICKS,REP,65,1,87,0,153,66,87
El Paso,154-LEBARRON PARK ELEMENTARY,"DISTRICT JUDGE, 243RD JUDICIAL DISTRICT",,LUIS AGUILAR,DEM,247,6,431,0,684,253,431
El Paso,154-LEBARRON PARK ELEMENTARY,"DISTRICT JUDGE, 346TH JUDICIAL DISTRICT",,ANGIE J. BARILL,DEM,267,6,453,0,726,273,453
El Paso,154-LEBARRON PARK ELEMENTARY,"DISTRICT JUDGE, 383RD JUDICIAL DISTRICT",,MIKE HERRERA,DEM,269,6,454,0,729,275,454
El Paso,154-LEBARRON PARK ELEMENTARY,"DISTRICT JUDGE, 384TH JUDICIAL DISTRICT",,PATRICK M. GARCIA,DEM,266,6,451,0,723,272,451
El Paso,154-LEBARRON PARK ELEMENTARY,"DISTRICT JUDGE, 388TH JUDICIAL DISTRICT",,LAURA STRATHMANN,DEM,270,6,451,0,727,276,451
El Paso,154-LEBARRON PARK ELEMENTARY,"DISTRICT JUDGE, 409TH JUDICIAL DISTRICT",,SAM MEDRANO JR,DEM,270,6,449,0,725,276,449
El Paso,154-LEBARRON PARK ELEMENTARY,"DISTRICT JUDGE, 448TH JUDICIAL DISTRICT",,SERGIO H. ENRIQUEZ,DEM,268,6,451,0,725,274,451
El Paso,154-LEBARRON PARK ELEMENTARY,"CRIMINAL DISTRICT JUDGE, COURT NO. 1",,DIANE NAVARRETE,DEM,267,6,451,0,724,273,451
El Paso,154-LEBARRON PARK ELEMENTARY,"FAMILY DISTRICT JUDGE, 65TH JUDICIAL DISTRICT",,YAHARA L. GUTIERREZ,DEM,267,6,452,0,725,273,452
El Paso,154-LEBARRON PARK ELEMENTARY,"DISTRICT ATTORNEY, 34TH JUDICIAL DISTRICT",,JAIME ESPARZA,DEM,268,6,454,0,728,274,454
El Paso,154-LEBARRON PARK ELEMENTARY,"JUDGE, COUNTY CRIMINAL COURT NO. 3",,CARLOS CARRASCO,DEM,266,6,449,0,721,272,449
El Paso,154-LEBARRON PARK ELEMENTARY,"JUDGE, COUNTY CRIMINAL COURT NO. 4",,JESUS HERRERA,DEM,266,6,453,0,725,272,453
El Paso,154-LEBARRON PARK ELEMENTARY,COUNTY ATTORNEY,,JO ANNE BERNAL,DEM,269,6,453,0,728,275,453
El Paso,154-LEBARRON PARK ELEMENTARY,SHERIFF,,RICHARD D. WILES,DEM,273,6,455,0,734,279,455
El Paso,154-LEBARRON PARK ELEMENTARY,COUNTY TAX ASSESSOR COLLECTOR,,VICTOR A. FLORES,DEM,271,6,449,0,726,277,449
El Paso,154-LEBARRON PARK ELEMENTARY,"COUNTY COMMISSIONER, PRECINCT NO. 3",,FRED CHAVEZ,REP,61,1,89,0,151,62,89
El Paso,154-LEBARRON PARK ELEMENTARY,"COUNTY COMMISSIONER, PRECINCT NO. 3",,VINCENT VINCE PEREZ,DEM,256,6,421,0,683,262,421
El Paso,154-LEBARRON PARK ELEMENTARY,"CONSTABLE, PRECINCT NO. 5",,MANNY LOPEZ,DEM,269,6,450,0,725,275,450
El Paso,155-LANCASTER ELEMENTARY,"CITY OF EL PASO, PROPOSITION",,FOR (A FAVOR),NP,137,3,207,0,347,140,207
El Paso,155-LANCASTER ELEMENTARY,"CITY OF EL PASO, PROPOSITION",,AGAINST (EN CONTRA),NP,38,0,35,0,73,38,35
El Paso,155-LANCASTER ELEMENTARY,"CITY OF EL PASO, PROPOSITION",,FOR (A FAVOR),NP,122,2,183,0,307,124,183
El Paso,155-LANCASTER ELEMENTARY,"CITY OF EL PASO, PROPOSITION",,AGAINST (EN CONTRA),NP,47,1,48,0,96,48,48
El Paso,155-LANCASTER ELEMENTARY,"CITY OF EL PASO, PROPOSITION",,FOR (A FAVOR),NP,93,2,154,0,249,95,154
El Paso,155-LANCASTER ELEMENTARY,"CITY OF EL PASO, PROPOSITION",,AGAINST (EN CONTRA),NP,76,1,80,0,157,77,80
El Paso,155-LANCASTER ELEMENTARY,STRAIGHT PARTY,,REPUBLICAN,REP,30,2,25,0,57,32,25
El Paso,155-LANCASTER ELEMENTARY,STRAIGHT PARTY,,DEMOCRAT,DEM,106,1,159,0,266,107,159
El Paso,155-LANCASTER ELEMENTARY,STRAIGHT PARTY,,LIBERTARIAN,LIB,0,0,4,0,4,0,4
El Paso,155-LANCASTER ELEMENTARY,STRAIGHT PARTY,,GREEN,GRN,0,0,0,0,0,0,0
El Paso,155-LANCASTER ELEMENTARY,US PRESIDENT,,MITT ROMNEY,REP,45,2,50,0,97,47,50
El Paso,155-LANCASTER ELEMENTARY,US PRESIDENT,,BARACK OBAMA,DEM,133,1,199,0,333,134,199
El Paso,155-LANCASTER ELEMENTARY,US PRESIDENT,,GARY JOHNSON,LIB,2,0,1,0,3,2,1
El Paso,155-LANCASTER ELEMENTARY,US PRESIDENT,,JILL STEIN,GRN,0,0,2,0,2,0,2
El Paso,155-LANCASTER ELEMENTARY,US PRESIDENT,,WRITE-IN,NP,0,0,0,0,0,0,0
El Paso,155-LANCASTER ELEMENTARY,US SENATOR,,TED CRUZ,REP,56,2,52,0,110,58,52
El Paso,155-LANCASTER ELEMENTARY,US SENATOR,,PAUL SADLER,DEM,123,1,181,0,305,124,181
El Paso,155-LANCASTER ELEMENTARY,US SENATOR,,JOHN JAY MYERS,LIB,1,0,6,0,7,1,6
El Paso,155-LANCASTER ELEMENTARY,US SENATOR,,DAVID B. COLLINS,GRN,2,0,2,0,4,2,2
El Paso,155-LANCASTER ELEMENTARY,US REP DISTRICT 23,,FRANCISCO QUICO CANS,REP,48,2,41,0,91,50,41
El Paso,155-LANCASTER ELEMENTARY,US REP DISTRICT 23,,PETE P. GALLEGO,DEM,127,1,195,0,323,128,195
El Paso,155-LANCASTER ELEMENTARY,US REP DISTRICT 23,,JEFFREY C. BLUNT,LIB,2,0,4,0,6,2,4
El Paso,155-LANCASTER ELEMENTARY,US REP DISTRICT 23,,ED SCHARF,GRN,3,0,1,0,4,3,1
El Paso,155-LANCASTER ELEMENTARY,RAILROAD COMMISSIONER,,CHRISTI CRADDICK,REP,45,2,40,0,87,47,40
El Paso,155-LANCASTER ELEMENTARY,RAILROAD COMMISSIONER,,DALE HENRY,DEM,124,1,187,0,312,125,187
El Paso,155-LANCASTER ELEMENTARY,RAILROAD COMMISSIONER,,VIVEKANANDA (VIK) WA,LIB,3,0,2,0,5,3,2
El Paso,155-LANCASTER ELEMENTARY,RAILROAD COMMISSIONER,,CHRIS KENNEDY,GRN,7,0,7,0,14,7,7
El Paso,155-LANCASTER ELEMENTARY,RAILROAD COMMISSIONER,,BARRY SMITHERMAN,REP,54,2,53,0,109,56,53
El Paso,155-LANCASTER ELEMENTARY,RAILROAD COMMISSIONER,,JAIME O. PEREZ,LIB,65,0,105,0,170,65,105
El Paso,155-LANCASTER ELEMENTARY,RAILROAD COMMISSIONER,,JOSH WENDEL,GRN,15,0,21,0,36,15,21
El Paso,155-LANCASTER ELEMENTARY,"JUSTICE, SUPREME COURT, PLACE 2",,DON WILLETT,REP,72,2,89,0,163,74,89
El Paso,155-LANCASTER ELEMENTARY,"JUSTICE, SUPREME COURT, PLACE 2",,RS ROBERT KOELSCH,LIB,58,0,85,0,143,58,85
El Paso,155-LANCASTER ELEMENTARY,"JUSTICE, SUPREME COURT, PLACE 4",,JOHN DEVINE,REP,68,2,77,0,147,70,77
El Paso,155-LANCASTER ELEMENTARY,"JUSTICE, SUPREME COURT, PLACE 4",,TOM OXFORD,LIB,42,0,70,0,112,42,70
El Paso,155-LANCASTER ELEMENTARY,"JUSTICE, SUPREME COURT, PLACE 4",,CHARLES E. WATERBURY,GRN,16,0,25,0,41,16,25
El Paso,155-LANCASTER ELEMENTARY,"JUSTICE, SUPREME COURT, PLACE 6",,NATHAN HECHT,REP,41,2,34,0,77,43,34
El Paso,155-LANCASTER ELEMENTARY,"JUSTICE, SUPREME COURT, PLACE 6",,MICHELE PETTY,DEM,128,1,196,0,325,129,196
El Paso,155-LANCASTER ELEMENTARY,"JUSTICE, SUPREME COURT, PLACE 6",,MARK ASH,LIB,4,0,5,0,9,4,5
El Paso,155-LANCASTER ELEMENTARY,"JUSTICE, SUPREME COURT, PLACE 6",,JIM CHISHOLM,GRN,5,0,3,0,8,5,3
El Paso,155-LANCASTER ELEMENTARY,"PRESIDING JUDGE, COURT OF CRIMINAL APPEALS",,SHARON KELLER,REP,46,2,42,0,90,48,42
El Paso,155-LANCASTER ELEMENTARY,"PRESIDING JUDGE, COURT OF CRIMINAL APPEALS",,KEITH HAMPTON,DEM,128,1,190,0,319,129,190
El Paso,155-LANCASTER ELEMENTARY,"PRESIDING JUDGE, COURT OF CRIMINAL APPEALS",,LANCE STOTT,LIB,4,0,8,0,12,4,8
El Paso,155-LANCASTER ELEMENTARY,"JUDGE, COURT OF CRIMINAL APPEALS, PLACE 7",,BARBARA PARKER HERVE,REP,71,2,86,0,159,73,86
El Paso,155-LANCASTER ELEMENTARY,"JUDGE, COURT OF CRIMINAL APPEALS, PLACE 7",,MARK W. BENNETT,LIB,55,0,79,0,134,55,79
El Paso,155-LANCASTER ELEMENTARY,"JUDGE, COURT OF CRIMINAL APPEALS, PLACE 8",,ELSA ALCALA,REP,77,2,103,0,182,79,103
El Paso,155-LANCASTER ELEMENTARY,"JUDGE, COURT OF CRIMINAL APPEALS, PLACE 8",,WILLIAM BRYAN STRANG,LIB,50,0,66,0,116,50,66
El Paso,155-LANCASTER ELEMENTARY,MEMBER STATE BOARD OF EDUCATION DISTRICT 1,,CARLOS CHARLIE GARZA,REP,48,2,44,0,94,50,44
El Paso,155-LANCASTER ELEMENTARY,MEMBER STATE BOARD OF EDUCATION DISTRICT 1,,MARTHA M. DOMINGUEZ,DEM,133,1,193,0,327,134,193
El Paso,155-LANCASTER ELEMENTARY,STATE SENATOR DISTRICT 29,,DAN CHAVEZ,REP,43,2,40,0,85,45,40
El Paso,155-LANCASTER ELEMENTARY,STATE SENATOR DISTRICT 29,,JOSE R. RODRIGUEZ,DEM,134,1,200,0,335,135,200
El Paso,155-LANCASTER ELEMENTARY,STATE REPRESENTATIVE DISTRICT 76,,NAOMI R. GONZALEZ,DEM,151,1,212,0,364,152,212
El Paso,155-LANCASTER ELEMENTARY,"CHIEF JUSTICE, COURT OF APPEALS 8TH DISTRICT",,ANN CRAWFORD MCCLURE,DEM,147,1,208,0,356,148,208
El Paso,155-LANCASTER ELEMENTARY,"JUSTICE, 8TH COURT OF APPEALS DISTRICT, PLACE 2",,CHRIS ANTCLIFF,REP,51,2,33,0,86,53,33
El Paso,155-LANCASTER ELEMENTARY,"JUSTICE, 8TH COURT OF APPEALS DISTRICT, PLACE 2",,YVONNE RODRIGUEZ,DEM,130,1,208,0,339,131,208
El Paso,155-LANCASTER ELEMENTARY,"JUSTICE, 8TH COURT OF APPEALS DISTRICT, PLACE 3",,GUADALUPE LUPE RIVER,DEM,148,1,215,0,364,149,215
El Paso,155-LANCASTER ELEMENTARY,"DISTRICT JUDGE, 34TH JUDICIAL DISTRICT",,BILL MOODY,DEM,145,1,209,0,355,146,209
El Paso,155-LANCASTER ELEMENTARY,"DISTRICT JUDGE, 41ST JUDICIAL DISTRICT",,ANNA PEREZ,DEM,147,1,213,0,361,148,213
El Paso,155-LANCASTER ELEMENTARY,"DISTRICT JUDGE, 243RD JUDICIAL DISTRICT",,BILLY DON HICKS,REP,54,2,33,0,89,56,33
El Paso,155-LANCASTER ELEMENTARY,"DISTRICT JUDGE, 243RD JUDICIAL DISTRICT",,LUIS AGUILAR,DEM,123,1,207,0,331,124,207
El Paso,155-LANCASTER ELEMENTARY,"DISTRICT JUDGE, 346TH JUDICIAL DISTRICT",,ANGIE J. BARILL,DEM,146,1,208,0,355,147,208
El Paso,155-LANCASTER ELEMENTARY,"DISTRICT JUDGE, 383RD JUDICIAL DISTRICT",,MIKE HERRERA,DEM,144,1,208,0,353,145,208
El Paso,155-LANCASTER ELEMENTARY,"DISTRICT JUDGE, 384TH JUDICIAL DISTRICT",,PATRICK M. GARCIA,DEM,143,1,208,0,352,144,208
El Paso,155-LANCASTER ELEMENTARY,"DISTRICT JUDGE, 388TH JUDICIAL DISTRICT",,LAURA STRATHMANN,DEM,144,1,209,0,354,145,209
El Paso,155-LANCASTER ELEMENTARY,"DISTRICT JUDGE, 409TH JUDICIAL DISTRICT",,SAM MEDRANO JR,DEM,145,1,209,0,355,146,209
El Paso,155-LANCASTER ELEMENTARY,"DISTRICT JUDGE, 448TH JUDICIAL DISTRICT",,SERGIO H. ENRIQUEZ,DEM,145,1,205,0,351,146,205
El Paso,155-LANCASTER ELEMENTARY,"CRIMINAL DISTRICT JUDGE, COURT NO. 1",,DIANE NAVARRETE,DEM,147,1,209,0,357,148,209
El Paso,155-LANCASTER ELEMENTARY,"FAMILY DISTRICT JUDGE, 65TH JUDICIAL DISTRICT",,YAHARA L. GUTIERREZ,DEM,145,1,209,0,355,146,209
El Paso,155-LANCASTER ELEMENTARY,"DISTRICT ATTORNEY, 34TH JUDICIAL DISTRICT",,JAIME ESPARZA,DEM,142,1,208,0,351,143,208
El Paso,155-LANCASTER ELEMENTARY,"JUDGE, COUNTY CRIMINAL COURT NO. 3",,CARLOS CARRASCO,DEM,144,1,204,0,349,145,204
El Paso,155-LANCASTER ELEMENTARY,"JUDGE, COUNTY CRIMINAL COURT NO. 4",,JESUS HERRERA,DEM,143,1,205,0,349,144,205
El Paso,155-LANCASTER ELEMENTARY,COUNTY ATTORNEY,,JO ANNE BERNAL,DEM,144,1,204,0,349,145,204
El Paso,155-LANCASTER ELEMENTARY,SHERIFF,,RICHARD D. WILES,DEM,144,1,205,0,350,145,205
El Paso,155-LANCASTER ELEMENTARY,COUNTY TAX ASSESSOR COLLECTOR,,VICTOR A. FLORES,DEM,145,1,207,0,353,146,207
El Paso,155-LANCASTER ELEMENTARY,"COUNTY COMMISSIONER, PRECINCT NO. 3",,FRED CHAVEZ,REP,51,2,48,0,101,53,48
El Paso,155-LANCASTER ELEMENTARY,"COUNTY COMMISSIONER, PRECINCT NO. 3",,VINCENT VINCE PEREZ,DEM,127,1,194,0,322,128,194
El Paso,155-LANCASTER ELEMENTARY,"CONSTABLE, PRECINCT NO. 5",,MANNY LOPEZ,DEM,144,1,205,0,350,145,205
El Paso,156-PAVO REAL REC CTR,"CITY OF EL PASO, PROPOSITION",,FOR (A FAVOR),NP,420,8,412,0,840,428,412
El Paso,156-PAVO REAL REC CTR,"CITY OF EL PASO, PROPOSITION",,AGAINST (EN CONTRA),NP,116,2,118,0,236,118,118
El Paso,156-PAVO REAL REC CTR,"CITY OF EL PASO, PROPOSITION",,FOR (A FAVOR),NP,374,9,385,0,768,383,385
El Paso,156-PAVO REAL REC CTR,"CITY OF EL PASO, PROPOSITION",,AGAINST (EN CONTRA),NP,136,1,138,0,275,137,138
El Paso,156-PAVO REAL REC CTR,"CITY OF EL PASO, PROPOSITION",,FOR (A FAVOR),NP,304,9,284,0,597,313,284
El Paso,156-PAVO REAL REC CTR,"CITY OF EL PASO, PROPOSITION",,AGAINST (EN CONTRA),NP,226,1,240,0,467,227,240
El Paso,156-PAVO REAL REC CTR,STRAIGHT PARTY,,REPUBLICAN,REP,54,2,61,0,117,56,61
El Paso,156-PAVO REAL REC CTR,STRAIGHT PARTY,,DEMOCRAT,DEM,383,2,367,0,752,385,367
El Paso,156-PAVO REAL REC CTR,STRAIGHT PARTY,,LIBERTARIAN,LIB,6,0,1,0,7,6,1
El Paso,156-PAVO REAL REC CTR,STRAIGHT PARTY,,GREEN,GRN,0,0,2,0,2,0,2
El Paso,156-PAVO REAL REC CTR,US PRESIDENT,,MITT ROMNEY,REP,78,3,96,0,177,81,96
El Paso,156-PAVO REAL REC CTR,US PRESIDENT,,BARACK OBAMA,DEM,479,8,451,0,938,487,451
El Paso,156-PAVO REAL REC CTR,US PRESIDENT,,GARY JOHNSON,LIB,7,0,6,0,13,7,6
El Paso,156-PAVO REAL REC CTR,US PRESIDENT,,JILL STEIN,GRN,1,0,2,0,3,1,2
El Paso,156-PAVO REAL REC CTR,US PRESIDENT,,WRITE-IN,NP,0,0,0,0,0,0,0
El Paso,156-PAVO REAL REC CTR,US SENATOR,,TED CRUZ,REP,91,4,110,0,205,95,110
El Paso,156-PAVO REAL REC CTR,US SENATOR,,PAUL SADLER,DEM,444,7,405,0,856,451,405
El Paso,156-PAVO REAL REC CTR,US SENATOR,,JOHN JAY MYERS,LIB,12,0,8,0,20,12,8
El Paso,156-PAVO REAL REC CTR,US SENATOR,,DAVID B. COLLINS,GRN,7,0,15,0,22,7,15
El Paso,156-PAVO REAL REC CTR,US REP DISTRICT 23,,FRANCISCO QUICO CANS,REP,72,4,86,0,162,76,86
El Paso,156-PAVO REAL REC CTR,US REP DISTRICT 23,,PETE P. GALLEGO,DEM,463,7,438,0,908,470,438
El Paso,156-PAVO REAL REC CTR,US REP DISTRICT 23,,JEFFREY C. BLUNT,LIB,8,0,10,0,18,8,10
El Paso,156-PAVO REAL REC CTR,US REP DISTRICT 23,,ED SCHARF,GRN,3,0,6,0,9,3,6
El Paso,156-PAVO REAL REC CTR,RAILROAD COMMISSIONER,,CHRISTI CRADDICK,REP,82,2,84,0,168,84,84
El Paso,156-PAVO REAL REC CTR,RAILROAD COMMISSIONER,,DALE HENRY,DEM,447,7,422,0,876,454,422
El Paso,156-PAVO REAL REC CTR,RAILROAD COMMISSIONER,,VIVEKANANDA (VIK) WA,LIB,6,0,5,0,11,6,5
El Paso,156-PAVO REAL REC CTR,RAILROAD COMMISSIONER,,CHRIS KENNEDY,GRN,12,0,27,0,39,12,27
El Paso,156-PAVO REAL REC CTR,RAILROAD COMMISSIONER,,BARRY SMITHERMAN,REP,103,6,138,0,247,109,138
El Paso,156-PAVO REAL REC CTR,RAILROAD COMMISSIONER,,JAIME O. PEREZ,LIB,213,2,205,0,420,215,205
El Paso,156-PAVO REAL REC CTR,RAILROAD COMMISSIONER,,JOSH WENDEL,GRN,34,0,33,0,67,34,33
El Paso,156-PAVO REAL REC CTR,"JUSTICE, SUPREME COURT, PLACE 2",,DON WILLETT,REP,159,6,185,0,350,165,185
El Paso,156-PAVO REAL REC CTR,"JUSTICE, SUPREME COURT, PLACE 2",,RS ROBERT KOELSCH,LIB,176,1,179,0,356,177,179
El Paso,156-PAVO REAL REC CTR,"JUSTICE, SUPREME COURT, PLACE 4",,JOHN DEVINE,REP,136,7,167,0,310,143,167
El Paso,156-PAVO REAL REC CTR,"JUSTICE, SUPREME COURT, PLACE 4",,TOM OXFORD,LIB,144,1,134,0,279,145,134
El Paso,156-PAVO REAL REC CTR,"JUSTICE, SUPREME COURT, PLACE 4",,CHARLES E. WATERBURY,GRN,57,0,63,0,120,57,63
El Paso,156-PAVO REAL REC CTR,"JUSTICE, SUPREME COURT, PLACE 6",,NATHAN HECHT,REP,68,1,80,0,149,69,80
El Paso,156-PAVO REAL REC CTR,"JUSTICE, SUPREME COURT, PLACE 6",,MICHELE PETTY,DEM,465,8,423,0,896,473,423
El Paso,156-PAVO REAL REC CTR,"JUSTICE, SUPREME COURT, PLACE 6",,MARK ASH,LIB,8,0,17,0,25,8,17
El Paso,156-PAVO REAL REC CTR,"JUSTICE, SUPREME COURT, PLACE 6",,JIM CHISHOLM,GRN,7,0,10,0,17,7,10
El Paso,156-PAVO REAL REC CTR,"PRESIDING JUDGE, COURT OF CRIMINAL APPEALS",,SHARON KELLER,REP,79,2,99,0,180,81,99
El Paso,156-PAVO REAL REC CTR,"PRESIDING JUDGE, COURT OF CRIMINAL APPEALS",,KEITH HAMPTON,DEM,455,7,416,0,878,462,416
El Paso,156-PAVO REAL REC CTR,"PRESIDING JUDGE, COURT OF CRIMINAL APPEALS",,LANCE STOTT,LIB,13,0,18,0,31,13,18
El Paso,156-PAVO REAL REC CTR,"JUDGE, COURT OF CRIMINAL APPEALS, PLACE 7",,BARBARA PARKER HERVE,REP,154,6,202,0,362,160,202
El Paso,156-PAVO REAL REC CTR,"JUDGE, COURT OF CRIMINAL APPEALS, PLACE 7",,MARK W. BENNETT,LIB,180,2,165,0,347,182,165
El Paso,156-PAVO REAL REC CTR,"JUDGE, COURT OF CRIMINAL APPEALS, PLACE 8",,ELSA ALCALA,REP,178,7,231,0,416,185,231
El Paso,156-PAVO REAL REC CTR,"JUDGE, COURT OF CRIMINAL APPEALS, PLACE 8",,WILLIAM BRYAN STRANG,LIB,153,1,134,0,288,154,134
El Paso,156-PAVO REAL REC CTR,MEMBER STATE BOARD OF EDUCATION DISTRICT 1,,CARLOS CHARLIE GARZA,REP,80,3,99,0,182,83,99
El Paso,156-PAVO REAL REC CTR,MEMBER STATE BOARD OF EDUCATION DISTRICT 1,,MARTHA M. DOMINGUEZ,DEM,467,6,432,0,905,473,432
El Paso,156-PAVO REAL REC CTR,STATE SENATOR DISTRICT 29,,DAN CHAVEZ,REP,72,2,85,0,159,74,85
El Paso,156-PAVO REAL REC CTR,STATE SENATOR DISTRICT 29,,JOSE R. RODRIGUEZ,DEM,476,7,449,0,932,483,449
El Paso,156-PAVO REAL REC CTR,STATE REPRESENTATIVE DISTRICT 76,,NAOMI R. GONZALEZ,DEM,492,7,465,0,964,499,465
El Paso,156-PAVO REAL REC CTR,"CHIEF JUSTICE, COURT OF APPEALS 8TH DISTRICT",,ANN CRAWFORD MCCLURE,DEM,490,7,459,0,956,497,459
El Paso,156-PAVO REAL REC CTR,"JUSTICE, 8TH COURT OF APPEALS DISTRICT, PLACE 2",,CHRIS ANTCLIFF,REP,77,4,96,0,177,81,96
El Paso,156-PAVO REAL REC CTR,"JUSTICE, 8TH COURT OF APPEALS DISTRICT, PLACE 2",,YVONNE RODRIGUEZ,DEM,474,6,438,0,918,480,438
El Paso,156-PAVO REAL REC CTR,"JUSTICE, 8TH COURT OF APPEALS DISTRICT, PLACE 3",,GUADALUPE LUPE RIVER,DEM,486,7,467,0,960,493,467
El Paso,156-PAVO REAL REC CTR,"DISTRICT JUDGE, 34TH JUDICIAL DISTRICT",,BILL MOODY,DEM,490,7,466,0,963,497,466
El Paso,156-PAVO REAL REC CTR,"DISTRICT JUDGE, 41ST JUDICIAL DISTRICT",,ANNA PEREZ,DEM,485,7,464,0,956,492,464
El Paso,156-PAVO REAL REC CTR,"DISTRICT JUDGE, 243RD JUDICIAL DISTRICT",,BILLY DON HICKS,REP,109,3,97,0,209,112,97
El Paso,156-PAVO REAL REC CTR,"DISTRICT JUDGE, 243RD JUDICIAL DISTRICT",,LUIS AGUILAR,DEM,436,6,438,0,880,442,438
El Paso,156-PAVO REAL REC CTR,"DISTRICT JUDGE, 346TH JUDICIAL DISTRICT",,ANGIE J. BARILL,DEM,492,7,460,0,959,499,460
El Paso,156-PAVO REAL REC CTR,"DISTRICT JUDGE, 383RD JUDICIAL DISTRICT",,MIKE HERRERA,DEM,492,7,468,0,967,499,468
El Paso,156-PAVO REAL REC CTR,"DISTRICT JUDGE, 384TH JUDICIAL DISTRICT",,PATRICK M. GARCIA,DEM,487,7,459,0,953,494,459
El Paso,156-PAVO REAL REC CTR,"DISTRICT JUDGE, 388TH JUDICIAL DISTRICT",,LAURA STRATHMANN,DEM,488,7,462,0,957,495,462
El Paso,156-PAVO REAL REC CTR,"DISTRICT JUDGE, 409TH JUDICIAL DISTRICT",,SAM MEDRANO JR,DEM,488,7,462,0,957,495,462
El Paso,156-PAVO REAL REC CTR,"DISTRICT JUDGE, 448TH JUDICIAL DISTRICT",,SERGIO H. ENRIQUEZ,DEM,484,7,463,0,954,491,463
El Paso,156-PAVO REAL REC CTR,"CRIMINAL DISTRICT JUDGE, COURT NO. 1",,DIANE NAVARRETE,DEM,484,7,462,0,953,491,462
El Paso,156-PAVO REAL REC CTR,"FAMILY DISTRICT JUDGE, 65TH JUDICIAL DISTRICT",,YAHARA L. GUTIERREZ,DEM,487,7,464,0,958,494,464
El Paso,156-PAVO REAL REC CTR,"DISTRICT ATTORNEY, 34TH JUDICIAL DISTRICT",,JAIME ESPARZA,DEM,486,7,467,0,960,493,467
El Paso,156-PAVO REAL REC CTR,"JUDGE, COUNTY CRIMINAL COURT NO. 3",,CARLOS CARRASCO,DEM,486,7,466,0,959,493,466
El Paso,156-PAVO REAL REC CTR,"JUDGE, COUNTY CRIMINAL COURT NO. 4",,JESUS HERRERA,DEM,485,7,464,0,956,492,464
El Paso,156-PAVO REAL REC CTR,COUNTY ATTORNEY,,JO ANNE BERNAL,DEM,490,7,461,0,958,497,461
El Paso,156-PAVO REAL REC CTR,SHERIFF,,RICHARD D. WILES,DEM,494,7,474,0,975,501,474
El Paso,156-PAVO REAL REC CTR,COUNTY TAX ASSESSOR COLLECTOR,,VICTOR A. FLORES,DEM,491,6,463,0,960,497,463
El Paso,156-PAVO REAL REC CTR,"COUNTY COMMISSIONER, PRECINCT NO. 3",,FRED CHAVEZ,REP,82,5,105,0,192,87,105
El Paso,156-PAVO REAL REC CTR,"COUNTY COMMISSIONER, PRECINCT NO. 3",,VINCENT VINCE PEREZ,DEM,472,5,428,0,905,477,428
El Paso,156-PAVO REAL REC CTR,"CONSTABLE, PRECINCT NO. 5",,MANNY LOPEZ,DEM,485,7,467,0,959,492,467
El Paso,157-SOUTH LOOP ELEMENTARY,"CITY OF EL PASO, PROPOSITION",,FOR (A FAVOR),NP,241,3,275,0,519,244,275
El Paso,157-SOUTH LOOP ELEMENTARY,"CITY OF EL PASO, PROPOSITION",,AGAINST (EN CONTRA),NP,67,1,57,0,125,68,57
El Paso,157-SOUTH LOOP ELEMENTARY,"CITY OF EL PASO, PROPOSITION",,FOR (A FAVOR),NP,210,4,258,0,472,214,258
El Paso,157-SOUTH LOOP ELEMENTARY,"CITY OF EL PASO, PROPOSITION",,AGAINST (EN CONTRA),NP,81,1,64,0,146,82,64
El Paso,157-SOUTH LOOP ELEMENTARY,"CITY OF EL PASO, PROPOSITION",,FOR (A FAVOR),NP,176,3,189,0,368,179,189
El Paso,157-SOUTH LOOP ELEMENTARY,"CITY OF EL PASO, PROPOSITION",,AGAINST (EN CONTRA),NP,117,2,139,0,258,119,139
El Paso,157-SOUTH LOOP ELEMENTARY,STRAIGHT PARTY,,REPUBLICAN,REP,28,2,29,0,59,30,29
El Paso,157-SOUTH LOOP ELEMENTARY,STRAIGHT PARTY,,DEMOCRAT,DEM,208,0,236,0,444,208,236
El Paso,157-SOUTH LOOP ELEMENTARY,STRAIGHT PARTY,,LIBERTARIAN,LIB,0,0,2,0,2,0,2
El Paso,157-SOUTH LOOP ELEMENTARY,STRAIGHT PARTY,,GREEN,GRN,0,0,1,0,1,0,1
El Paso,157-SOUTH LOOP ELEMENTARY,US PRESIDENT,,MITT ROMNEY,REP,52,3,48,0,103,55,48
El Paso,157-SOUTH LOOP ELEMENTARY,US PRESIDENT,,BARACK OBAMA,DEM,265,2,318,0,585,267,318
El Paso,157-SOUTH LOOP ELEMENTARY,US PRESIDENT,,GARY JOHNSON,LIB,0,0,5,0,5,0,5
El Paso,157-SOUTH LOOP ELEMENTARY,US PRESIDENT,,JILL STEIN,GRN,0,0,0,0,0,0,0
El Paso,157-SOUTH LOOP ELEMENTARY,US PRESIDENT,,WRITE-IN,NP,0,0,0,0,0,0,0
El Paso,157-SOUTH LOOP ELEMENTARY,US SENATOR,,TED CRUZ,REP,62,3,51,0,116,65,51
El Paso,157-SOUTH LOOP ELEMENTARY,US SENATOR,,PAUL SADLER,DEM,243,2,282,0,527,245,282
El Paso,157-SOUTH LOOP ELEMENTARY,US SENATOR,,JOHN JAY MYERS,LIB,3,0,8,0,11,3,8
El Paso,157-SOUTH LOOP ELEMENTARY,US SENATOR,,DAVID B. COLLINS,GRN,2,0,4,0,6,2,4
El Paso,157-SOUTH LOOP ELEMENTARY,US REP DISTRICT 23,,FRANCISCO QUICO CANS,REP,49,3,45,0,97,52,45
El Paso,157-SOUTH LOOP ELEMENTARY,US REP DISTRICT 23,,PETE P. GALLEGO,DEM,258,1,285,0,544,259,285
El Paso,157-SOUTH LOOP ELEMENTARY,US REP DISTRICT 23,,JEFFREY C. BLUNT,LIB,4,0,9,0,13,4,9
El Paso,157-SOUTH LOOP ELEMENTARY,US REP DISTRICT 23,,ED SCHARF,GRN,0,0,5,0,5,0,5
El Paso,157-SOUTH LOOP ELEMENTARY,RAILROAD COMMISSIONER,,CHRISTI CRADDICK,REP,46,3,45,0,94,49,45
El Paso,157-SOUTH LOOP ELEMENTARY,RAILROAD COMMISSIONER,,DALE HENRY,DEM,247,1,269,0,517,248,269
El Paso,157-SOUTH LOOP ELEMENTARY,RAILROAD COMMISSIONER,,VIVEKANANDA (VIK) WA,LIB,5,0,13,0,18,5,13
El Paso,157-SOUTH LOOP ELEMENTARY,RAILROAD COMMISSIONER,,CHRIS KENNEDY,GRN,8,0,11,0,19,8,11
El Paso,157-SOUTH LOOP ELEMENTARY,RAILROAD COMMISSIONER,,BARRY SMITHERMAN,REP,63,3,58,0,124,66,58
El Paso,157-SOUTH LOOP ELEMENTARY,RAILROAD COMMISSIONER,,JAIME O. PEREZ,LIB,111,1,156,0,268,112,156
El Paso,157-SOUTH LOOP ELEMENTARY,RAILROAD COMMISSIONER,,JOSH WENDEL,GRN,22,0,23,0,45,22,23
El Paso,157-SOUTH LOOP ELEMENTARY,"JUSTICE, SUPREME COURT, PLACE 2",,DON WILLETT,REP,86,3,95,0,184,89,95
El Paso,157-SOUTH LOOP ELEMENTARY,"JUSTICE, SUPREME COURT, PLACE 2",,RS ROBERT KOELSCH,LIB,95,1,131,0,227,96,131
El Paso,157-SOUTH LOOP ELEMENTARY,"JUSTICE, SUPREME COURT, PLACE 4",,JOHN DEVINE,REP,86,3,90,0,179,89,90
El Paso,157-SOUTH LOOP ELEMENTARY,"JUSTICE, SUPREME COURT, PLACE 4",,TOM OXFORD,LIB,66,0,106,0,172,66,106
El Paso,157-SOUTH LOOP ELEMENTARY,"JUSTICE, SUPREME COURT, PLACE 4",,CHARLES E. WATERBURY,GRN,26,1,32,0,59,27,32
El Paso,157-SOUTH LOOP ELEMENTARY,"JUSTICE, SUPREME COURT, PLACE 6",,NATHAN HECHT,REP,47,3,39,0,89,50,39
El Paso,157-SOUTH LOOP ELEMENTARY,"JUSTICE, SUPREME COURT, PLACE 6",,MICHELE PETTY,DEM,253,1,284,0,538,254,284
El Paso,157-SOUTH LOOP ELEMENTARY,"JUSTICE, SUPREME COURT, PLACE 6",,MARK ASH,LIB,3,0,9,0,12,3,9
El Paso,157-SOUTH LOOP ELEMENTARY,"JUSTICE, SUPREME COURT, PLACE 6",,JIM CHISHOLM,GRN,4,0,6,0,10,4,6
El Paso,157-SOUTH LOOP ELEMENTARY,"PRESIDING JUDGE, COURT OF CRIMINAL APPEALS",,SHARON KELLER,REP,54,3,47,0,104,57,47
El Paso,157-SOUTH LOOP ELEMENTARY,"PRESIDING JUDGE, COURT OF CRIMINAL APPEALS",,KEITH HAMPTON,DEM,247,1,276,0,524,248,276
El Paso,157-SOUTH LOOP ELEMENTARY,"PRESIDING JUDGE, COURT OF CRIMINAL APPEALS",,LANCE STOTT,LIB,4,0,12,0,16,4,12
El Paso,157-SOUTH LOOP ELEMENTARY,"JUDGE, COURT OF CRIMINAL APPEALS, PLACE 7",,BARBARA PARKER HERVE,REP,101,4,100,0,205,105,100
El Paso,157-SOUTH LOOP ELEMENTARY,"JUDGE, COURT OF CRIMINAL APPEALS, PLACE 7",,MARK W. BENNETT,LIB,82,0,133,0,215,82,133
El Paso,157-SOUTH LOOP ELEMENTARY,"JUDGE, COURT OF CRIMINAL APPEALS, PLACE 8",,ELSA ALCALA,REP,109,4,116,0,229,113,116
El Paso,157-SOUTH LOOP ELEMENTARY,"JUDGE, COURT OF CRIMINAL APPEALS, PLACE 8",,WILLIAM BRYAN STRANG,LIB,71,0,113,0,184,71,113
El Paso,157-SOUTH LOOP ELEMENTARY,MEMBER STATE BOARD OF EDUCATION DISTRICT 1,,CARLOS CHARLIE GARZA,REP,54,3,41,0,98,57,41
El Paso,157-SOUTH LOOP ELEMENTARY,MEMBER STATE BOARD OF EDUCATION DISTRICT 1,,MARTHA M. DOMINGUEZ,DEM,254,1,294,0,549,255,294
El Paso,157-SOUTH LOOP ELEMENTARY,STATE SENATOR DISTRICT 29,,DAN CHAVEZ,REP,48,3,41,0,92,51,41
El Paso,157-SOUTH LOOP ELEMENTARY,STATE SENATOR DISTRICT 29,,JOSE R. RODRIGUEZ,DEM,266,1,302,0,569,267,302
El Paso,157-SOUTH LOOP ELEMENTARY,STATE REPRESENTATIVE DISTRICT 75,,MARY E. GONZALEZ,DEM,277,1,308,0,586,278,308
El Paso,157-SOUTH LOOP ELEMENTARY,"CHIEF JUSTICE, COURT OF APPEALS 8TH DISTRICT",,ANN CRAWFORD MCCLURE,DEM,268,1,305,0,574,269,305
El Paso,157-SOUTH LOOP ELEMENTARY,"JUSTICE, 8TH COURT OF APPEALS DISTRICT, PLACE 2",,CHRIS ANTCLIFF,REP,48,4,40,0,92,52,40
El Paso,157-SOUTH LOOP ELEMENTARY,"JUSTICE, 8TH COURT OF APPEALS DISTRICT, PLACE 2",,YVONNE RODRIGUEZ,DEM,259,0,300,0,559,259,300
El Paso,157-SOUTH LOOP ELEMENTARY,"JUSTICE, 8TH COURT OF APPEALS DISTRICT, PLACE 3",,GUADALUPE LUPE RIVER,DEM,267,1,305,0,573,268,305
El Paso,157-SOUTH LOOP ELEMENTARY,"DISTRICT JUDGE, 34TH JUDICIAL DISTRICT",,BILL MOODY,DEM,268,1,302,0,571,269,302
El Paso,157-SOUTH LOOP ELEMENTARY,"DISTRICT JUDGE, 41ST JUDICIAL DISTRICT",,ANNA PEREZ,DEM,271,1,302,0,574,272,302
El Paso,157-SOUTH LOOP ELEMENTARY,"DISTRICT JUDGE, 243RD JUDICIAL DISTRICT",,BILLY DON HICKS,REP,66,4,46,0,116,70,46
El Paso,157-SOUTH LOOP ELEMENTARY,"DISTRICT JUDGE, 243RD JUDICIAL DISTRICT",,LUIS AGUILAR,DEM,244,0,294,0,538,244,294
El Paso,157-SOUTH LOOP ELEMENTARY,"DISTRICT JUDGE, 346TH JUDICIAL DISTRICT",,ANGIE J. BARILL,DEM,266,1,301,0,568,267,301
El Paso,157-SOUTH LOOP ELEMENTARY,"DISTRICT JUDGE, 383RD JUDICIAL DISTRICT",,MIKE HERRERA,DEM,268,1,307,0,576,269,307
El Paso,157-SOUTH LOOP ELEMENTARY,"DISTRICT JUDGE, 384TH JUDICIAL DISTRICT",,PATRICK M. GARCIA,DEM,270,1,305,0,576,271,305
El Paso,157-SOUTH LOOP ELEMENTARY,"DISTRICT JUDGE, 388TH JUDICIAL DISTRICT",,LAURA STRATHMANN,DEM,274,1,308,0,583,275,308
El Paso,157-SOUTH LOOP ELEMENTARY,"DISTRICT JUDGE, 409TH JUDICIAL DISTRICT",,SAM MEDRANO JR,DEM,269,1,305,0,575,270,305
El Paso,157-SOUTH LOOP ELEMENTARY,"DISTRICT JUDGE, 448TH JUDICIAL DISTRICT",,SERGIO H. ENRIQUEZ,DEM,268,1,311,0,580,269,311
El Paso,157-SOUTH LOOP ELEMENTARY,"CRIMINAL DISTRICT JUDGE, COURT NO. 1",,DIANE NAVARRETE,DEM,270,1,308,0,579,271,308
El Paso,157-SOUTH LOOP ELEMENTARY,"FAMILY DISTRICT JUDGE, 65TH JUDICIAL DISTRICT",,YAHARA L. GUTIERREZ,DEM,268,1,312,0,581,269,312
El Paso,157-SOUTH LOOP ELEMENTARY,"DISTRICT ATTORNEY, 34TH JUDICIAL DISTRICT",,JAIME ESPARZA,DEM,269,1,303,0,573,270,303
El Paso,157-SOUTH LOOP ELEMENTARY,"JUDGE, COUNTY CRIMINAL COURT NO. 3",,CARLOS CARRASCO,DEM,266,1,303,0,570,267,303
El Paso,157-SOUTH LOOP ELEMENTARY,"JUDGE, COUNTY CRIMINAL COURT NO. 4",,JESUS HERRERA,DEM,266,1,303,0,570,267,303
El Paso,157-SOUTH LOOP ELEMENTARY,COUNTY ATTORNEY,,JO ANNE BERNAL,DEM,268,1,305,0,574,269,305
El Paso,157-SOUTH LOOP ELEMENTARY,SHERIFF,,RICHARD D. WILES,DEM,276,1,308,0,585,277,308
El Paso,157-SOUTH LOOP ELEMENTARY,COUNTY TAX ASSESSOR COLLECTOR,,VICTOR A. FLORES,DEM,274,1,310,0,585,275,310
El Paso,157-SOUTH LOOP ELEMENTARY,"COUNTY COMMISSIONER, PRECINCT NO. 3",,FRED CHAVEZ,REP,54,3,65,0,122,57,65
El Paso,157-SOUTH LOOP ELEMENTARY,"COUNTY COMMISSIONER, PRECINCT NO. 3",,VINCENT VINCE PEREZ,DEM,259,1,276,0,536,260,276
El Paso,157-SOUTH LOOP ELEMENTARY,"CONSTABLE, PRECINCT NO. 5",,MANNY LOPEZ,DEM,266,1,310,0,577,267,310
El Paso,158-HORIZON HEIGHTS ELEMENTARY,HRMUD PROPOSITION 1,,FOR (A FAVOR),NP,483,13,312,0,808,496,312
El Paso,158-HORIZON HEIGHTS ELEMENTARY,HRMUD PROPOSITION 1,,AGAINST (EN CONTRA),NP,408,18,213,0,639,426,213
El Paso,158-HORIZON HEIGHTS ELEMENTARY,"LOWER VALLEY WATER DIST, PLACE 4",,DAVID ARMSTRONG,NP,2,0,0,0,2,2,0
El Paso,158-HORIZON HEIGHTS ELEMENTARY,"LOWER VALLEY WATER DIST, PLACE 4",,JERRY GRIJALVA,NP,0,0,0,0,0,0,0
El Paso,158-HORIZON HEIGHTS ELEMENTARY,"LOWER VALLEY WATER DIST, PLACE 4",,DAVID T GARCIA,NP,0,0,1,0,1,0,1
El Paso,158-HORIZON HEIGHTS ELEMENTARY,"LOWER VALLEY WATER DIST, PLACE 5",,DAVID CARRASCO,NP,0,0,1,0,1,0,1
El Paso,158-HORIZON HEIGHTS ELEMENTARY,"LOWER VALLEY WATER DIST, PLACE 5",,WARREN JORGENSEN,NP,2,0,0,0,2,2,0
El Paso,158-HORIZON HEIGHTS ELEMENTARY,STRAIGHT PARTY,,REPUBLICAN,REP,328,20,162,1,511,348,163
El Paso,158-HORIZON HEIGHTS ELEMENTARY,STRAIGHT PARTY,,DEMOCRAT,DEM,370,8,334,0,712,378,334
El Paso,158-HORIZON HEIGHTS ELEMENTARY,STRAIGHT PARTY,,LIBERTARIAN,LIB,8,0,4,0,12,8,4
El Paso,158-HORIZON HEIGHTS ELEMENTARY,STRAIGHT PARTY,,GREEN,GRN,2,0,1,0,3,2,1
El Paso,158-HORIZON HEIGHTS ELEMENTARY,US PRESIDENT,,MITT ROMNEY,REP,651,30,325,1,1007,681,326
El Paso,158-HORIZON HEIGHTS ELEMENTARY,US PRESIDENT,,BARACK OBAMA,DEM,735,15,509,0,1259,750,509
El Paso,158-HORIZON HEIGHTS ELEMENTARY,US PRESIDENT,,GARY JOHNSON,LIB,11,0,10,0,21,11,10
El Paso,158-HORIZON HEIGHTS ELEMENTARY,US PRESIDENT,,JILL STEIN,GRN,4,0,1,0,5,4,1
El Paso,158-HORIZON HEIGHTS ELEMENTARY,US PRESIDENT,,WRITE-IN,NP,0,0,0,0,0,0,0
El Paso,158-HORIZON HEIGHTS ELEMENTARY,US SENATOR,,TED CRUZ,REP,686,30,333,1,1050,716,334
El Paso,158-HORIZON HEIGHTS ELEMENTARY,US SENATOR,,PAUL SADLER,DEM,645,11,463,0,1119,656,463
El Paso,158-HORIZON HEIGHTS ELEMENTARY,US SENATOR,,JOHN JAY MYERS,LIB,26,0,18,0,44,26,18
El Paso,158-HORIZON HEIGHTS ELEMENTARY,US SENATOR,,DAVID B. COLLINS,GRN,10,0,10,0,20,10,10
El Paso,158-HORIZON HEIGHTS ELEMENTARY,US REP DISTRICT 16,,BARBARA CARRASCO,REP,589,30,321,1,941,619,322
El Paso,158-HORIZON HEIGHTS ELEMENTARY,US REP DISTRICT 16,,BETO OROURKE,DEM,784,12,502,0,1298,796,502
El Paso,158-HORIZON HEIGHTS ELEMENTARY,US REP DISTRICT 16,,JUNART SODOY,LIB,19,0,12,0,31,19,12
El Paso,158-HORIZON HEIGHTS ELEMENTARY,RAILROAD COMMISSIONER,,CHRISTI CRADDICK,REP,602,31,289,1,923,633,290
El Paso,158-HORIZON HEIGHTS ELEMENTARY,RAILROAD COMMISSIONER,,DALE HENRY,DEM,639,11,467,0,1117,650,467
El Paso,158-HORIZON HEIGHTS ELEMENTARY,RAILROAD COMMISSIONER,,VIVEKANANDA (VIK) WA,LIB,36,0,17,0,53,36,17
El Paso,158-HORIZON HEIGHTS ELEMENTARY,RAILROAD COMMISSIONER,,CHRIS KENNEDY,GRN,52,0,36,0,88,52,36
El Paso,158-HORIZON HEIGHTS ELEMENTARY,RAILROAD COMMISSIONER,,BARRY SMITHERMAN,REP,680,29,328,1,1038,709,329
El Paso,158-HORIZON HEIGHTS ELEMENTARY,RAILROAD COMMISSIONER,,JAIME O. PEREZ,LIB,384,6,274,0,664,390,274
El Paso,158-HORIZON HEIGHTS ELEMENTARY,RAILROAD COMMISSIONER,,JOSH WENDEL,GRN,84,1,59,0,144,85,59
El Paso,158-HORIZON HEIGHTS ELEMENTARY,"JUSTICE, SUPREME COURT, PLACE 2",,DON WILLETT,REP,784,33,416,1,1234,817,417
El Paso,158-HORIZON HEIGHTS ELEMENTARY,"JUSTICE, SUPREME COURT, PLACE 2",,RS ROBERT KOELSCH,LIB,346,2,224,0,572,348,224
El Paso,158-HORIZON HEIGHTS ELEMENTARY,"JUSTICE, SUPREME COURT, PLACE 4",,JOHN DEVINE,REP,742,34,399,1,1176,776,400
El Paso,158-HORIZON HEIGHTS ELEMENTARY,"JUSTICE, SUPREME COURT, PLACE 4",,TOM OXFORD,LIB,295,2,180,0,477,297,180
El Paso,158-HORIZON HEIGHTS ELEMENTARY,"JUSTICE, SUPREME COURT, PLACE 4",,CHARLES E. WATERBURY,GRN,97,0,66,0,163,97,66
El Paso,158-HORIZON HEIGHTS ELEMENTARY,"JUSTICE, SUPREME COURT, PLACE 6",,NATHAN HECHT,REP,573,30,284,1,888,603,285
El Paso,158-HORIZON HEIGHTS ELEMENTARY,"JUSTICE, SUPREME COURT, PLACE 6",,MICHELE PETTY,DEM,682,11,474,0,1167,693,474
El Paso,158-HORIZON HEIGHTS ELEMENTARY,"JUSTICE, SUPREME COURT, PLACE 6",,MARK ASH,LIB,37,0,21,0,58,37,21
El Paso,158-HORIZON HEIGHTS ELEMENTARY,"JUSTICE, SUPREME COURT, PLACE 6",,JIM CHISHOLM,GRN,32,1,21,0,54,33,21
El Paso,158-HORIZON HEIGHTS ELEMENTARY,"PRESIDING JUDGE, COURT OF CRIMINAL APPEALS",,SHARON KELLER,REP,625,26,304,1,956,651,305
El Paso,158-HORIZON HEIGHTS ELEMENTARY,"PRESIDING JUDGE, COURT OF CRIMINAL APPEALS",,KEITH HAMPTON,DEM,659,11,474,0,1144,670,474
El Paso,158-HORIZON HEIGHTS ELEMENTARY,"PRESIDING JUDGE, COURT OF CRIMINAL APPEALS",,LANCE STOTT,LIB,38,4,21,0,63,42,21
El Paso,158-HORIZON HEIGHTS ELEMENTARY,"JUDGE, COURT OF CRIMINAL APPEALS, PLACE 7",,BARBARA PARKER HERVE,REP,800,34,427,1,1262,834,428
El Paso,158-HORIZON HEIGHTS ELEMENTARY,"JUDGE, COURT OF CRIMINAL APPEALS, PLACE 7",,MARK W. BENNETT,LIB,329,1,210,0,540,330,210
El Paso,158-HORIZON HEIGHTS ELEMENTARY,"JUDGE, COURT OF CRIMINAL APPEALS, PLACE 8",,ELSA ALCALA,REP,816,33,450,1,1300,849,451
El Paso,158-HORIZON HEIGHTS ELEMENTARY,"JUDGE, COURT OF CRIMINAL APPEALS, PLACE 8",,WILLIAM BRYAN STRANG,LIB,309,3,186,0,498,312,186
El Paso,158-HORIZON HEIGHTS ELEMENTARY,MEMBER STATE BOARD OF EDUCATION DISTRICT 1,,CARLOS CHARLIE GARZA,REP,651,29,312,1,993,680,313
El Paso,158-HORIZON HEIGHTS ELEMENTARY,MEMBER STATE BOARD OF EDUCATION DISTRICT 1,,MARTHA M. DOMINGUEZ,DEM,690,12,494,0,1196,702,494
El Paso,158-HORIZON HEIGHTS ELEMENTARY,STATE SENATOR DISTRICT 29,,DAN CHAVEZ,REP,601,31,303,1,936,632,304
El Paso,158-HORIZON HEIGHTS ELEMENTARY,STATE SENATOR DISTRICT 29,,JOSE R. RODRIGUEZ,DEM,754,10,519,0,1283,764,519
El Paso,158-HORIZON HEIGHTS ELEMENTARY,STATE REPRESENTATIVE DISTRICT 75,,MARY E. GONZALEZ,DEM,836,19,595,0,1450,855,595
El Paso,158-HORIZON HEIGHTS ELEMENTARY,"CHIEF JUSTICE, COURT OF APPEALS 8TH DISTRICT",,ANN CRAWFORD MCCLURE,DEM,820,18,586,0,1424,838,586
El Paso,158-HORIZON HEIGHTS ELEMENTARY,"JUSTICE, 8TH COURT OF APPEALS DISTRICT, PLACE 2",,CHRIS ANTCLIFF,REP,642,30,298,1,971,672,299
El Paso,158-HORIZON HEIGHTS ELEMENTARY,"JUSTICE, 8TH COURT OF APPEALS DISTRICT, PLACE 2",,YVONNE RODRIGUEZ,DEM,694,10,510,0,1214,704,510
El Paso,158-HORIZON HEIGHTS ELEMENTARY,"JUSTICE, 8TH COURT OF APPEALS DISTRICT, PLACE 3",,GUADALUPE LUPE RIVER,DEM,833,19,596,0,1448,852,596
El Paso,158-HORIZON HEIGHTS ELEMENTARY,"DISTRICT JUDGE, 34TH JUDICIAL DISTRICT",,BILL MOODY,DEM,848,17,600,0,1465,865,600
El Paso,158-HORIZON HEIGHTS ELEMENTARY,"DISTRICT JUDGE, 41ST JUDICIAL DISTRICT",,ANNA PEREZ,DEM,826,17,591,0,1434,843,591
El Paso,158-HORIZON HEIGHTS ELEMENTARY,"DISTRICT JUDGE, 243RD JUDICIAL DISTRICT",,BILLY DON HICKS,REP,650,33,303,1,987,683,304
El Paso,158-HORIZON HEIGHTS ELEMENTARY,"DISTRICT JUDGE, 243RD JUDICIAL DISTRICT",,LUIS AGUILAR,DEM,686,9,496,0,1191,695,496
El Paso,158-HORIZON HEIGHTS ELEMENTARY,"DISTRICT JUDGE, 346TH JUDICIAL DISTRICT",,ANGIE J. BARILL,DEM,820,16,585,0,1421,836,585
El Paso,158-HORIZON HEIGHTS ELEMENTARY,"DISTRICT JUDGE, 383RD JUDICIAL DISTRICT",,MIKE HERRERA,DEM,822,16,588,0,1426,838,588
El Paso,158-HORIZON HEIGHTS ELEMENTARY,"DISTRICT JUDGE, 384TH JUDICIAL DISTRICT",,PATRICK M. GARCIA,DEM,820,15,584,0,1419,835,584
El Paso,158-HORIZON HEIGHTS ELEMENTARY,"DISTRICT JUDGE, 388TH JUDICIAL DISTRICT",,LAURA STRATHMANN,DEM,816,15,586,0,1417,831,586
El Paso,158-HORIZON HEIGHTS ELEMENTARY,"DISTRICT JUDGE, 409TH JUDICIAL DISTRICT",,SAM MEDRANO JR,DEM,815,16,588,0,1419,831,588
El Paso,158-HORIZON HEIGHTS ELEMENTARY,"DISTRICT JUDGE, 448TH JUDICIAL DISTRICT",,SERGIO H. ENRIQUEZ,DEM,806,15,583,0,1404,821,583
El Paso,158-HORIZON HEIGHTS ELEMENTARY,"CRIMINAL DISTRICT JUDGE, COURT NO. 1",,DIANE NAVARRETE,DEM,811,16,578,0,1405,827,578
El Paso,158-HORIZON HEIGHTS ELEMENTARY,"FAMILY DISTRICT JUDGE, 65TH JUDICIAL DISTRICT",,YAHARA L. GUTIERREZ,DEM,812,16,584,0,1412,828,584
El Paso,158-HORIZON HEIGHTS ELEMENTARY,"DISTRICT ATTORNEY, 34TH JUDICIAL DISTRICT",,JAIME ESPARZA,DEM,831,16,583,0,1430,847,583
El Paso,158-HORIZON HEIGHTS ELEMENTARY,"JUDGE, COUNTY CRIMINAL COURT NO. 3",,CARLOS CARRASCO,DEM,803,16,577,0,1396,819,577
El Paso,158-HORIZON HEIGHTS ELEMENTARY,"JUDGE, COUNTY CRIMINAL COURT NO. 4",,JESUS HERRERA,DEM,805,16,574,0,1395,821,574
El Paso,158-HORIZON HEIGHTS ELEMENTARY,COUNTY ATTORNEY,,JO ANNE BERNAL,DEM,817,16,575,0,1408,833,575
El Paso,158-HORIZON HEIGHTS ELEMENTARY,SHERIFF,,RICHARD D. WILES,DEM,878,22,599,0,1499,900,599
El Paso,158-HORIZON HEIGHTS ELEMENTARY,COUNTY TAX ASSESSOR COLLECTOR,,VICTOR A. FLORES,DEM,853,19,588,0,1460,872,588
El Paso,158-HORIZON HEIGHTS ELEMENTARY,"COUNTY COMMISSIONER, PRECINCT NO. 3",,FRED CHAVEZ,REP,606,27,302,1,936,633,303
El Paso,158-HORIZON HEIGHTS ELEMENTARY,"COUNTY COMMISSIONER, PRECINCT NO. 3",,VINCENT VINCE PEREZ,DEM,714,13,498,0,1225,727,498
El Paso,158-HORIZON HEIGHTS ELEMENTARY,"CONSTABLE, PRECINCT NO. 6",,JAVIER GARCIA,DEM,817,16,575,0,1408,833,575
El Paso,159-SPARKS COMM CTR,HRMUD PROPOSITION 1,,FOR (A FAVOR),NP,4,0,4,0,8,4,4
El Paso,159-SPARKS COMM CTR,HRMUD PROPOSITION 1,,AGAINST (EN CONTRA),NP,2,0,6,0,8,2,6
El Paso,159-SPARKS COMM CTR,"LOWER VALLEY WATER DIST, PLACE 4",,DAVID ARMSTRONG,NP,24,0,53,0,77,24,53
El Paso,159-SPARKS COMM CTR,"LOWER VALLEY WATER DIST, PLACE 4",,JERRY GRIJALVA,NP,32,0,72,0,104,32,72
El Paso,159-SPARKS COMM CTR,"LOWER VALLEY WATER DIST, PLACE 4",,DAVID T GARCIA,NP,34,1,107,0,142,35,107
El Paso,159-SPARKS COMM CTR,"LOWER VALLEY WATER DIST, PLACE 5",,DAVID CARRASCO,NP,82,1,198,0,281,83,198
El Paso,159-SPARKS COMM CTR,"LOWER VALLEY WATER DIST, PLACE 5",,WARREN JORGENSEN,NP,11,0,38,0,49,11,38
El Paso,159-SPARKS COMM CTR,STRAIGHT PARTY,,REPUBLICAN,REP,11,2,48,0,61,13,48
El Paso,159-SPARKS COMM CTR,STRAIGHT PARTY,,DEMOCRAT,DEM,101,1,315,0,417,102,315
El Paso,159-SPARKS COMM CTR,STRAIGHT PARTY,,LIBERTARIAN,LIB,1,0,3,0,4,1,3
El Paso,159-SPARKS COMM CTR,STRAIGHT PARTY,,GREEN,GRN,0,0,4,0,4,0,4
El Paso,159-SPARKS COMM CTR,US PRESIDENT,,MITT ROMNEY,REP,12,2,56,0,70,14,56
El Paso,159-SPARKS COMM CTR,US PRESIDENT,,BARACK OBAMA,DEM,117,1,346,0,464,118,346
El Paso,159-SPARKS COMM CTR,US PRESIDENT,,GARY JOHNSON,LIB,3,0,4,0,7,3,4
El Paso,159-SPARKS COMM CTR,US PRESIDENT,,JILL STEIN,GRN,0,0,1,0,1,0,1
El Paso,159-SPARKS COMM CTR,US PRESIDENT,,WRITE-IN,NP,0,0,0,0,0,0,0
El Paso,159-SPARKS COMM CTR,US SENATOR,,TED CRUZ,REP,17,2,68,0,87,19,68
El Paso,159-SPARKS COMM CTR,US SENATOR,,PAUL SADLER,DEM,105,1,320,0,426,106,320
El Paso,159-SPARKS COMM CTR,US SENATOR,,JOHN JAY MYERS,LIB,2,0,4,0,6,2,4
El Paso,159-SPARKS COMM CTR,US SENATOR,,DAVID B. COLLINS,GRN,3,0,9,0,12,3,9
El Paso,159-SPARKS COMM CTR,US REP DISTRICT 16,,BARBARA CARRASCO,REP,19,2,83,0,104,21,83
El Paso,159-SPARKS COMM CTR,US REP DISTRICT 16,,BETO OROURKE,DEM,106,1,314,0,421,107,314
El Paso,159-SPARKS COMM CTR,US REP DISTRICT 16,,JUNART SODOY,LIB,2,0,4,0,6,2,4
El Paso,159-SPARKS COMM CTR,RAILROAD COMMISSIONER,,CHRISTI CRADDICK,REP,17,2,54,0,73,19,54
El Paso,159-SPARKS COMM CTR,RAILROAD COMMISSIONER,,DALE HENRY,DEM,104,1,327,0,432,105,327
El Paso,159-SPARKS COMM CTR,RAILROAD COMMISSIONER,,VIVEKANANDA (VIK) WA,LIB,3,0,4,0,7,3,4
El Paso,159-SPARKS COMM CTR,RAILROAD COMMISSIONER,,CHRIS KENNEDY,GRN,1,0,14,0,15,1,14
El Paso,159-SPARKS COMM CTR,RAILROAD COMMISSIONER,,BARRY SMITHERMAN,REP,19,2,84,0,105,21,84
El Paso,159-SPARKS COMM CTR,RAILROAD COMMISSIONER,,JAIME O. PEREZ,LIB,50,0,144,0,194,50,144
El Paso,159-SPARKS COMM CTR,RAILROAD COMMISSIONER,,JOSH WENDEL,GRN,3,0,20,0,23,3,20
El Paso,159-SPARKS COMM CTR,"JUSTICE, SUPREME COURT, PLACE 2",,DON WILLETT,REP,27,2,116,0,145,29,116
El Paso,159-SPARKS COMM CTR,"JUSTICE, SUPREME COURT, PLACE 2",,RS ROBERT KOELSCH,LIB,37,0,122,0,159,37,122
El Paso,159-SPARKS COMM CTR,"JUSTICE, SUPREME COURT, PLACE 4",,JOHN DEVINE,REP,28,2,98,0,128,30,98
El Paso,159-SPARKS COMM CTR,"JUSTICE, SUPREME COURT, PLACE 4",,TOM OXFORD,LIB,29,0,93,0,122,29,93
El Paso,159-SPARKS COMM CTR,"JUSTICE, SUPREME COURT, PLACE 4",,CHARLES E. WATERBURY,GRN,8,0,42,0,50,8,42
El Paso,159-SPARKS COMM CTR,"JUSTICE, SUPREME COURT, PLACE 6",,NATHAN HECHT,REP,13,2,49,0,64,15,49
El Paso,159-SPARKS COMM CTR,"JUSTICE, SUPREME COURT, PLACE 6",,MICHELE PETTY,DEM,111,1,336,0,448,112,336
El Paso,159-SPARKS COMM CTR,"JUSTICE, SUPREME COURT, PLACE 6",,MARK ASH,LIB,3,0,8,0,11,3,8
El Paso,159-SPARKS COMM CTR,"JUSTICE, SUPREME COURT, PLACE 6",,JIM CHISHOLM,GRN,1,0,4,0,5,1,4
El Paso,159-SPARKS COMM CTR,"PRESIDING JUDGE, COURT OF CRIMINAL APPEALS",,SHARON KELLER,REP,16,2,62,0,80,18,62
El Paso,159-SPARKS COMM CTR,"PRESIDING JUDGE, COURT OF CRIMINAL APPEALS",,KEITH HAMPTON,DEM,107,1,328,0,436,108,328
El Paso,159-SPARKS COMM CTR,"PRESIDING JUDGE, COURT OF CRIMINAL APPEALS",,LANCE STOTT,LIB,3,0,9,0,12,3,9
El Paso,159-SPARKS COMM CTR,"JUDGE, COURT OF CRIMINAL APPEALS, PLACE 7",,BARBARA PARKER HERVE,REP,34,2,135,0,171,36,135
El Paso,159-SPARKS COMM CTR,"JUDGE, COURT OF CRIMINAL APPEALS, PLACE 7",,MARK W. BENNETT,LIB,32,0,102,0,134,32,102
El Paso,159-SPARKS COMM CTR,"JUDGE, COURT OF CRIMINAL APPEALS, PLACE 8",,ELSA ALCALA,REP,42,2,145,0,189,44,145
El Paso,159-SPARKS COMM CTR,"JUDGE, COURT OF CRIMINAL APPEALS, PLACE 8",,WILLIAM BRYAN STRANG,LIB,25,0,89,0,114,25,89
El Paso,159-SPARKS COMM CTR,MEMBER STATE BOARD OF EDUCATION DISTRICT 1,,CARLOS CHARLIE GARZA,REP,20,2,60,0,82,22,60
El Paso,159-SPARKS COMM CTR,MEMBER STATE BOARD OF EDUCATION DISTRICT 1,,MARTHA M. DOMINGUEZ,DEM,110,1,339,0,450,111,339
El Paso,159-SPARKS COMM CTR,STATE SENATOR DISTRICT 29,,DAN CHAVEZ,REP,16,2,50,0,68,18,50
El Paso,159-SPARKS COMM CTR,STATE SENATOR DISTRICT 29,,JOSE R. RODRIGUEZ,DEM,113,1,349,0,463,114,349
El Paso,159-SPARKS COMM CTR,STATE REPRESENTATIVE DISTRICT 75,,MARY E. GONZALEZ,DEM,117,1,351,0,469,118,351
El Paso,159-SPARKS COMM CTR,"CHIEF JUSTICE, COURT OF APPEALS 8TH DISTRICT",,ANN CRAWFORD MCCLURE,DEM,113,1,351,0,465,114,351
El Paso,159-SPARKS COMM CTR,"JUSTICE, 8TH COURT OF APPEALS DISTRICT, PLACE 2",,CHRIS ANTCLIFF,REP,17,2,56,0,75,19,56
El Paso,159-SPARKS COMM CTR,"JUSTICE, 8TH COURT OF APPEALS DISTRICT, PLACE 2",,YVONNE RODRIGUEZ,DEM,112,1,338,0,451,113,338
El Paso,159-SPARKS COMM CTR,"JUSTICE, 8TH COURT OF APPEALS DISTRICT, PLACE 3",,GUADALUPE LUPE RIVER,DEM,117,1,351,0,469,118,351
El Paso,159-SPARKS COMM CTR,"DISTRICT JUDGE, 34TH JUDICIAL DISTRICT",,BILL MOODY,DEM,114,1,354,0,469,115,354
El Paso,159-SPARKS COMM CTR,"DISTRICT JUDGE, 41ST JUDICIAL DISTRICT",,ANNA PEREZ,DEM,119,1,354,0,474,120,354
El Paso,159-SPARKS COMM CTR,"DISTRICT JUDGE, 243RD JUDICIAL DISTRICT",,BILLY DON HICKS,REP,19,2,62,0,83,21,62
El Paso,159-SPARKS COMM CTR,"DISTRICT JUDGE, 243RD JUDICIAL DISTRICT",,LUIS AGUILAR,DEM,109,1,333,0,443,110,333
El Paso,159-SPARKS COMM CTR,"DISTRICT JUDGE, 346TH JUDICIAL DISTRICT",,ANGIE J. BARILL,DEM,116,1,347,0,464,117,347
El Paso,159-SPARKS COMM CTR,"DISTRICT JUDGE, 383RD JUDICIAL DISTRICT",,MIKE HERRERA,DEM,118,1,348,0,467,119,348
El Paso,159-SPARKS COMM CTR,"DISTRICT JUDGE, 384TH JUDICIAL DISTRICT",,PATRICK M. GARCIA,DEM,115,1,348,0,464,116,348
El Paso,159-SPARKS COMM CTR,"DISTRICT JUDGE, 388TH JUDICIAL DISTRICT",,LAURA STRATHMANN,DEM,116,1,349,0,466,117,349
El Paso,159-SPARKS COMM CTR,"DISTRICT JUDGE, 409TH JUDICIAL DISTRICT",,SAM MEDRANO JR,DEM,114,1,347,0,462,115,347
El Paso,159-SPARKS COMM CTR,"DISTRICT JUDGE, 448TH JUDICIAL DISTRICT",,SERGIO H. ENRIQUEZ,DEM,118,1,347,0,466,119,347
El Paso,159-SPARKS COMM CTR,"CRIMINAL DISTRICT JUDGE, COURT NO. 1",,DIANE NAVARRETE,DEM,116,1,347,0,464,117,347
El Paso,159-SPARKS COMM CTR,"FAMILY DISTRICT JUDGE, 65TH JUDICIAL DISTRICT",,YAHARA L. GUTIERREZ,DEM,117,1,351,0,469,118,351
El Paso,159-SPARKS COMM CTR,"DISTRICT ATTORNEY, 34TH JUDICIAL DISTRICT",,JAIME ESPARZA,DEM,114,1,345,0,460,115,345
El Paso,159-SPARKS COMM CTR,"JUDGE, COUNTY CRIMINAL COURT NO. 3",,CARLOS CARRASCO,DEM,116,1,349,0,466,117,349
El Paso,159-SPARKS COMM CTR,"JUDGE, COUNTY CRIMINAL COURT NO. 4",,JESUS HERRERA,DEM,116,1,347,0,464,117,347
El Paso,159-SPARKS COMM CTR,COUNTY ATTORNEY,,JO ANNE BERNAL,DEM,113,1,347,0,461,114,347
El Paso,159-SPARKS COMM CTR,SHERIFF,,RICHARD D. WILES,DEM,116,1,349,0,466,117,349
El Paso,159-SPARKS COMM CTR,COUNTY TAX ASSESSOR COLLECTOR,,VICTOR A. FLORES,DEM,115,1,352,0,468,116,352
El Paso,159-SPARKS COMM CTR,"COUNTY COMMISSIONER, PRECINCT NO. 3",,FRED CHAVEZ,REP,15,2,58,0,75,17,58
El Paso,159-SPARKS COMM CTR,"COUNTY COMMISSIONER, PRECINCT NO. 3",,VINCENT VINCE PEREZ,DEM,112,1,339,0,452,113,339
El Paso,159-SPARKS COMM CTR,"CONSTABLE, PRECINCT NO. 6",,JAVIER GARCIA,DEM,118,1,349,0,468,119,349
El Paso,160-H D HILLEY ELEMENTARY,"LOWER VALLEY WATER DIST, PLACE 4",,DAVID ARMSTRONG,NP,92,5,102,0,199,97,102
El Paso,160-H D HILLEY ELEMENTARY,"LOWER VALLEY WATER DIST, PLACE 4",,JERRY GRIJALVA,NP,90,4,200,1,295,94,201
El Paso,160-H D HILLEY ELEMENTARY,"LOWER VALLEY WATER DIST, PLACE 4",,DAVID T GARCIA,NP,66,3,141,0,210,69,141
El Paso,160-H D HILLEY ELEMENTARY,"LOWER VALLEY WATER DIST, PLACE 5",,DAVID CARRASCO,NP,197,6,367,1,571,203,368
El Paso,160-H D HILLEY ELEMENTARY,"LOWER VALLEY WATER DIST, PLACE 5",,WARREN JORGENSEN,NP,54,4,83,0,141,58,83
El Paso,160-H D HILLEY ELEMENTARY,STRAIGHT PARTY,,REPUBLICAN,REP,30,5,69,0,104,35,69
El Paso,160-H D HILLEY ELEMENTARY,STRAIGHT PARTY,,DEMOCRAT,DEM,176,2,375,1,554,178,376
El Paso,160-H D HILLEY ELEMENTARY,STRAIGHT PARTY,,LIBERTARIAN,LIB,1,0,2,0,3,1,2
El Paso,160-H D HILLEY ELEMENTARY,STRAIGHT PARTY,,GREEN,GRN,0,0,4,0,4,0,4
El Paso,160-H D HILLEY ELEMENTARY,US PRESIDENT,,MITT ROMNEY,REP,56,5,100,0,161,61,100
El Paso,160-H D HILLEY ELEMENTARY,US PRESIDENT,,BARACK OBAMA,DEM,251,6,461,1,719,257,462
El Paso,160-H D HILLEY ELEMENTARY,US PRESIDENT,,GARY JOHNSON,LIB,2,0,7,0,9,2,7
El Paso,160-H D HILLEY ELEMENTARY,US PRESIDENT,,JILL STEIN,GRN,1,0,3,0,4,1,3
El Paso,160-H D HILLEY ELEMENTARY,US PRESIDENT,,WRITE-IN,NP,0,1,0,0,1,1,0
El Paso,160-H D HILLEY ELEMENTARY,US SENATOR,,TED CRUZ,REP,67,7,125,1,200,74,126
El Paso,160-H D HILLEY ELEMENTARY,US SENATOR,,PAUL SADLER,DEM,224,5,419,0,648,229,419
El Paso,160-H D HILLEY ELEMENTARY,US SENATOR,,JOHN JAY MYERS,LIB,5,0,10,0,15,5,10
El Paso,160-H D HILLEY ELEMENTARY,US SENATOR,,DAVID B. COLLINS,GRN,7,0,15,0,22,7,15
El Paso,160-H D HILLEY ELEMENTARY,US REP DISTRICT 23,,FRANCISCO QUICO CANS,REP,52,7,97,1,157,59,98
El Paso,160-H D HILLEY ELEMENTARY,US REP DISTRICT 23,,PETE P. GALLEGO,DEM,235,5,450,0,690,240,450
El Paso,160-H D HILLEY ELEMENTARY,US REP DISTRICT 23,,JEFFREY C. BLUNT,LIB,6,0,12,0,18,6,12
El Paso,160-H D HILLEY ELEMENTARY,US REP DISTRICT 23,,ED SCHARF,GRN,4,0,8,0,12,4,8
El Paso,160-H D HILLEY ELEMENTARY,RAILROAD COMMISSIONER,,CHRISTI CRADDICK,REP,48,7,95,0,150,55,95
El Paso,160-H D HILLEY ELEMENTARY,RAILROAD COMMISSIONER,,DALE HENRY,DEM,227,5,433,0,665,232,433
El Paso,160-H D HILLEY ELEMENTARY,RAILROAD COMMISSIONER,,VIVEKANANDA (VIK) WA,LIB,7,0,7,0,14,7,7
El Paso,160-H D HILLEY ELEMENTARY,RAILROAD COMMISSIONER,,CHRIS KENNEDY,GRN,10,0,21,1,32,10,22
El Paso,160-H D HILLEY ELEMENTARY,RAILROAD COMMISSIONER,,BARRY SMITHERMAN,REP,59,7,131,0,197,66,131
El Paso,160-H D HILLEY ELEMENTARY,RAILROAD COMMISSIONER,,JAIME O. PEREZ,LIB,116,4,245,1,366,120,246
El Paso,160-H D HILLEY ELEMENTARY,RAILROAD COMMISSIONER,,JOSH WENDEL,GRN,21,1,24,0,46,22,24
El Paso,160-H D HILLEY ELEMENTARY,"JUSTICE, SUPREME COURT, PLACE 2",,DON WILLETT,REP,85,7,197,0,289,92,197
El Paso,160-H D HILLEY ELEMENTARY,"JUSTICE, SUPREME COURT, PLACE 2",,RS ROBERT KOELSCH,LIB,100,5,184,1,290,105,185
El Paso,160-H D HILLEY ELEMENTARY,"JUSTICE, SUPREME COURT, PLACE 4",,JOHN DEVINE,REP,79,7,179,0,265,86,179
El Paso,160-H D HILLEY ELEMENTARY,"JUSTICE, SUPREME COURT, PLACE 4",,TOM OXFORD,LIB,82,3,145,1,231,85,146
El Paso,160-H D HILLEY ELEMENTARY,"JUSTICE, SUPREME COURT, PLACE 4",,CHARLES E. WATERBURY,GRN,23,2,62,0,87,25,62
El Paso,160-H D HILLEY ELEMENTARY,"JUSTICE, SUPREME COURT, PLACE 6",,NATHAN HECHT,REP,44,7,87,0,138,51,87
El Paso,160-H D HILLEY ELEMENTARY,"JUSTICE, SUPREME COURT, PLACE 6",,MICHELE PETTY,DEM,232,4,446,1,683,236,447
El Paso,160-H D HILLEY ELEMENTARY,"JUSTICE, SUPREME COURT, PLACE 6",,MARK ASH,LIB,13,1,10,0,24,14,10
El Paso,160-H D HILLEY ELEMENTARY,"JUSTICE, SUPREME COURT, PLACE 6",,JIM CHISHOLM,GRN,4,0,13,0,17,4,13
El Paso,160-H D HILLEY ELEMENTARY,"PRESIDING JUDGE, COURT OF CRIMINAL APPEALS",,SHARON KELLER,REP,54,7,97,1,159,61,98
El Paso,160-H D HILLEY ELEMENTARY,"PRESIDING JUDGE, COURT OF CRIMINAL APPEALS",,KEITH HAMPTON,DEM,230,4,445,0,679,234,445
El Paso,160-H D HILLEY ELEMENTARY,"PRESIDING JUDGE, COURT OF CRIMINAL APPEALS",,LANCE STOTT,LIB,10,1,12,0,23,11,12
El Paso,160-H D HILLEY ELEMENTARY,"JUDGE, COURT OF CRIMINAL APPEALS, PLACE 7",,BARBARA PARKER HERVE,REP,94,7,199,1,301,101,200
El Paso,160-H D HILLEY ELEMENTARY,"JUDGE, COURT OF CRIMINAL APPEALS, PLACE 7",,MARK W. BENNETT,LIB,91,5,177,0,273,96,177
El Paso,160-H D HILLEY ELEMENTARY,"JUDGE, COURT OF CRIMINAL APPEALS, PLACE 8",,ELSA ALCALA,REP,93,6,224,1,324,99,225
El Paso,160-H D HILLEY ELEMENTARY,"JUDGE, COURT OF CRIMINAL APPEALS, PLACE 8",,WILLIAM BRYAN STRANG,LIB,88,5,147,0,240,93,147
El Paso,160-H D HILLEY ELEMENTARY,MEMBER STATE BOARD OF EDUCATION DISTRICT 1,,CARLOS CHARLIE GARZA,REP,51,6,108,0,165,57,108
El Paso,160-H D HILLEY ELEMENTARY,MEMBER STATE BOARD OF EDUCATION DISTRICT 1,,MARTHA M. DOMINGUEZ,DEM,243,6,450,1,700,249,451
El Paso,160-H D HILLEY ELEMENTARY,STATE SENATOR DISTRICT 29,,DAN CHAVEZ,REP,54,6,102,0,162,60,102
El Paso,160-H D HILLEY ELEMENTARY,STATE SENATOR DISTRICT 29,,JOSE R. RODRIGUEZ,DEM,247,6,458,1,712,253,459
El Paso,160-H D HILLEY ELEMENTARY,STATE REPRESENTATIVE DISTRICT 75,,MARY E. GONZALEZ,DEM,252,6,486,1,745,258,487
El Paso,160-H D HILLEY ELEMENTARY,"CHIEF JUSTICE, COURT OF APPEALS 8TH DISTRICT",,ANN CRAWFORD MCCLURE,DEM,247,5,480,1,733,252,481
El Paso,160-H D HILLEY ELEMENTARY,"JUSTICE, 8TH COURT OF APPEALS DISTRICT, PLACE 2",,CHRIS ANTCLIFF,REP,57,6,97,0,160,63,97
El Paso,160-H D HILLEY ELEMENTARY,"JUSTICE, 8TH COURT OF APPEALS DISTRICT, PLACE 2",,YVONNE RODRIGUEZ,DEM,239,5,458,1,703,244,459
El Paso,160-H D HILLEY ELEMENTARY,"JUSTICE, 8TH COURT OF APPEALS DISTRICT, PLACE 3",,GUADALUPE LUPE RIVER,DEM,247,6,489,1,743,253,490
El Paso,160-H D HILLEY ELEMENTARY,"DISTRICT JUDGE, 34TH JUDICIAL DISTRICT",,BILL MOODY,DEM,245,7,485,1,738,252,486
El Paso,160-H D HILLEY ELEMENTARY,"DISTRICT JUDGE, 41ST JUDICIAL DISTRICT",,ANNA PEREZ,DEM,241,6,483,1,731,247,484
El Paso,160-H D HILLEY ELEMENTARY,"DISTRICT JUDGE, 243RD JUDICIAL DISTRICT",,BILLY DON HICKS,REP,63,6,101,0,170,69,101
El Paso,160-H D HILLEY ELEMENTARY,"DISTRICT JUDGE, 243RD JUDICIAL DISTRICT",,LUIS AGUILAR,DEM,226,6,457,1,690,232,458
El Paso,160-H D HILLEY ELEMENTARY,"DISTRICT JUDGE, 346TH JUDICIAL DISTRICT",,ANGIE J. BARILL,DEM,245,6,481,1,733,251,482
El Paso,160-H D HILLEY ELEMENTARY,"DISTRICT JUDGE, 383RD JUDICIAL DISTRICT",,MIKE HERRERA,DEM,249,5,480,1,735,254,481
El Paso,160-H D HILLEY ELEMENTARY,"DISTRICT JUDGE, 384TH JUDICIAL DISTRICT",,PATRICK M. GARCIA,DEM,244,5,480,1,730,249,481
El Paso,160-H D HILLEY ELEMENTARY,"DISTRICT JUDGE, 388TH JUDICIAL DISTRICT",,LAURA STRATHMANN,DEM,241,5,484,1,731,246,485
El Paso,160-H D HILLEY ELEMENTARY,"DISTRICT JUDGE, 409TH JUDICIAL DISTRICT",,SAM MEDRANO JR,DEM,247,6,478,1,732,253,479
El Paso,160-H D HILLEY ELEMENTARY,"DISTRICT JUDGE, 448TH JUDICIAL DISTRICT",,SERGIO H. ENRIQUEZ,DEM,247,5,478,1,731,252,479
El Paso,160-H D HILLEY ELEMENTARY,"CRIMINAL DISTRICT JUDGE, COURT NO. 1",,DIANE NAVARRETE,DEM,247,5,482,1,735,252,483
El Paso,160-H D HILLEY ELEMENTARY,"FAMILY DISTRICT JUDGE, 65TH JUDICIAL DISTRICT",,YAHARA L. GUTIERREZ,DEM,243,5,478,1,727,248,479
El Paso,160-H D HILLEY ELEMENTARY,"DISTRICT ATTORNEY, 34TH JUDICIAL DISTRICT",,JAIME ESPARZA,DEM,244,6,484,1,735,250,485
El Paso,160-H D HILLEY ELEMENTARY,"JUDGE, COUNTY CRIMINAL COURT NO. 3",,CARLOS CARRASCO,DEM,247,6,482,1,736,253,483
El Paso,160-H D HILLEY ELEMENTARY,"JUDGE, COUNTY CRIMINAL COURT NO. 4",,JESUS HERRERA,DEM,246,5,476,1,728,251,477
El Paso,160-H D HILLEY ELEMENTARY,COUNTY ATTORNEY,,JO ANNE BERNAL,DEM,246,5,482,1,734,251,483
El Paso,160-H D HILLEY ELEMENTARY,SHERIFF,,RICHARD D. WILES,DEM,247,5,493,1,746,252,494
El Paso,160-H D HILLEY ELEMENTARY,COUNTY TAX ASSESSOR COLLECTOR,,VICTOR A. FLORES,DEM,247,5,480,1,733,252,481
El Paso,160-H D HILLEY ELEMENTARY,"COUNTY COMMISSIONER, PRECINCT NO. 3",,FRED CHAVEZ,REP,57,6,114,0,177,63,114
El Paso,160-H D HILLEY ELEMENTARY,"COUNTY COMMISSIONER, PRECINCT NO. 3",,VINCENT VINCE PEREZ,DEM,237,5,449,1,692,242,450
El Paso,160-H D HILLEY ELEMENTARY,"CONSTABLE, PRECINCT NO. 6",,JAVIER GARCIA,DEM,244,5,485,1,735,249,486
El Paso,161-ROBERT ROJAS ELEMENTARY,CLINT ISD BOARD OF TRUSTEES DISTRICT AT LARGE,,PATRICIA PAT RANDLEE,NP,3,0,5,0,8,3,5
El Paso,161-ROBERT ROJAS ELEMENTARY,CLINT ISD BOARD OF TRUSTEES DISTRICT AT LARGE,,SUSANA SANTILLAN,NP,1,0,5,0,6,1,5
El Paso,161-ROBERT ROJAS ELEMENTARY,CLINT ISD BOARD OF TRUSTEES DISTRICT AT LARGE,,SONIA HERRERA MARQUE,NP,1,0,5,0,6,1,5
El Paso,161-ROBERT ROJAS ELEMENTARY,CLINT ISD BOARD OF TRUSTEES DISTRICT AT LARGE,,FRED MARTINEZ,NP,2,0,7,0,9,2,7
El Paso,161-ROBERT ROJAS ELEMENTARY,CLINT ISD BOARD OF TRUSTEES DISTRICT AT LARGE,,CLAUDIA GARCIA,NP,1,0,4,0,5,1,4
El Paso,161-ROBERT ROJAS ELEMENTARY,CLINT ISD BOARD OF TRUSTEES DISTRICT AT LARGE,,MARY MACIAS,NP,2,0,4,0,6,2,4
El Paso,161-ROBERT ROJAS ELEMENTARY,CLINT ISD BOARD OF TRUSTEES DISTRICT AT LARGE,,Write-In,NP,0,0,0,0,0,0,0
El Paso,161-ROBERT ROJAS ELEMENTARY,"LOWER VALLEY WATER DIST, PLACE 4",,DAVID ARMSTRONG,NP,54,3,56,0,113,57,56
El Paso,161-ROBERT ROJAS ELEMENTARY,"LOWER VALLEY WATER DIST, PLACE 4",,JERRY GRIJALVA,NP,39,2,52,0,93,41,52
El Paso,161-ROBERT ROJAS ELEMENTARY,"LOWER VALLEY WATER DIST, PLACE 4",,DAVID T GARCIA,NP,34,1,34,0,69,35,34
El Paso,161-ROBERT ROJAS ELEMENTARY,"LOWER VALLEY WATER DIST, PLACE 5",,DAVID CARRASCO,NP,87,2,111,0,200,89,111
El Paso,161-ROBERT ROJAS ELEMENTARY,"LOWER VALLEY WATER DIST, PLACE 5",,WARREN JORGENSEN,NP,33,4,31,0,68,37,31
El Paso,161-ROBERT ROJAS ELEMENTARY,STRAIGHT PARTY,,REPUBLICAN,REP,15,4,24,0,43,19,24
El Paso,161-ROBERT ROJAS ELEMENTARY,STRAIGHT PARTY,,DEMOCRAT,DEM,88,1,124,0,213,89,124
El Paso,161-ROBERT ROJAS ELEMENTARY,STRAIGHT PARTY,,LIBERTARIAN,LIB,1,0,1,0,2,1,1
El Paso,161-ROBERT ROJAS ELEMENTARY,STRAIGHT PARTY,,GREEN,GRN,2,0,1,0,3,2,1
El Paso,161-ROBERT ROJAS ELEMENTARY,US PRESIDENT,,MITT ROMNEY,REP,41,6,35,0,82,47,35
El Paso,161-ROBERT ROJAS ELEMENTARY,US PRESIDENT,,BARACK OBAMA,DEM,122,2,142,0,266,124,142
El Paso,161-ROBERT ROJAS ELEMENTARY,US PRESIDENT,,GARY JOHNSON,LIB,0,0,3,0,3,0,3
El Paso,161-ROBERT ROJAS ELEMENTARY,US PRESIDENT,,JILL STEIN,GRN,0,0,0,0,0,0,0
El Paso,161-ROBERT ROJAS ELEMENTARY,US PRESIDENT,,WRITE-IN,NP,0,0,1,0,1,0,1
El Paso,161-ROBERT ROJAS ELEMENTARY,US SENATOR,,TED CRUZ,REP,42,5,43,0,90,47,43
El Paso,161-ROBERT ROJAS ELEMENTARY,US SENATOR,,PAUL SADLER,DEM,105,2,127,0,234,107,127
El Paso,161-ROBERT ROJAS ELEMENTARY,US SENATOR,,JOHN JAY MYERS,LIB,4,0,2,0,6,4,2
El Paso,161-ROBERT ROJAS ELEMENTARY,US SENATOR,,DAVID B. COLLINS,GRN,4,0,1,0,5,4,1
El Paso,161-ROBERT ROJAS ELEMENTARY,US REP DISTRICT 23,,FRANCISCO QUICO CANS,REP,28,6,30,0,64,34,30
El Paso,161-ROBERT ROJAS ELEMENTARY,US REP DISTRICT 23,,PETE P. GALLEGO,DEM,121,2,141,0,264,123,141
El Paso,161-ROBERT ROJAS ELEMENTARY,US REP DISTRICT 23,,JEFFREY C. BLUNT,LIB,4,0,1,0,5,4,1
El Paso,161-ROBERT ROJAS ELEMENTARY,US REP DISTRICT 23,,ED SCHARF,GRN,1,0,0,0,1,1,0
El Paso,161-ROBERT ROJAS ELEMENTARY,RAILROAD COMMISSIONER,,CHRISTI CRADDICK,REP,30,6,31,0,67,36,31
El Paso,161-ROBERT ROJAS ELEMENTARY,RAILROAD COMMISSIONER,,DALE HENRY,DEM,107,2,134,0,243,109,134
El Paso,161-ROBERT ROJAS ELEMENTARY,RAILROAD COMMISSIONER,,VIVEKANANDA (VIK) WA,LIB,2,0,3,0,5,2,3
El Paso,161-ROBERT ROJAS ELEMENTARY,RAILROAD COMMISSIONER,,CHRIS KENNEDY,GRN,11,0,5,0,16,11,5
El Paso,161-ROBERT ROJAS ELEMENTARY,RAILROAD COMMISSIONER,,BARRY SMITHERMAN,REP,40,6,45,0,91,46,45
El Paso,161-ROBERT ROJAS ELEMENTARY,RAILROAD COMMISSIONER,,JAIME O. PEREZ,LIB,54,1,73,0,128,55,73
El Paso,161-ROBERT ROJAS ELEMENTARY,RAILROAD COMMISSIONER,,JOSH WENDEL,GRN,7,0,12,0,19,7,12
El Paso,161-ROBERT ROJAS ELEMENTARY,"JUSTICE, SUPREME COURT, PLACE 2",,DON WILLETT,REP,56,6,56,0,118,62,56
El Paso,161-ROBERT ROJAS ELEMENTARY,"JUSTICE, SUPREME COURT, PLACE 2",,RS ROBERT KOELSCH,LIB,43,1,67,0,111,44,67
El Paso,161-ROBERT ROJAS ELEMENTARY,"JUSTICE, SUPREME COURT, PLACE 4",,JOHN DEVINE,REP,49,6,50,0,105,55,50
El Paso,161-ROBERT ROJAS ELEMENTARY,"JUSTICE, SUPREME COURT, PLACE 4",,TOM OXFORD,LIB,35,0,56,0,91,35,56
El Paso,161-ROBERT ROJAS ELEMENTARY,"JUSTICE, SUPREME COURT, PLACE 4",,CHARLES E. WATERBURY,GRN,14,1,18,0,33,15,18
El Paso,161-ROBERT ROJAS ELEMENTARY,"JUSTICE, SUPREME COURT, PLACE 6",,NATHAN HECHT,REP,30,5,26,0,61,35,26
El Paso,161-ROBERT ROJAS ELEMENTARY,"JUSTICE, SUPREME COURT, PLACE 6",,MICHELE PETTY,DEM,114,3,140,0,257,117,140
El Paso,161-ROBERT ROJAS ELEMENTARY,"JUSTICE, SUPREME COURT, PLACE 6",,MARK ASH,LIB,3,0,4,0,7,3,4
El Paso,161-ROBERT ROJAS ELEMENTARY,"JUSTICE, SUPREME COURT, PLACE 6",,JIM CHISHOLM,GRN,4,0,4,0,8,4,4
El Paso,161-ROBERT ROJAS ELEMENTARY,"PRESIDING JUDGE, COURT OF CRIMINAL APPEALS",,SHARON KELLER,REP,33,5,30,0,68,38,30
El Paso,161-ROBERT ROJAS ELEMENTARY,"PRESIDING JUDGE, COURT OF CRIMINAL APPEALS",,KEITH HAMPTON,DEM,109,2,140,0,251,111,140
El Paso,161-ROBERT ROJAS ELEMENTARY,"PRESIDING JUDGE, COURT OF CRIMINAL APPEALS",,LANCE STOTT,LIB,6,1,3,0,10,7,3
El Paso,161-ROBERT ROJAS ELEMENTARY,"JUDGE, COURT OF CRIMINAL APPEALS, PLACE 7",,BARBARA PARKER HERVE,REP,46,6,67,0,119,52,67
El Paso,161-ROBERT ROJAS ELEMENTARY,"JUDGE, COURT OF CRIMINAL APPEALS, PLACE 7",,MARK W. BENNETT,LIB,46,1,62,0,109,47,62
El Paso,161-ROBERT ROJAS ELEMENTARY,"JUDGE, COURT OF CRIMINAL APPEALS, PLACE 8",,ELSA ALCALA,REP,55,5,72,0,132,60,72
El Paso,161-ROBERT ROJAS ELEMENTARY,"JUDGE, COURT OF CRIMINAL APPEALS, PLACE 8",,WILLIAM BRYAN STRANG,LIB,39,2,58,0,99,41,58
El Paso,161-ROBERT ROJAS ELEMENTARY,MEMBER STATE BOARD OF EDUCATION DISTRICT 1,,CARLOS CHARLIE GARZA,REP,30,6,37,0,73,36,37
El Paso,161-ROBERT ROJAS ELEMENTARY,MEMBER STATE BOARD OF EDUCATION DISTRICT 1,,MARTHA M. DOMINGUEZ,DEM,120,2,139,0,261,122,139
El Paso,161-ROBERT ROJAS ELEMENTARY,STATE SENATOR DISTRICT 29,,DAN CHAVEZ,REP,32,6,36,0,74,38,36
El Paso,161-ROBERT ROJAS ELEMENTARY,STATE SENATOR DISTRICT 29,,JOSE R. RODRIGUEZ,DEM,121,2,141,0,264,123,141
El Paso,161-ROBERT ROJAS ELEMENTARY,STATE REPRESENTATIVE DISTRICT 75,,MARY E. GONZALEZ,DEM,124,3,151,0,278,127,151
El Paso,161-ROBERT ROJAS ELEMENTARY,"CHIEF JUSTICE, COURT OF APPEALS 8TH DISTRICT",,ANN CRAWFORD MCCLURE,DEM,124,3,148,0,275,127,148
El Paso,161-ROBERT ROJAS ELEMENTARY,"JUSTICE, 8TH COURT OF APPEALS DISTRICT, PLACE 2",,CHRIS ANTCLIFF,REP,35,6,34,0,75,41,34
El Paso,161-ROBERT ROJAS ELEMENTARY,"JUSTICE, 8TH COURT OF APPEALS DISTRICT, PLACE 2",,YVONNE RODRIGUEZ,DEM,115,2,137,0,254,117,137
El Paso,161-ROBERT ROJAS ELEMENTARY,"JUSTICE, 8TH COURT OF APPEALS DISTRICT, PLACE 3",,GUADALUPE LUPE RIVER,DEM,121,3,150,0,274,124,150
El Paso,161-ROBERT ROJAS ELEMENTARY,"DISTRICT JUDGE, 34TH JUDICIAL DISTRICT",,BILL MOODY,DEM,121,2,146,0,269,123,146
El Paso,161-ROBERT ROJAS ELEMENTARY,"DISTRICT JUDGE, 41ST JUDICIAL DISTRICT",,ANNA PEREZ,DEM,121,2,147,0,270,123,147
El Paso,161-ROBERT ROJAS ELEMENTARY,"DISTRICT JUDGE, 243RD JUDICIAL DISTRICT",,BILLY DON HICKS,REP,40,6,44,0,90,46,44
El Paso,161-ROBERT ROJAS ELEMENTARY,"DISTRICT JUDGE, 243RD JUDICIAL DISTRICT",,LUIS AGUILAR,DEM,110,1,128,0,239,111,128
El Paso,161-ROBERT ROJAS ELEMENTARY,"DISTRICT JUDGE, 346TH JUDICIAL DISTRICT",,ANGIE J. BARILL,DEM,122,2,147,0,271,124,147
El Paso,161-ROBERT ROJAS ELEMENTARY,"DISTRICT JUDGE, 383RD JUDICIAL DISTRICT",,MIKE HERRERA,DEM,123,2,151,0,276,125,151
El Paso,161-ROBERT ROJAS ELEMENTARY,"DISTRICT JUDGE, 384TH JUDICIAL DISTRICT",,PATRICK M. GARCIA,DEM,120,2,150,0,272,122,150
El Paso,161-ROBERT ROJAS ELEMENTARY,"DISTRICT JUDGE, 388TH JUDICIAL DISTRICT",,LAURA STRATHMANN,DEM,122,2,150,0,274,124,150
El Paso,161-ROBERT ROJAS ELEMENTARY,"DISTRICT JUDGE, 409TH JUDICIAL DISTRICT",,SAM MEDRANO JR,DEM,119,2,149,0,270,121,149
El Paso,161-ROBERT ROJAS ELEMENTARY,"DISTRICT JUDGE, 448TH JUDICIAL DISTRICT",,SERGIO H. ENRIQUEZ,DEM,123,2,151,0,276,125,151
El Paso,161-ROBERT ROJAS ELEMENTARY,"CRIMINAL DISTRICT JUDGE, COURT NO. 1",,DIANE NAVARRETE,DEM,121,2,152,0,275,123,152
El Paso,161-ROBERT ROJAS ELEMENTARY,"FAMILY DISTRICT JUDGE, 65TH JUDICIAL DISTRICT",,YAHARA L. GUTIERREZ,DEM,124,2,151,0,277,126,151
El Paso,161-ROBERT ROJAS ELEMENTARY,"DISTRICT ATTORNEY, 34TH JUDICIAL DISTRICT",,JAIME ESPARZA,DEM,124,3,147,0,274,127,147
El Paso,161-ROBERT ROJAS ELEMENTARY,"JUDGE, COUNTY CRIMINAL COURT NO. 3",,CARLOS CARRASCO,DEM,121,2,148,0,271,123,148
El Paso,161-ROBERT ROJAS ELEMENTARY,"JUDGE, COUNTY CRIMINAL COURT NO. 4",,JESUS HERRERA,DEM,123,2,147,0,272,125,147
El Paso,161-ROBERT ROJAS ELEMENTARY,COUNTY ATTORNEY,,JO ANNE BERNAL,DEM,120,2,150,0,272,122,150
El Paso,161-ROBERT ROJAS ELEMENTARY,SHERIFF,,RICHARD D. WILES,DEM,127,3,150,0,280,130,150
El Paso,161-ROBERT ROJAS ELEMENTARY,COUNTY TAX ASSESSOR COLLECTOR,,VICTOR A. FLORES,DEM,123,3,151,0,277,126,151
El Paso,161-ROBERT ROJAS ELEMENTARY,"COUNTY COMMISSIONER, PRECINCT NO. 3",,FRED CHAVEZ,REP,31,6,41,0,78,37,41
El Paso,161-ROBERT ROJAS ELEMENTARY,"COUNTY COMMISSIONER, PRECINCT NO. 3",,VINCENT VINCE PEREZ,DEM,123,1,133,0,257,124,133
El Paso,161-ROBERT ROJAS ELEMENTARY,"CONSTABLE, PRECINCT NO. 6",,JAVIER GARCIA,DEM,124,2,151,0,277,126,151
El Paso,162-SOCORRO HIGH,"LOWER VALLEY WATER DIST, PLACE 4",,DAVID ARMSTRONG,NP,116,2,119,0,237,118,119
El Paso,162-SOCORRO HIGH,"LOWER VALLEY WATER DIST, PLACE 4",,JERRY GRIJALVA,NP,106,2,150,0,258,108,150
El Paso,162-SOCORRO HIGH,"LOWER VALLEY WATER DIST, PLACE 4",,DAVID T GARCIA,NP,108,1,162,0,271,109,162
El Paso,162-SOCORRO HIGH,"LOWER VALLEY WATER DIST, PLACE 5",,DAVID CARRASCO,NP,281,5,346,0,632,286,346
El Paso,162-SOCORRO HIGH,"LOWER VALLEY WATER DIST, PLACE 5",,WARREN JORGENSEN,NP,63,0,88,0,151,63,88
El Paso,162-SOCORRO HIGH,STRAIGHT PARTY,,REPUBLICAN,REP,35,2,57,0,94,37,57
El Paso,162-SOCORRO HIGH,STRAIGHT PARTY,,DEMOCRAT,DEM,260,4,389,0,653,264,389
El Paso,162-SOCORRO HIGH,STRAIGHT PARTY,,LIBERTARIAN,LIB,1,0,4,0,5,1,4
El Paso,162-SOCORRO HIGH,STRAIGHT PARTY,,GREEN,GRN,0,0,3,0,3,0,3
El Paso,162-SOCORRO HIGH,US PRESIDENT,,MITT ROMNEY,REP,59,2,88,0,149,61,88
El Paso,162-SOCORRO HIGH,US PRESIDENT,,BARACK OBAMA,DEM,337,5,475,0,817,342,475
El Paso,162-SOCORRO HIGH,US PRESIDENT,,GARY JOHNSON,LIB,4,0,8,0,12,4,8
El Paso,162-SOCORRO HIGH,US PRESIDENT,,JILL STEIN,GRN,0,0,3,0,3,0,3
El Paso,162-SOCORRO HIGH,US PRESIDENT,,WRITE-IN,NP,0,0,0,0,0,0,0
El Paso,162-SOCORRO HIGH,US SENATOR,,TED CRUZ,REP,80,4,104,0,188,84,104
El Paso,162-SOCORRO HIGH,US SENATOR,,PAUL SADLER,DEM,292,5,418,0,715,297,418
El Paso,162-SOCORRO HIGH,US SENATOR,,JOHN JAY MYERS,LIB,12,0,16,0,28,12,16
El Paso,162-SOCORRO HIGH,US SENATOR,,DAVID B. COLLINS,GRN,7,0,15,0,22,7,15
El Paso,162-SOCORRO HIGH,US REP DISTRICT 23,,FRANCISCO QUICO CANS,REP,59,4,85,0,148,63,85
El Paso,162-SOCORRO HIGH,US REP DISTRICT 23,,PETE P. GALLEGO,DEM,322,5,438,0,765,327,438
El Paso,162-SOCORRO HIGH,US REP DISTRICT 23,,JEFFREY C. BLUNT,LIB,4,0,15,0,19,4,15
El Paso,162-SOCORRO HIGH,US REP DISTRICT 23,,ED SCHARF,GRN,1,0,8,0,9,1,8
El Paso,162-SOCORRO HIGH,RAILROAD COMMISSIONER,,CHRISTI CRADDICK,REP,55,4,76,0,135,59,76
El Paso,162-SOCORRO HIGH,RAILROAD COMMISSIONER,,DALE HENRY,DEM,304,4,444,0,752,308,444
El Paso,162-SOCORRO HIGH,RAILROAD COMMISSIONER,,VIVEKANANDA (VIK) WA,LIB,6,0,8,0,14,6,8
El Paso,162-SOCORRO HIGH,RAILROAD COMMISSIONER,,CHRIS KENNEDY,GRN,14,0,16,0,30,14,16
El Paso,162-SOCORRO HIGH,RAILROAD COMMISSIONER,,BARRY SMITHERMAN,REP,81,4,124,0,209,85,124
El Paso,162-SOCORRO HIGH,RAILROAD COMMISSIONER,,JAIME O. PEREZ,LIB,173,1,272,0,446,174,272
El Paso,162-SOCORRO HIGH,RAILROAD COMMISSIONER,,JOSH WENDEL,GRN,30,0,29,0,59,30,29
El Paso,162-SOCORRO HIGH,"JUSTICE, SUPREME COURT, PLACE 2",,DON WILLETT,REP,123,4,211,0,338,127,211
El Paso,162-SOCORRO HIGH,"JUSTICE, SUPREME COURT, PLACE 2",,RS ROBERT KOELSCH,LIB,144,0,195,0,339,144,195
El Paso,162-SOCORRO HIGH,"JUSTICE, SUPREME COURT, PLACE 4",,JOHN DEVINE,REP,99,4,185,0,288,103,185
El Paso,162-SOCORRO HIGH,"JUSTICE, SUPREME COURT, PLACE 4",,TOM OXFORD,LIB,117,1,177,0,295,118,177
El Paso,162-SOCORRO HIGH,"JUSTICE, SUPREME COURT, PLACE 4",,CHARLES E. WATERBURY,GRN,45,0,47,0,92,45,47
El Paso,162-SOCORRO HIGH,"JUSTICE, SUPREME COURT, PLACE 6",,NATHAN HECHT,REP,53,4,76,0,133,57,76
El Paso,162-SOCORRO HIGH,"JUSTICE, SUPREME COURT, PLACE 6",,MICHELE PETTY,DEM,313,4,453,0,770,317,453
El Paso,162-SOCORRO HIGH,"JUSTICE, SUPREME COURT, PLACE 6",,MARK ASH,LIB,5,0,10,0,15,5,10
El Paso,162-SOCORRO HIGH,"JUSTICE, SUPREME COURT, PLACE 6",,JIM CHISHOLM,GRN,7,0,6,0,13,7,6
El Paso,162-SOCORRO HIGH,"PRESIDING JUDGE, COURT OF CRIMINAL APPEALS",,SHARON KELLER,REP,62,3,84,0,149,65,84
El Paso,162-SOCORRO HIGH,"PRESIDING JUDGE, COURT OF CRIMINAL APPEALS",,KEITH HAMPTON,DEM,312,5,442,0,759,317,442
El Paso,162-SOCORRO HIGH,"PRESIDING JUDGE, COURT OF CRIMINAL APPEALS",,LANCE STOTT,LIB,6,0,17,0,23,6,17
El Paso,162-SOCORRO HIGH,"JUDGE, COURT OF CRIMINAL APPEALS, PLACE 7",,BARBARA PARKER HERVE,REP,127,3,216,0,346,130,216
El Paso,162-SOCORRO HIGH,"JUDGE, COURT OF CRIMINAL APPEALS, PLACE 7",,MARK W. BENNETT,LIB,137,2,199,0,338,139,199
El Paso,162-SOCORRO HIGH,"JUDGE, COURT OF CRIMINAL APPEALS, PLACE 8",,ELSA ALCALA,REP,151,4,251,0,406,155,251
El Paso,162-SOCORRO HIGH,"JUDGE, COURT OF CRIMINAL APPEALS, PLACE 8",,WILLIAM BRYAN STRANG,LIB,115,1,162,0,278,116,162
El Paso,162-SOCORRO HIGH,MEMBER STATE BOARD OF EDUCATION DISTRICT 1,,CARLOS CHARLIE GARZA,REP,61,4,96,0,161,65,96
El Paso,162-SOCORRO HIGH,MEMBER STATE BOARD OF EDUCATION DISTRICT 1,,MARTHA M. DOMINGUEZ,DEM,323,4,447,0,774,327,447
El Paso,162-SOCORRO HIGH,STATE SENATOR DISTRICT 29,,DAN CHAVEZ,REP,53,3,83,0,139,56,83
El Paso,162-SOCORRO HIGH,STATE SENATOR DISTRICT 29,,JOSE R. RODRIGUEZ,DEM,336,6,464,0,806,342,464
El Paso,162-SOCORRO HIGH,STATE REPRESENTATIVE DISTRICT 75,,MARY E. GONZALEZ,DEM,341,5,486,0,832,346,486
El Paso,162-SOCORRO HIGH,"CHIEF JUSTICE, COURT OF APPEALS 8TH DISTRICT",,ANN CRAWFORD MCCLURE,DEM,340,5,481,0,826,345,481
El Paso,162-SOCORRO HIGH,"JUSTICE, 8TH COURT OF APPEALS DISTRICT, PLACE 2",,CHRIS ANTCLIFF,REP,55,4,81,0,140,59,81
El Paso,162-SOCORRO HIGH,"JUSTICE, 8TH COURT OF APPEALS DISTRICT, PLACE 2",,YVONNE RODRIGUEZ,DEM,325,4,459,0,788,329,459
El Paso,162-SOCORRO HIGH,"JUSTICE, 8TH COURT OF APPEALS DISTRICT, PLACE 3",,GUADALUPE LUPE RIVER,DEM,342,6,480,0,828,348,480
El Paso,162-SOCORRO HIGH,"DISTRICT JUDGE, 34TH JUDICIAL DISTRICT",,BILL MOODY,DEM,346,6,479,0,831,352,479
El Paso,162-SOCORRO HIGH,"DISTRICT JUDGE, 41ST JUDICIAL DISTRICT",,ANNA PEREZ,DEM,341,5,479,0,825,346,479
El Paso,162-SOCORRO HIGH,"DISTRICT JUDGE, 243RD JUDICIAL DISTRICT",,BILLY DON HICKS,REP,71,4,86,0,161,75,86
El Paso,162-SOCORRO HIGH,"DISTRICT JUDGE, 243RD JUDICIAL DISTRICT",,LUIS AGUILAR,DEM,318,4,456,0,778,322,456
El Paso,162-SOCORRO HIGH,"DISTRICT JUDGE, 346TH JUDICIAL DISTRICT",,ANGIE J. BARILL,DEM,337,6,480,0,823,343,480
El Paso,162-SOCORRO HIGH,"DISTRICT JUDGE, 383RD JUDICIAL DISTRICT",,MIKE HERRERA,DEM,339,6,480,0,825,345,480
El Paso,162-SOCORRO HIGH,"DISTRICT JUDGE, 384TH JUDICIAL DISTRICT",,PATRICK M. GARCIA,DEM,334,6,474,0,814,340,474
El Paso,162-SOCORRO HIGH,"DISTRICT JUDGE, 388TH JUDICIAL DISTRICT",,LAURA STRATHMANN,DEM,343,6,476,0,825,349,476
El Paso,162-SOCORRO HIGH,"DISTRICT JUDGE, 409TH JUDICIAL DISTRICT",,SAM MEDRANO JR,DEM,339,7,476,0,822,346,476
El Paso,162-SOCORRO HIGH,"DISTRICT JUDGE, 448TH JUDICIAL DISTRICT",,SERGIO H. ENRIQUEZ,DEM,337,6,476,0,819,343,476
El Paso,162-SOCORRO HIGH,"CRIMINAL DISTRICT JUDGE, COURT NO. 1",,DIANE NAVARRETE,DEM,341,6,474,0,821,347,474
El Paso,162-SOCORRO HIGH,"FAMILY DISTRICT JUDGE, 65TH JUDICIAL DISTRICT",,YAHARA L. GUTIERREZ,DEM,339,5,473,0,817,344,473
El Paso,162-SOCORRO HIGH,"DISTRICT ATTORNEY, 34TH JUDICIAL DISTRICT",,JAIME ESPARZA,DEM,340,6,475,0,821,346,475
El Paso,162-SOCORRO HIGH,"JUDGE, COUNTY CRIMINAL COURT NO. 3",,CARLOS CARRASCO,DEM,339,5,478,0,822,344,478
El Paso,162-SOCORRO HIGH,"JUDGE, COUNTY CRIMINAL COURT NO. 4",,JESUS HERRERA,DEM,334,5,471,0,810,339,471
El Paso,162-SOCORRO HIGH,COUNTY ATTORNEY,,JO ANNE BERNAL,DEM,340,6,478,0,824,346,478
El Paso,162-SOCORRO HIGH,SHERIFF,,RICHARD D. WILES,DEM,344,6,483,0,833,350,483
El Paso,162-SOCORRO HIGH,COUNTY TAX ASSESSOR COLLECTOR,,VICTOR A. FLORES,DEM,343,6,481,0,830,349,481
El Paso,162-SOCORRO HIGH,"COUNTY COMMISSIONER, PRECINCT NO. 3",,FRED CHAVEZ,REP,62,4,94,0,160,66,94
El Paso,162-SOCORRO HIGH,"COUNTY COMMISSIONER, PRECINCT NO. 3",,VINCENT VINCE PEREZ,DEM,325,4,442,0,771,329,442
El Paso,162-SOCORRO HIGH,"CONSTABLE, PRECINCT NO. 6",,JAVIER GARCIA,DEM,345,6,473,0,824,351,473
El Paso,163-ROBERT ROJAS ELEMENTARY,CLINT ISD BOARD OF TRUSTEES DISTRICT AT LARGE,,PATRICIA PAT RANDLEE,NP,6,0,6,0,12,6,6
El Paso,163-ROBERT ROJAS ELEMENTARY,CLINT ISD BOARD OF TRUSTEES DISTRICT AT LARGE,,SUSANA SANTILLAN,NP,5,0,2,0,7,5,2
El Paso,163-ROBERT ROJAS ELEMENTARY,CLINT ISD BOARD OF TRUSTEES DISTRICT AT LARGE,,SONIA HERRERA MARQUE,NP,3,1,1,0,5,4,1
El Paso,163-ROBERT ROJAS ELEMENTARY,CLINT ISD BOARD OF TRUSTEES DISTRICT AT LARGE,,FRED MARTINEZ,NP,3,1,7,0,11,4,7
El Paso,163-ROBERT ROJAS ELEMENTARY,CLINT ISD BOARD OF TRUSTEES DISTRICT AT LARGE,,CLAUDIA GARCIA,NP,7,0,2,0,9,7,2
El Paso,163-ROBERT ROJAS ELEMENTARY,CLINT ISD BOARD OF TRUSTEES DISTRICT AT LARGE,,MARY MACIAS,NP,4,1,11,0,16,5,11
El Paso,163-ROBERT ROJAS ELEMENTARY,CLINT ISD BOARD OF TRUSTEES DISTRICT AT LARGE,,Write-In,NP,0,0,0,0,0,0,0
El Paso,163-ROBERT ROJAS ELEMENTARY,"LOWER VALLEY WATER DIST, PLACE 4",,DAVID ARMSTRONG,NP,119,1,209,0,329,120,209
El Paso,163-ROBERT ROJAS ELEMENTARY,"LOWER VALLEY WATER DIST, PLACE 4",,JERRY GRIJALVA,NP,64,2,125,0,191,66,125
El Paso,163-ROBERT ROJAS ELEMENTARY,"LOWER VALLEY WATER DIST, PLACE 4",,DAVID T GARCIA,NP,77,3,112,0,192,80,112
El Paso,163-ROBERT ROJAS ELEMENTARY,"LOWER VALLEY WATER DIST, PLACE 5",,DAVID CARRASCO,NP,197,5,336,0,538,202,336
El Paso,163-ROBERT ROJAS ELEMENTARY,"LOWER VALLEY WATER DIST, PLACE 5",,WARREN JORGENSEN,NP,72,1,108,0,181,73,108
El Paso,163-ROBERT ROJAS ELEMENTARY,STRAIGHT PARTY,,REPUBLICAN,REP,33,3,75,0,111,36,75
El Paso,163-ROBERT ROJAS ELEMENTARY,STRAIGHT PARTY,,DEMOCRAT,DEM,215,3,361,0,579,218,361
El Paso,163-ROBERT ROJAS ELEMENTARY,STRAIGHT PARTY,,LIBERTARIAN,LIB,2,0,5,0,7,2,5
El Paso,163-ROBERT ROJAS ELEMENTARY,STRAIGHT PARTY,,GREEN,GRN,0,0,4,0,4,0,4
El Paso,163-ROBERT ROJAS ELEMENTARY,US PRESIDENT,,MITT ROMNEY,REP,65,3,112,0,180,68,112
El Paso,163-ROBERT ROJAS ELEMENTARY,US PRESIDENT,,BARACK OBAMA,DEM,261,4,451,0,716,265,451
El Paso,163-ROBERT ROJAS ELEMENTARY,US PRESIDENT,,GARY JOHNSON,LIB,5,0,5,0,10,5,5
El Paso,163-ROBERT ROJAS ELEMENTARY,US PRESIDENT,,JILL STEIN,GRN,2,0,3,0,5,2,3
El Paso,163-ROBERT ROJAS ELEMENTARY,US PRESIDENT,,WRITE-IN,NP,0,0,0,0,0,0,0
El Paso,163-ROBERT ROJAS ELEMENTARY,US SENATOR,,TED CRUZ,REP,76,2,136,0,214,78,136
El Paso,163-ROBERT ROJAS ELEMENTARY,US SENATOR,,PAUL SADLER,DEM,239,4,393,0,636,243,393
El Paso,163-ROBERT ROJAS ELEMENTARY,US SENATOR,,JOHN JAY MYERS,LIB,6,0,12,0,18,6,12
El Paso,163-ROBERT ROJAS ELEMENTARY,US SENATOR,,DAVID B. COLLINS,GRN,3,1,16,0,20,4,16
El Paso,163-ROBERT ROJAS ELEMENTARY,US REP DISTRICT 23,,FRANCISCO QUICO CANS,REP,54,3,107,0,164,57,107
El Paso,163-ROBERT ROJAS ELEMENTARY,US REP DISTRICT 23,,PETE P. GALLEGO,DEM,257,4,423,0,684,261,423
El Paso,163-ROBERT ROJAS ELEMENTARY,US REP DISTRICT 23,,JEFFREY C. BLUNT,LIB,8,0,16,0,24,8,16
El Paso,163-ROBERT ROJAS ELEMENTARY,US REP DISTRICT 23,,ED SCHARF,GRN,2,0,8,0,10,2,8
El Paso,163-ROBERT ROJAS ELEMENTARY,RAILROAD COMMISSIONER,,CHRISTI CRADDICK,REP,56,3,109,0,168,59,109
El Paso,163-ROBERT ROJAS ELEMENTARY,RAILROAD COMMISSIONER,,DALE HENRY,DEM,246,4,406,0,656,250,406
El Paso,163-ROBERT ROJAS ELEMENTARY,RAILROAD COMMISSIONER,,VIVEKANANDA (VIK) WA,LIB,5,0,13,0,18,5,13
El Paso,163-ROBERT ROJAS ELEMENTARY,RAILROAD COMMISSIONER,,CHRIS KENNEDY,GRN,16,0,24,0,40,16,24
El Paso,163-ROBERT ROJAS ELEMENTARY,RAILROAD COMMISSIONER,,BARRY SMITHERMAN,REP,73,4,133,0,210,77,133
El Paso,163-ROBERT ROJAS ELEMENTARY,RAILROAD COMMISSIONER,,JAIME O. PEREZ,LIB,115,0,241,0,356,115,241
El Paso,163-ROBERT ROJAS ELEMENTARY,RAILROAD COMMISSIONER,,JOSH WENDEL,GRN,18,0,44,0,62,18,44
El Paso,163-ROBERT ROJAS ELEMENTARY,"JUSTICE, SUPREME COURT, PLACE 2",,DON WILLETT,REP,103,4,196,0,303,107,196
El Paso,163-ROBERT ROJAS ELEMENTARY,"JUSTICE, SUPREME COURT, PLACE 2",,RS ROBERT KOELSCH,LIB,89,0,204,0,293,89,204
El Paso,163-ROBERT ROJAS ELEMENTARY,"JUSTICE, SUPREME COURT, PLACE 4",,JOHN DEVINE,REP,87,4,191,0,282,91,191
El Paso,163-ROBERT ROJAS ELEMENTARY,"JUSTICE, SUPREME COURT, PLACE 4",,TOM OXFORD,LIB,73,0,149,0,222,73,149
El Paso,163-ROBERT ROJAS ELEMENTARY,"JUSTICE, SUPREME COURT, PLACE 4",,CHARLES E. WATERBURY,GRN,26,1,62,0,89,27,62
El Paso,163-ROBERT ROJAS ELEMENTARY,"JUSTICE, SUPREME COURT, PLACE 6",,NATHAN HECHT,REP,54,3,101,0,158,57,101
El Paso,163-ROBERT ROJAS ELEMENTARY,"JUSTICE, SUPREME COURT, PLACE 6",,MICHELE PETTY,DEM,257,4,415,0,676,261,415
El Paso,163-ROBERT ROJAS ELEMENTARY,"JUSTICE, SUPREME COURT, PLACE 6",,MARK ASH,LIB,7,0,16,0,23,7,16
El Paso,163-ROBERT ROJAS ELEMENTARY,"JUSTICE, SUPREME COURT, PLACE 6",,JIM CHISHOLM,GRN,4,0,17,0,21,4,17
El Paso,163-ROBERT ROJAS ELEMENTARY,"PRESIDING JUDGE, COURT OF CRIMINAL APPEALS",,SHARON KELLER,REP,64,3,111,0,178,67,111
El Paso,163-ROBERT ROJAS ELEMENTARY,"PRESIDING JUDGE, COURT OF CRIMINAL APPEALS",,KEITH HAMPTON,DEM,250,4,414,0,668,254,414
El Paso,163-ROBERT ROJAS ELEMENTARY,"PRESIDING JUDGE, COURT OF CRIMINAL APPEALS",,LANCE STOTT,LIB,8,0,23,0,31,8,23
El Paso,163-ROBERT ROJAS ELEMENTARY,"JUDGE, COURT OF CRIMINAL APPEALS, PLACE 7",,BARBARA PARKER HERVE,REP,108,4,209,0,321,112,209
El Paso,163-ROBERT ROJAS ELEMENTARY,"JUDGE, COURT OF CRIMINAL APPEALS, PLACE 7",,MARK W. BENNETT,LIB,81,0,191,0,272,81,191
El Paso,163-ROBERT ROJAS ELEMENTARY,"JUDGE, COURT OF CRIMINAL APPEALS, PLACE 8",,ELSA ALCALA,REP,113,4,243,0,360,117,243
El Paso,163-ROBERT ROJAS ELEMENTARY,"JUDGE, COURT OF CRIMINAL APPEALS, PLACE 8",,WILLIAM BRYAN STRANG,LIB,70,0,156,0,226,70,156
El Paso,163-ROBERT ROJAS ELEMENTARY,MEMBER STATE BOARD OF EDUCATION DISTRICT 1,,CARLOS CHARLIE GARZA,REP,61,3,121,0,185,64,121
El Paso,163-ROBERT ROJAS ELEMENTARY,MEMBER STATE BOARD OF EDUCATION DISTRICT 1,,MARTHA M. DOMINGUEZ,DEM,262,4,432,0,698,266,432
El Paso,163-ROBERT ROJAS ELEMENTARY,STATE SENATOR DISTRICT 29,,DAN CHAVEZ,REP,54,3,97,0,154,57,97
El Paso,163-ROBERT ROJAS ELEMENTARY,STATE SENATOR DISTRICT 29,,JOSE R. RODRIGUEZ,DEM,271,4,458,0,733,275,458
El Paso,163-ROBERT ROJAS ELEMENTARY,STATE REPRESENTATIVE DISTRICT 75,,MARY E. GONZALEZ,DEM,282,4,467,0,753,286,467
El Paso,163-ROBERT ROJAS ELEMENTARY,"CHIEF JUSTICE, COURT OF APPEALS 8TH DISTRICT",,ANN CRAWFORD MCCLURE,DEM,279,4,465,0,748,283,465
El Paso,163-ROBERT ROJAS ELEMENTARY,"JUSTICE, 8TH COURT OF APPEALS DISTRICT, PLACE 2",,CHRIS ANTCLIFF,REP,61,3,98,0,162,64,98
El Paso,163-ROBERT ROJAS ELEMENTARY,"JUSTICE, 8TH COURT OF APPEALS DISTRICT, PLACE 2",,YVONNE RODRIGUEZ,DEM,259,4,450,0,713,263,450
El Paso,163-ROBERT ROJAS ELEMENTARY,"JUSTICE, 8TH COURT OF APPEALS DISTRICT, PLACE 3",,GUADALUPE LUPE RIVER,DEM,285,4,473,0,762,289,473
El Paso,163-ROBERT ROJAS ELEMENTARY,"DISTRICT JUDGE, 34TH JUDICIAL DISTRICT",,BILL MOODY,DEM,277,5,461,0,743,282,461
El Paso,163-ROBERT ROJAS ELEMENTARY,"DISTRICT JUDGE, 41ST JUDICIAL DISTRICT",,ANNA PEREZ,DEM,277,5,474,0,756,282,474
El Paso,163-ROBERT ROJAS ELEMENTARY,"DISTRICT JUDGE, 243RD JUDICIAL DISTRICT",,BILLY DON HICKS,REP,78,3,145,0,226,81,145
El Paso,163-ROBERT ROJAS ELEMENTARY,"DISTRICT JUDGE, 243RD JUDICIAL DISTRICT",,LUIS AGUILAR,DEM,241,4,409,0,654,245,409
El Paso,163-ROBERT ROJAS ELEMENTARY,"DISTRICT JUDGE, 346TH JUDICIAL DISTRICT",,ANGIE J. BARILL,DEM,279,3,472,0,754,282,472
El Paso,163-ROBERT ROJAS ELEMENTARY,"DISTRICT JUDGE, 383RD JUDICIAL DISTRICT",,MIKE HERRERA,DEM,282,4,473,0,759,286,473
El Paso,163-ROBERT ROJAS ELEMENTARY,"DISTRICT JUDGE, 384TH JUDICIAL DISTRICT",,PATRICK M. GARCIA,DEM,284,5,470,0,759,289,470
El Paso,163-ROBERT ROJAS ELEMENTARY,"DISTRICT JUDGE, 388TH JUDICIAL DISTRICT",,LAURA STRATHMANN,DEM,281,4,475,0,760,285,475
El Paso,163-ROBERT ROJAS ELEMENTARY,"DISTRICT JUDGE, 409TH JUDICIAL DISTRICT",,SAM MEDRANO JR,DEM,278,5,474,0,757,283,474
El Paso,163-ROBERT ROJAS ELEMENTARY,"DISTRICT JUDGE, 448TH JUDICIAL DISTRICT",,SERGIO H. ENRIQUEZ,DEM,281,4,467,0,752,285,467
El Paso,163-ROBERT ROJAS ELEMENTARY,"CRIMINAL DISTRICT JUDGE, COURT NO. 1",,DIANE NAVARRETE,DEM,276,5,464,0,745,281,464
El Paso,163-ROBERT ROJAS ELEMENTARY,"FAMILY DISTRICT JUDGE, 65TH JUDICIAL DISTRICT",,YAHARA L. GUTIERREZ,DEM,275,4,469,0,748,279,469
El Paso,163-ROBERT ROJAS ELEMENTARY,"DISTRICT ATTORNEY, 34TH JUDICIAL DISTRICT",,JAIME ESPARZA,DEM,273,4,473,0,750,277,473
El Paso,163-ROBERT ROJAS ELEMENTARY,"JUDGE, COUNTY CRIMINAL COURT NO. 3",,CARLOS CARRASCO,DEM,274,4,475,0,753,278,475
El Paso,163-ROBERT ROJAS ELEMENTARY,"JUDGE, COUNTY CRIMINAL COURT NO. 4",,JESUS HERRERA,DEM,278,5,468,0,751,283,468
El Paso,163-ROBERT ROJAS ELEMENTARY,COUNTY ATTORNEY,,JO ANNE BERNAL,DEM,278,4,473,0,755,282,473
El Paso,163-ROBERT ROJAS ELEMENTARY,SHERIFF,,RICHARD D. WILES,DEM,282,5,470,0,757,287,470
El Paso,163-ROBERT ROJAS ELEMENTARY,COUNTY TAX ASSESSOR COLLECTOR,,VICTOR A. FLORES,DEM,287,5,477,0,769,292,477
El Paso,163-ROBERT ROJAS ELEMENTARY,"COUNTY COMMISSIONER, PRECINCT NO. 3",,FRED CHAVEZ,REP,67,3,116,0,186,70,116
El Paso,163-ROBERT ROJAS ELEMENTARY,"COUNTY COMMISSIONER, PRECINCT NO. 3",,VINCENT VINCE PEREZ,DEM,253,4,429,0,686,257,429
El Paso,163-ROBERT ROJAS ELEMENTARY,"CONSTABLE, PRECINCT NO. 6",,JAVIER GARCIA,DEM,280,4,475,0,759,284,475
El Paso,164-ESCONTRIAS ELEMENTARY,"LOWER VALLEY WATER DIST, PLACE 4",,DAVID ARMSTRONG,NP,125,2,159,0,286,127,159
El Paso,164-ESCONTRIAS ELEMENTARY,"LOWER VALLEY WATER DIST, PLACE 4",,JERRY GRIJALVA,NP,129,1,136,1,267,130,137
El Paso,164-ESCONTRIAS ELEMENTARY,"LOWER VALLEY WATER DIST, PLACE 4",,DAVID T GARCIA,NP,92,2,157,0,251,94,157
El Paso,164-ESCONTRIAS ELEMENTARY,"LOWER VALLEY WATER DIST, PLACE 5",,DAVID CARRASCO,NP,279,3,366,1,649,282,367
El Paso,164-ESCONTRIAS ELEMENTARY,"LOWER VALLEY WATER DIST, PLACE 5",,WARREN JORGENSEN,NP,91,2,101,0,194,93,101
El Paso,164-ESCONTRIAS ELEMENTARY,STRAIGHT PARTY,,REPUBLICAN,REP,43,6,69,0,118,49,69
El Paso,164-ESCONTRIAS ELEMENTARY,STRAIGHT PARTY,,DEMOCRAT,DEM,266,4,480,2,752,270,482
El Paso,164-ESCONTRIAS ELEMENTARY,STRAIGHT PARTY,,LIBERTARIAN,LIB,2,0,8,0,10,2,8
El Paso,164-ESCONTRIAS ELEMENTARY,STRAIGHT PARTY,,GREEN,GRN,1,0,4,0,5,1,4
El Paso,164-ESCONTRIAS ELEMENTARY,US PRESIDENT,,MITT ROMNEY,REP,85,6,90,0,181,91,90
El Paso,164-ESCONTRIAS ELEMENTARY,US PRESIDENT,,BARACK OBAMA,DEM,362,5,580,2,949,367,582
El Paso,164-ESCONTRIAS ELEMENTARY,US PRESIDENT,,GARY JOHNSON,LIB,1,0,7,0,8,1,7
El Paso,164-ESCONTRIAS ELEMENTARY,US PRESIDENT,,JILL STEIN,GRN,1,0,2,0,3,1,2
El Paso,164-ESCONTRIAS ELEMENTARY,US PRESIDENT,,WRITE-IN,NP,0,0,1,0,1,0,1
El Paso,164-ESCONTRIAS ELEMENTARY,US SENATOR,,TED CRUZ,REP,91,7,120,0,218,98,120
El Paso,164-ESCONTRIAS ELEMENTARY,US SENATOR,,PAUL SADLER,DEM,329,4,505,2,840,333,507
El Paso,164-ESCONTRIAS ELEMENTARY,US SENATOR,,JOHN JAY MYERS,LIB,6,0,14,0,20,6,14
El Paso,164-ESCONTRIAS ELEMENTARY,US SENATOR,,DAVID B. COLLINS,GRN,6,0,11,0,17,6,11
El Paso,164-ESCONTRIAS ELEMENTARY,US REP DISTRICT 23,,FRANCISCO QUICO CANS,REP,84,7,95,0,186,91,95
El Paso,164-ESCONTRIAS ELEMENTARY,US REP DISTRICT 23,,PETE P. GALLEGO,DEM,344,4,543,2,893,348,545
El Paso,164-ESCONTRIAS ELEMENTARY,US REP DISTRICT 23,,JEFFREY C. BLUNT,LIB,4,0,12,0,16,4,12
El Paso,164-ESCONTRIAS ELEMENTARY,US REP DISTRICT 23,,ED SCHARF,GRN,4,0,7,0,11,4,7
El Paso,164-ESCONTRIAS ELEMENTARY,RAILROAD COMMISSIONER,,CHRISTI CRADDICK,REP,73,6,87,0,166,79,87
El Paso,164-ESCONTRIAS ELEMENTARY,RAILROAD COMMISSIONER,,DALE HENRY,DEM,329,4,523,2,858,333,525
El Paso,164-ESCONTRIAS ELEMENTARY,RAILROAD COMMISSIONER,,VIVEKANANDA (VIK) WA,LIB,4,0,16,0,20,4,16
El Paso,164-ESCONTRIAS ELEMENTARY,RAILROAD COMMISSIONER,,CHRIS KENNEDY,GRN,15,1,27,0,43,16,27
El Paso,164-ESCONTRIAS ELEMENTARY,RAILROAD COMMISSIONER,,BARRY SMITHERMAN,REP,99,6,121,0,226,105,121
El Paso,164-ESCONTRIAS ELEMENTARY,RAILROAD COMMISSIONER,,JAIME O. PEREZ,LIB,154,2,255,0,411,156,255
El Paso,164-ESCONTRIAS ELEMENTARY,RAILROAD COMMISSIONER,,JOSH WENDEL,GRN,29,1,40,0,70,30,40
El Paso,164-ESCONTRIAS ELEMENTARY,"JUSTICE, SUPREME COURT, PLACE 2",,DON WILLETT,REP,133,6,200,0,339,139,200
El Paso,164-ESCONTRIAS ELEMENTARY,"JUSTICE, SUPREME COURT, PLACE 2",,RS ROBERT KOELSCH,LIB,132,2,197,0,331,134,197
El Paso,164-ESCONTRIAS ELEMENTARY,"JUSTICE, SUPREME COURT, PLACE 4",,JOHN DEVINE,REP,112,7,184,0,303,119,184
El Paso,164-ESCONTRIAS ELEMENTARY,"JUSTICE, SUPREME COURT, PLACE 4",,TOM OXFORD,LIB,112,1,142,0,255,113,142
El Paso,164-ESCONTRIAS ELEMENTARY,"JUSTICE, SUPREME COURT, PLACE 4",,CHARLES E. WATERBURY,GRN,37,1,78,0,116,38,78
El Paso,164-ESCONTRIAS ELEMENTARY,"JUSTICE, SUPREME COURT, PLACE 6",,NATHAN HECHT,REP,67,6,83,0,156,73,83
El Paso,164-ESCONTRIAS ELEMENTARY,"JUSTICE, SUPREME COURT, PLACE 6",,MICHELE PETTY,DEM,343,4,532,2,881,347,534
El Paso,164-ESCONTRIAS ELEMENTARY,"JUSTICE, SUPREME COURT, PLACE 6",,MARK ASH,LIB,8,1,24,0,33,9,24
El Paso,164-ESCONTRIAS ELEMENTARY,"JUSTICE, SUPREME COURT, PLACE 6",,JIM CHISHOLM,GRN,11,0,10,0,21,11,10
El Paso,164-ESCONTRIAS ELEMENTARY,"PRESIDING JUDGE, COURT OF CRIMINAL APPEALS",,SHARON KELLER,REP,82,6,99,0,187,88,99
El Paso,164-ESCONTRIAS ELEMENTARY,"PRESIDING JUDGE, COURT OF CRIMINAL APPEALS",,KEITH HAMPTON,DEM,331,4,519,2,856,335,521
El Paso,164-ESCONTRIAS ELEMENTARY,"PRESIDING JUDGE, COURT OF CRIMINAL APPEALS",,LANCE STOTT,LIB,13,1,25,0,39,14,25
El Paso,164-ESCONTRIAS ELEMENTARY,"JUDGE, COURT OF CRIMINAL APPEALS, PLACE 7",,BARBARA PARKER HERVE,REP,139,7,220,0,366,146,220
El Paso,164-ESCONTRIAS ELEMENTARY,"JUDGE, COURT OF CRIMINAL APPEALS, PLACE 7",,MARK W. BENNETT,LIB,121,2,174,0,297,123,174
El Paso,164-ESCONTRIAS ELEMENTARY,"JUDGE, COURT OF CRIMINAL APPEALS, PLACE 8",,ELSA ALCALA,REP,151,6,237,0,394,157,237
El Paso,164-ESCONTRIAS ELEMENTARY,"JUDGE, COURT OF CRIMINAL APPEALS, PLACE 8",,WILLIAM BRYAN STRANG,LIB,102,1,167,0,270,103,167
El Paso,164-ESCONTRIAS ELEMENTARY,MEMBER STATE BOARD OF EDUCATION DISTRICT 1,,CARLOS CHARLIE GARZA,REP,72,7,119,0,198,79,119
El Paso,164-ESCONTRIAS ELEMENTARY,MEMBER STATE BOARD OF EDUCATION DISTRICT 1,,MARTHA M. DOMINGUEZ,DEM,358,4,529,2,893,362,531
El Paso,164-ESCONTRIAS ELEMENTARY,STATE SENATOR DISTRICT 29,,DAN CHAVEZ,REP,76,6,93,0,175,82,93
El Paso,164-ESCONTRIAS ELEMENTARY,STATE SENATOR DISTRICT 29,,JOSE R. RODRIGUEZ,DEM,361,5,555,2,923,366,557
El Paso,164-ESCONTRIAS ELEMENTARY,STATE REPRESENTATIVE DISTRICT 75,,MARY E. GONZALEZ,DEM,376,4,571,2,953,380,573
El Paso,164-ESCONTRIAS ELEMENTARY,"CHIEF JUSTICE, COURT OF APPEALS 8TH DISTRICT",,ANN CRAWFORD MCCLURE,DEM,370,5,572,2,949,375,574
El Paso,164-ESCONTRIAS ELEMENTARY,"JUSTICE, 8TH COURT OF APPEALS DISTRICT, PLACE 2",,CHRIS ANTCLIFF,REP,71,6,89,0,166,77,89
El Paso,164-ESCONTRIAS ELEMENTARY,"JUSTICE, 8TH COURT OF APPEALS DISTRICT, PLACE 2",,YVONNE RODRIGUEZ,DEM,359,5,552,2,918,364,554
El Paso,164-ESCONTRIAS ELEMENTARY,"JUSTICE, 8TH COURT OF APPEALS DISTRICT, PLACE 3",,GUADALUPE LUPE RIVER,DEM,374,5,575,2,956,379,577
El Paso,164-ESCONTRIAS ELEMENTARY,"DISTRICT JUDGE, 34TH JUDICIAL DISTRICT",,BILL MOODY,DEM,372,5,573,2,952,377,575
El Paso,164-ESCONTRIAS ELEMENTARY,"DISTRICT JUDGE, 41ST JUDICIAL DISTRICT",,ANNA PEREZ,DEM,370,5,565,2,942,375,567
El Paso,164-ESCONTRIAS ELEMENTARY,"DISTRICT JUDGE, 243RD JUDICIAL DISTRICT",,BILLY DON HICKS,REP,97,6,91,0,194,103,91
El Paso,164-ESCONTRIAS ELEMENTARY,"DISTRICT JUDGE, 243RD JUDICIAL DISTRICT",,LUIS AGUILAR,DEM,335,5,551,2,893,340,553
El Paso,164-ESCONTRIAS ELEMENTARY,"DISTRICT JUDGE, 346TH JUDICIAL DISTRICT",,ANGIE J. BARILL,DEM,369,4,565,2,940,373,567
El Paso,164-ESCONTRIAS ELEMENTARY,"DISTRICT JUDGE, 383RD JUDICIAL DISTRICT",,MIKE HERRERA,DEM,373,5,568,2,948,378,570
El Paso,164-ESCONTRIAS ELEMENTARY,"DISTRICT JUDGE, 384TH JUDICIAL DISTRICT",,PATRICK M. GARCIA,DEM,367,5,558,2,932,372,560
El Paso,164-ESCONTRIAS ELEMENTARY,"DISTRICT JUDGE, 388TH JUDICIAL DISTRICT",,LAURA STRATHMANN,DEM,366,5,565,2,938,371,567
El Paso,164-ESCONTRIAS ELEMENTARY,"DISTRICT JUDGE, 409TH JUDICIAL DISTRICT",,SAM MEDRANO JR,DEM,374,4,563,2,943,378,565
El Paso,164-ESCONTRIAS ELEMENTARY,"DISTRICT JUDGE, 448TH JUDICIAL DISTRICT",,SERGIO H. ENRIQUEZ,DEM,373,5,567,2,947,378,569
El Paso,164-ESCONTRIAS ELEMENTARY,"CRIMINAL DISTRICT JUDGE, COURT NO. 1",,DIANE NAVARRETE,DEM,363,5,565,2,935,368,567
El Paso,164-ESCONTRIAS ELEMENTARY,"FAMILY DISTRICT JUDGE, 65TH JUDICIAL DISTRICT",,YAHARA L. GUTIERREZ,DEM,361,5,562,2,930,366,564
El Paso,164-ESCONTRIAS ELEMENTARY,"DISTRICT ATTORNEY, 34TH JUDICIAL DISTRICT",,JAIME ESPARZA,DEM,372,5,581,2,960,377,583
El Paso,164-ESCONTRIAS ELEMENTARY,"JUDGE, COUNTY CRIMINAL COURT NO. 3",,CARLOS CARRASCO,DEM,363,5,571,2,941,368,573
El Paso,164-ESCONTRIAS ELEMENTARY,"JUDGE, COUNTY CRIMINAL COURT NO. 4",,JESUS HERRERA,DEM,367,5,569,2,943,372,571
El Paso,164-ESCONTRIAS ELEMENTARY,COUNTY ATTORNEY,,JO ANNE BERNAL,DEM,366,5,560,2,933,371,562
El Paso,164-ESCONTRIAS ELEMENTARY,SHERIFF,,RICHARD D. WILES,DEM,374,5,584,2,965,379,586
El Paso,164-ESCONTRIAS ELEMENTARY,COUNTY TAX ASSESSOR COLLECTOR,,VICTOR A. FLORES,DEM,373,5,580,2,960,378,582
El Paso,164-ESCONTRIAS ELEMENTARY,"COUNTY COMMISSIONER, PRECINCT NO. 3",,FRED CHAVEZ,REP,77,6,106,0,189,83,106
El Paso,164-ESCONTRIAS ELEMENTARY,"COUNTY COMMISSIONER, PRECINCT NO. 3",,VINCENT VINCE PEREZ,DEM,354,5,531,2,892,359,533
El Paso,164-ESCONTRIAS ELEMENTARY,"CONSTABLE, PRECINCT NO. 6",,JAVIER GARCIA,DEM,373,5,566,2,946,378,568
El Paso,165-CAMPESTRE ELEMENTARY,"LOWER VALLEY WATER DIST, PLACE 4",,DAVID ARMSTRONG,NP,101,0,159,1,261,101,160
El Paso,165-CAMPESTRE ELEMENTARY,"LOWER VALLEY WATER DIST, PLACE 4",,JERRY GRIJALVA,NP,86,2,157,0,245,88,157
El Paso,165-CAMPESTRE ELEMENTARY,"LOWER VALLEY WATER DIST, PLACE 4",,DAVID T GARCIA,NP,94,3,153,0,250,97,153
El Paso,165-CAMPESTRE ELEMENTARY,"LOWER VALLEY WATER DIST, PLACE 5",,DAVID CARRASCO,NP,238,4,361,1,604,242,362
El Paso,165-CAMPESTRE ELEMENTARY,"LOWER VALLEY WATER DIST, PLACE 5",,WARREN JORGENSEN,NP,54,1,97,0,152,55,97
El Paso,165-CAMPESTRE ELEMENTARY,STRAIGHT PARTY,,REPUBLICAN,REP,43,2,67,0,112,45,67
El Paso,165-CAMPESTRE ELEMENTARY,STRAIGHT PARTY,,DEMOCRAT,DEM,222,3,509,1,735,225,510
El Paso,165-CAMPESTRE ELEMENTARY,STRAIGHT PARTY,,LIBERTARIAN,LIB,2,0,3,0,5,2,3
El Paso,165-CAMPESTRE ELEMENTARY,STRAIGHT PARTY,,GREEN,GRN,3,0,1,0,4,3,1
El Paso,165-CAMPESTRE ELEMENTARY,US PRESIDENT,,MITT ROMNEY,REP,78,0,91,0,169,78,91
El Paso,165-CAMPESTRE ELEMENTARY,US PRESIDENT,,BARACK OBAMA,DEM,279,4,578,1,862,283,579
El Paso,165-CAMPESTRE ELEMENTARY,US PRESIDENT,,GARY JOHNSON,LIB,0,1,3,0,4,1,3
El Paso,165-CAMPESTRE ELEMENTARY,US PRESIDENT,,JILL STEIN,GRN,4,0,1,0,5,4,1
El Paso,165-CAMPESTRE ELEMENTARY,US PRESIDENT,,WRITE-IN,NP,0,0,2,0,2,0,2
El Paso,165-CAMPESTRE ELEMENTARY,US SENATOR,,TED CRUZ,REP,88,1,101,0,190,89,101
El Paso,165-CAMPESTRE ELEMENTARY,US SENATOR,,PAUL SADLER,DEM,245,4,527,1,777,249,528
El Paso,165-CAMPESTRE ELEMENTARY,US SENATOR,,JOHN JAY MYERS,LIB,10,0,16,0,26,10,16
El Paso,165-CAMPESTRE ELEMENTARY,US SENATOR,,DAVID B. COLLINS,GRN,7,1,9,0,17,8,9
El Paso,165-CAMPESTRE ELEMENTARY,US REP DISTRICT 23,,FRANCISCO QUICO CANS,REP,65,1,81,0,147,66,81
El Paso,165-CAMPESTRE ELEMENTARY,US REP DISTRICT 23,,PETE P. GALLEGO,DEM,276,4,558,1,839,280,559
El Paso,165-CAMPESTRE ELEMENTARY,US REP DISTRICT 23,,JEFFREY C. BLUNT,LIB,8,1,14,0,23,9,14
El Paso,165-CAMPESTRE ELEMENTARY,US REP DISTRICT 23,,ED SCHARF,GRN,3,0,2,0,5,3,2
El Paso,165-CAMPESTRE ELEMENTARY,RAILROAD COMMISSIONER,,CHRISTI CRADDICK,REP,68,1,79,0,148,69,79
El Paso,165-CAMPESTRE ELEMENTARY,RAILROAD COMMISSIONER,,DALE HENRY,DEM,260,5,540,1,806,265,541
El Paso,165-CAMPESTRE ELEMENTARY,RAILROAD COMMISSIONER,,VIVEKANANDA (VIK) WA,LIB,8,0,9,0,17,8,9
El Paso,165-CAMPESTRE ELEMENTARY,RAILROAD COMMISSIONER,,CHRIS KENNEDY,GRN,14,0,18,0,32,14,18
El Paso,165-CAMPESTRE ELEMENTARY,RAILROAD COMMISSIONER,,BARRY SMITHERMAN,REP,88,1,124,0,213,89,124
El Paso,165-CAMPESTRE ELEMENTARY,RAILROAD COMMISSIONER,,JAIME O. PEREZ,LIB,127,4,261,0,392,131,261
El Paso,165-CAMPESTRE ELEMENTARY,RAILROAD COMMISSIONER,,JOSH WENDEL,GRN,20,0,31,0,51,20,31
El Paso,165-CAMPESTRE ELEMENTARY,"JUSTICE, SUPREME COURT, PLACE 2",,DON WILLETT,REP,129,1,198,0,328,130,198
El Paso,165-CAMPESTRE ELEMENTARY,"JUSTICE, SUPREME COURT, PLACE 2",,RS ROBERT KOELSCH,LIB,98,4,199,0,301,102,199
El Paso,165-CAMPESTRE ELEMENTARY,"JUSTICE, SUPREME COURT, PLACE 4",,JOHN DEVINE,REP,94,2,166,0,262,96,166
El Paso,165-CAMPESTRE ELEMENTARY,"JUSTICE, SUPREME COURT, PLACE 4",,TOM OXFORD,LIB,89,3,178,0,270,92,178
El Paso,165-CAMPESTRE ELEMENTARY,"JUSTICE, SUPREME COURT, PLACE 4",,CHARLES E. WATERBURY,GRN,37,0,58,0,95,37,58
El Paso,165-CAMPESTRE ELEMENTARY,"JUSTICE, SUPREME COURT, PLACE 6",,NATHAN HECHT,REP,56,1,76,0,133,57,76
El Paso,165-CAMPESTRE ELEMENTARY,"JUSTICE, SUPREME COURT, PLACE 6",,MICHELE PETTY,DEM,268,4,553,1,826,272,554
El Paso,165-CAMPESTRE ELEMENTARY,"JUSTICE, SUPREME COURT, PLACE 6",,MARK ASH,LIB,13,1,15,0,29,14,15
El Paso,165-CAMPESTRE ELEMENTARY,"JUSTICE, SUPREME COURT, PLACE 6",,JIM CHISHOLM,GRN,11,0,5,0,16,11,5
El Paso,165-CAMPESTRE ELEMENTARY,"PRESIDING JUDGE, COURT OF CRIMINAL APPEALS",,SHARON KELLER,REP,75,1,85,0,161,76,85
El Paso,165-CAMPESTRE ELEMENTARY,"PRESIDING JUDGE, COURT OF CRIMINAL APPEALS",,KEITH HAMPTON,DEM,266,5,545,1,817,271,546
El Paso,165-CAMPESTRE ELEMENTARY,"PRESIDING JUDGE, COURT OF CRIMINAL APPEALS",,LANCE STOTT,LIB,7,0,11,0,18,7,11
El Paso,165-CAMPESTRE ELEMENTARY,"JUDGE, COURT OF CRIMINAL APPEALS, PLACE 7",,BARBARA PARKER HERVE,REP,121,1,198,0,320,122,198
El Paso,165-CAMPESTRE ELEMENTARY,"JUDGE, COURT OF CRIMINAL APPEALS, PLACE 7",,MARK W. BENNETT,LIB,101,4,193,0,298,105,193
El Paso,165-CAMPESTRE ELEMENTARY,"JUDGE, COURT OF CRIMINAL APPEALS, PLACE 8",,ELSA ALCALA,REP,122,2,209,0,333,124,209
El Paso,165-CAMPESTRE ELEMENTARY,"JUDGE, COURT OF CRIMINAL APPEALS, PLACE 8",,WILLIAM BRYAN STRANG,LIB,89,3,182,0,274,92,182
El Paso,165-CAMPESTRE ELEMENTARY,MEMBER STATE BOARD OF EDUCATION DISTRICT 1,,CARLOS CHARLIE GARZA,REP,69,2,91,0,162,71,91
El Paso,165-CAMPESTRE ELEMENTARY,MEMBER STATE BOARD OF EDUCATION DISTRICT 1,,MARTHA M. DOMINGUEZ,DEM,279,4,558,1,842,283,559
El Paso,165-CAMPESTRE ELEMENTARY,STATE SENATOR DISTRICT 29,,DAN CHAVEZ,REP,73,1,85,0,159,74,85
El Paso,165-CAMPESTRE ELEMENTARY,STATE SENATOR DISTRICT 29,,JOSE R. RODRIGUEZ,DEM,280,5,572,1,858,285,573
El Paso,165-CAMPESTRE ELEMENTARY,STATE REPRESENTATIVE DISTRICT 75,,MARY E. GONZALEZ,DEM,286,4,580,1,871,290,581
El Paso,165-CAMPESTRE ELEMENTARY,"CHIEF JUSTICE, COURT OF APPEALS 8TH DISTRICT",,ANN CRAWFORD MCCLURE,DEM,287,4,568,1,860,291,569
El Paso,165-CAMPESTRE ELEMENTARY,"JUSTICE, 8TH COURT OF APPEALS DISTRICT, PLACE 2",,CHRIS ANTCLIFF,REP,66,1,79,0,146,67,79
El Paso,165-CAMPESTRE ELEMENTARY,"JUSTICE, 8TH COURT OF APPEALS DISTRICT, PLACE 2",,YVONNE RODRIGUEZ,DEM,281,5,567,1,854,286,568
El Paso,165-CAMPESTRE ELEMENTARY,"JUSTICE, 8TH COURT OF APPEALS DISTRICT, PLACE 3",,GUADALUPE LUPE RIVER,DEM,289,5,580,1,875,294,581
El Paso,165-CAMPESTRE ELEMENTARY,"DISTRICT JUDGE, 34TH JUDICIAL DISTRICT",,BILL MOODY,DEM,284,5,585,1,875,289,586
El Paso,165-CAMPESTRE ELEMENTARY,"DISTRICT JUDGE, 41ST JUDICIAL DISTRICT",,ANNA PEREZ,DEM,281,5,579,1,866,286,580
El Paso,165-CAMPESTRE ELEMENTARY,"DISTRICT JUDGE, 243RD JUDICIAL DISTRICT",,BILLY DON HICKS,REP,79,1,88,0,168,80,88
El Paso,165-CAMPESTRE ELEMENTARY,"DISTRICT JUDGE, 243RD JUDICIAL DISTRICT",,LUIS AGUILAR,DEM,266,5,561,1,833,271,562
El Paso,165-CAMPESTRE ELEMENTARY,"DISTRICT JUDGE, 346TH JUDICIAL DISTRICT",,ANGIE J. BARILL,DEM,285,4,573,1,863,289,574
El Paso,165-CAMPESTRE ELEMENTARY,"DISTRICT JUDGE, 383RD JUDICIAL DISTRICT",,MIKE HERRERA,DEM,291,4,572,1,868,295,573
El Paso,165-CAMPESTRE ELEMENTARY,"DISTRICT JUDGE, 384TH JUDICIAL DISTRICT",,PATRICK M. GARCIA,DEM,287,4,575,1,867,291,576
El Paso,165-CAMPESTRE ELEMENTARY,"DISTRICT JUDGE, 388TH JUDICIAL DISTRICT",,LAURA STRATHMANN,DEM,281,4,569,1,855,285,570
El Paso,165-CAMPESTRE ELEMENTARY,"DISTRICT JUDGE, 409TH JUDICIAL DISTRICT",,SAM MEDRANO JR,DEM,284,5,576,1,866,289,577
El Paso,165-CAMPESTRE ELEMENTARY,"DISTRICT JUDGE, 448TH JUDICIAL DISTRICT",,SERGIO H. ENRIQUEZ,DEM,283,4,577,1,865,287,578
El Paso,165-CAMPESTRE ELEMENTARY,"CRIMINAL DISTRICT JUDGE, COURT NO. 1",,DIANE NAVARRETE,DEM,275,5,575,1,856,280,576
El Paso,165-CAMPESTRE ELEMENTARY,"FAMILY DISTRICT JUDGE, 65TH JUDICIAL DISTRICT",,YAHARA L. GUTIERREZ,DEM,277,4,574,1,856,281,575
El Paso,165-CAMPESTRE ELEMENTARY,"DISTRICT ATTORNEY, 34TH JUDICIAL DISTRICT",,JAIME ESPARZA,DEM,275,4,580,1,860,279,581
El Paso,165-CAMPESTRE ELEMENTARY,"JUDGE, COUNTY CRIMINAL COURT NO. 3",,CARLOS CARRASCO,DEM,279,5,575,1,860,284,576
El Paso,165-CAMPESTRE ELEMENTARY,"JUDGE, COUNTY CRIMINAL COURT NO. 4",,JESUS HERRERA,DEM,280,4,572,1,857,284,573
El Paso,165-CAMPESTRE ELEMENTARY,COUNTY ATTORNEY,,JO ANNE BERNAL,DEM,278,5,578,1,862,283,579
El Paso,165-CAMPESTRE ELEMENTARY,SHERIFF,,RICHARD D. WILES,DEM,279,4,587,1,871,283,588
El Paso,165-CAMPESTRE ELEMENTARY,COUNTY TAX ASSESSOR COLLECTOR,,VICTOR A. FLORES,DEM,283,5,580,1,869,288,581
El Paso,165-CAMPESTRE ELEMENTARY,"COUNTY COMMISSIONER, PRECINCT NO. 3",,FRED CHAVEZ,REP,79,1,98,0,178,80,98
El Paso,165-CAMPESTRE ELEMENTARY,"COUNTY COMMISSIONER, PRECINCT NO. 3",,VINCENT VINCE PEREZ,DEM,267,5,550,1,823,272,551
El Paso,165-CAMPESTRE ELEMENTARY,"CONSTABLE, PRECINCT NO. 6",,JAVIER GARCIA,DEM,286,5,570,1,862,291,571
El Paso,166-RED SANDS ELEMENTARY,CLINT ISD BOARD OF TRUSTEES DISTRICT AT LARGE,,PATRICIA PAT RANDLEE,NP,122,10,126,0,258,132,126
El Paso,166-RED SANDS ELEMENTARY,CLINT ISD BOARD OF TRUSTEES DISTRICT AT LARGE,,SUSANA SANTILLAN,NP,141,5,196,1,343,146,197
El Paso,166-RED SANDS ELEMENTARY,CLINT ISD BOARD OF TRUSTEES DISTRICT AT LARGE,,SONIA HERRERA MARQUE,NP,110,5,182,1,298,115,183
El Paso,166-RED SANDS ELEMENTARY,CLINT ISD BOARD OF TRUSTEES DISTRICT AT LARGE,,FRED MARTINEZ,NP,113,4,167,1,285,117,168
El Paso,166-RED SANDS ELEMENTARY,CLINT ISD BOARD OF TRUSTEES DISTRICT AT LARGE,,CLAUDIA GARCIA,NP,104,6,168,0,278,110,168
El Paso,166-RED SANDS ELEMENTARY,CLINT ISD BOARD OF TRUSTEES DISTRICT AT LARGE,,MARY MACIAS,NP,99,5,167,0,271,104,167
El Paso,166-RED SANDS ELEMENTARY,CLINT ISD BOARD OF TRUSTEES DISTRICT AT LARGE,,Write-In,NP,2,0,2,0,4,2,2
El Paso,166-RED SANDS ELEMENTARY,STRAIGHT PARTY,,REPUBLICAN,REP,113,8,96,0,217,121,96
El Paso,166-RED SANDS ELEMENTARY,STRAIGHT PARTY,,DEMOCRAT,DEM,155,3,287,1,446,158,288
El Paso,166-RED SANDS ELEMENTARY,STRAIGHT PARTY,,LIBERTARIAN,LIB,0,0,3,0,3,0,3
El Paso,166-RED SANDS ELEMENTARY,STRAIGHT PARTY,,GREEN,GRN,0,0,2,0,2,0,2
El Paso,166-RED SANDS ELEMENTARY,US PRESIDENT,,MITT ROMNEY,REP,195,19,165,0,379,214,165
El Paso,166-RED SANDS ELEMENTARY,US PRESIDENT,,BARACK OBAMA,DEM,235,4,353,1,593,239,354
El Paso,166-RED SANDS ELEMENTARY,US PRESIDENT,,GARY JOHNSON,LIB,2,1,3,0,6,3,3
El Paso,166-RED SANDS ELEMENTARY,US PRESIDENT,,JILL STEIN,GRN,0,0,6,0,6,0,6
El Paso,166-RED SANDS ELEMENTARY,US PRESIDENT,,WRITE-IN,NP,0,0,1,0,1,0,1
El Paso,166-RED SANDS ELEMENTARY,US SENATOR,,TED CRUZ,REP,192,16,166,0,374,208,166
El Paso,166-RED SANDS ELEMENTARY,US SENATOR,,PAUL SADLER,DEM,207,6,316,1,530,213,317
El Paso,166-RED SANDS ELEMENTARY,US SENATOR,,JOHN JAY MYERS,LIB,9,1,10,0,20,10,10
El Paso,166-RED SANDS ELEMENTARY,US SENATOR,,DAVID B. COLLINS,GRN,8,0,9,0,17,8,9
El Paso,166-RED SANDS ELEMENTARY,US REP DISTRICT 16,,BARBARA CARRASCO,REP,181,16,162,1,360,197,163
El Paso,166-RED SANDS ELEMENTARY,US REP DISTRICT 16,,BETO OROURKE,DEM,232,7,347,0,586,239,347
El Paso,166-RED SANDS ELEMENTARY,US REP DISTRICT 16,,JUNART SODOY,LIB,5,0,4,0,9,5,4
El Paso,166-RED SANDS ELEMENTARY,RAILROAD COMMISSIONER,,CHRISTI CRADDICK,REP,179,15,138,0,332,194,138
El Paso,166-RED SANDS ELEMENTARY,RAILROAD COMMISSIONER,,DALE HENRY,DEM,193,7,332,0,532,200,332
El Paso,166-RED SANDS ELEMENTARY,RAILROAD COMMISSIONER,,VIVEKANANDA (VIK) WA,LIB,11,0,7,0,18,11,7
El Paso,166-RED SANDS ELEMENTARY,RAILROAD COMMISSIONER,,CHRIS KENNEDY,GRN,16,1,22,1,40,17,23
El Paso,166-RED SANDS ELEMENTARY,RAILROAD COMMISSIONER,,BARRY SMITHERMAN,REP,192,19,170,0,381,211,170
El Paso,166-RED SANDS ELEMENTARY,RAILROAD COMMISSIONER,,JAIME O. PEREZ,LIB,110,1,175,1,287,111,176
El Paso,166-RED SANDS ELEMENTARY,RAILROAD COMMISSIONER,,JOSH WENDEL,GRN,29,1,42,0,72,30,42
El Paso,166-RED SANDS ELEMENTARY,"JUSTICE, SUPREME COURT, PLACE 2",,DON WILLETT,REP,225,21,217,1,464,246,218
El Paso,166-RED SANDS ELEMENTARY,"JUSTICE, SUPREME COURT, PLACE 2",,RS ROBERT KOELSCH,LIB,95,0,153,0,248,95,153
El Paso,166-RED SANDS ELEMENTARY,"JUSTICE, SUPREME COURT, PLACE 4",,JOHN DEVINE,REP,204,16,200,0,420,220,200
El Paso,166-RED SANDS ELEMENTARY,"JUSTICE, SUPREME COURT, PLACE 4",,TOM OXFORD,LIB,79,2,119,1,201,81,120
El Paso,166-RED SANDS ELEMENTARY,"JUSTICE, SUPREME COURT, PLACE 4",,CHARLES E. WATERBURY,GRN,32,2,47,0,81,34,47
El Paso,166-RED SANDS ELEMENTARY,"JUSTICE, SUPREME COURT, PLACE 6",,NATHAN HECHT,REP,167,12,137,0,316,179,137
El Paso,166-RED SANDS ELEMENTARY,"JUSTICE, SUPREME COURT, PLACE 6",,MICHELE PETTY,DEM,204,5,326,1,536,209,327
El Paso,166-RED SANDS ELEMENTARY,"JUSTICE, SUPREME COURT, PLACE 6",,MARK ASH,LIB,12,2,22,0,36,14,22
El Paso,166-RED SANDS ELEMENTARY,"JUSTICE, SUPREME COURT, PLACE 6",,JIM CHISHOLM,GRN,6,2,15,0,23,8,15
El Paso,166-RED SANDS ELEMENTARY,"PRESIDING JUDGE, COURT OF CRIMINAL APPEALS",,SHARON KELLER,REP,178,14,154,1,347,192,155
El Paso,166-RED SANDS ELEMENTARY,"PRESIDING JUDGE, COURT OF CRIMINAL APPEALS",,KEITH HAMPTON,DEM,201,6,330,0,537,207,330
El Paso,166-RED SANDS ELEMENTARY,"PRESIDING JUDGE, COURT OF CRIMINAL APPEALS",,LANCE STOTT,LIB,13,1,16,0,30,14,16
El Paso,166-RED SANDS ELEMENTARY,"JUDGE, COURT OF CRIMINAL APPEALS, PLACE 7",,BARBARA PARKER HERVE,REP,223,17,233,0,473,240,233
El Paso,166-RED SANDS ELEMENTARY,"JUDGE, COURT OF CRIMINAL APPEALS, PLACE 7",,MARK W. BENNETT,LIB,93,4,134,1,232,97,135
El Paso,166-RED SANDS ELEMENTARY,"JUDGE, COURT OF CRIMINAL APPEALS, PLACE 8",,ELSA ALCALA,REP,226,14,243,1,484,240,244
El Paso,166-RED SANDS ELEMENTARY,"JUDGE, COURT OF CRIMINAL APPEALS, PLACE 8",,WILLIAM BRYAN STRANG,LIB,83,5,112,0,200,88,112
El Paso,166-RED SANDS ELEMENTARY,MEMBER STATE BOARD OF EDUCATION DISTRICT 1,,CARLOS CHARLIE GARZA,REP,181,17,143,1,342,198,144
El Paso,166-RED SANDS ELEMENTARY,MEMBER STATE BOARD OF EDUCATION DISTRICT 1,,MARTHA M. DOMINGUEZ,DEM,211,4,360,0,575,215,360
El Paso,166-RED SANDS ELEMENTARY,STATE SENATOR DISTRICT 29,,DAN CHAVEZ,REP,181,17,150,1,349,198,151
El Paso,166-RED SANDS ELEMENTARY,STATE SENATOR DISTRICT 29,,JOSE R. RODRIGUEZ,DEM,225,6,351,0,582,231,351
El Paso,166-RED SANDS ELEMENTARY,STATE REPRESENTATIVE DISTRICT 75,,MARY E. GONZALEZ,DEM,241,9,389,1,640,250,390
El Paso,166-RED SANDS ELEMENTARY,"CHIEF JUSTICE, COURT OF APPEALS 8TH DISTRICT",,ANN CRAWFORD MCCLURE,DEM,237,9,385,1,632,246,386
El Paso,166-RED SANDS ELEMENTARY,"JUSTICE, 8TH COURT OF APPEALS DISTRICT, PLACE 2",,CHRIS ANTCLIFF,REP,191,17,143,0,351,208,143
El Paso,166-RED SANDS ELEMENTARY,"JUSTICE, 8TH COURT OF APPEALS DISTRICT, PLACE 2",,YVONNE RODRIGUEZ,DEM,208,4,357,1,570,212,358
El Paso,166-RED SANDS ELEMENTARY,"JUSTICE, 8TH COURT OF APPEALS DISTRICT, PLACE 3",,GUADALUPE LUPE RIVER,DEM,238,9,376,1,624,247,377
El Paso,166-RED SANDS ELEMENTARY,"DISTRICT JUDGE, 34TH JUDICIAL DISTRICT",,BILL MOODY,DEM,236,9,385,1,631,245,386
El Paso,166-RED SANDS ELEMENTARY,"DISTRICT JUDGE, 41ST JUDICIAL DISTRICT",,ANNA PEREZ,DEM,237,9,382,1,629,246,383
El Paso,166-RED SANDS ELEMENTARY,"DISTRICT JUDGE, 243RD JUDICIAL DISTRICT",,BILLY DON HICKS,REP,188,16,144,0,348,204,144
El Paso,166-RED SANDS ELEMENTARY,"DISTRICT JUDGE, 243RD JUDICIAL DISTRICT",,LUIS AGUILAR,DEM,210,5,356,1,572,215,357
El Paso,166-RED SANDS ELEMENTARY,"DISTRICT JUDGE, 346TH JUDICIAL DISTRICT",,ANGIE J. BARILL,DEM,232,9,381,1,623,241,382
El Paso,166-RED SANDS ELEMENTARY,"DISTRICT JUDGE, 383RD JUDICIAL DISTRICT",,MIKE HERRERA,DEM,237,9,387,1,634,246,388
El Paso,166-RED SANDS ELEMENTARY,"DISTRICT JUDGE, 384TH JUDICIAL DISTRICT",,PATRICK M. GARCIA,DEM,234,8,381,1,624,242,382
El Paso,166-RED SANDS ELEMENTARY,"DISTRICT JUDGE, 388TH JUDICIAL DISTRICT",,LAURA STRATHMANN,DEM,241,9,381,1,632,250,382
El Paso,166-RED SANDS ELEMENTARY,"DISTRICT JUDGE, 409TH JUDICIAL DISTRICT",,SAM MEDRANO JR,DEM,238,10,379,1,628,248,380
El Paso,166-RED SANDS ELEMENTARY,"DISTRICT JUDGE, 448TH JUDICIAL DISTRICT",,SERGIO H. ENRIQUEZ,DEM,234,9,376,1,620,243,377
El Paso,166-RED SANDS ELEMENTARY,"CRIMINAL DISTRICT JUDGE, COURT NO. 1",,DIANE NAVARRETE,DEM,232,9,373,1,615,241,374
El Paso,166-RED SANDS ELEMENTARY,"FAMILY DISTRICT JUDGE, 65TH JUDICIAL DISTRICT",,YAHARA L. GUTIERREZ,DEM,230,9,378,1,618,239,379
El Paso,166-RED SANDS ELEMENTARY,"DISTRICT ATTORNEY, 34TH JUDICIAL DISTRICT",,JAIME ESPARZA,DEM,243,9,379,1,632,252,380
El Paso,166-RED SANDS ELEMENTARY,"JUDGE, COUNTY CRIMINAL COURT NO. 3",,CARLOS CARRASCO,DEM,228,9,377,1,615,237,378
El Paso,166-RED SANDS ELEMENTARY,"JUDGE, COUNTY CRIMINAL COURT NO. 4",,JESUS HERRERA,DEM,228,9,376,1,614,237,377
El Paso,166-RED SANDS ELEMENTARY,COUNTY ATTORNEY,,JO ANNE BERNAL,DEM,237,9,383,1,630,246,384
El Paso,166-RED SANDS ELEMENTARY,SHERIFF,,RICHARD D. WILES,DEM,253,10,393,1,657,263,394
El Paso,166-RED SANDS ELEMENTARY,COUNTY TAX ASSESSOR COLLECTOR,,VICTOR A. FLORES,DEM,242,9,386,1,638,251,387
El Paso,166-RED SANDS ELEMENTARY,"COUNTY COMMISSIONER, PRECINCT NO. 3",,FRED CHAVEZ,REP,183,17,153,0,353,200,153
El Paso,166-RED SANDS ELEMENTARY,"COUNTY COMMISSIONER, PRECINCT NO. 3",,VINCENT VINCE PEREZ,DEM,212,4,347,1,564,216,348
El Paso,166-RED SANDS ELEMENTARY,"CONSTABLE, PRECINCT NO. 6",,JAVIER GARCIA,DEM,243,8,390,1,642,251,391
El Paso,167-MONTANA VISTA ELEMENTARY,CLINT ISD BOARD OF TRUSTEES DISTRICT AT LARGE,,PATRICIA PAT RANDLEE,NP,68,4,135,0,207,72,135
El Paso,167-MONTANA VISTA ELEMENTARY,CLINT ISD BOARD OF TRUSTEES DISTRICT AT LARGE,,SUSANA SANTILLAN,NP,162,1,318,0,481,163,318
El Paso,167-MONTANA VISTA ELEMENTARY,CLINT ISD BOARD OF TRUSTEES DISTRICT AT LARGE,,SONIA HERRERA MARQUE,NP,127,1,266,0,394,128,266
El Paso,167-MONTANA VISTA ELEMENTARY,CLINT ISD BOARD OF TRUSTEES DISTRICT AT LARGE,,FRED MARTINEZ,NP,87,6,164,0,257,93,164
El Paso,167-MONTANA VISTA ELEMENTARY,CLINT ISD BOARD OF TRUSTEES DISTRICT AT LARGE,,CLAUDIA GARCIA,NP,136,1,239,0,376,137,239
El Paso,167-MONTANA VISTA ELEMENTARY,CLINT ISD BOARD OF TRUSTEES DISTRICT AT LARGE,,MARY MACIAS,NP,83,1,302,1,387,84,303
El Paso,167-MONTANA VISTA ELEMENTARY,CLINT ISD BOARD OF TRUSTEES DISTRICT AT LARGE,,Write-In,NP,0,1,2,0,3,1,2
El Paso,167-MONTANA VISTA ELEMENTARY,STRAIGHT PARTY,,REPUBLICAN,REP,27,5,78,0,110,32,78
El Paso,167-MONTANA VISTA ELEMENTARY,STRAIGHT PARTY,,DEMOCRAT,DEM,241,1,547,0,789,242,547
El Paso,167-MONTANA VISTA ELEMENTARY,STRAIGHT PARTY,,LIBERTARIAN,LIB,4,0,3,0,7,4,3
El Paso,167-MONTANA VISTA ELEMENTARY,STRAIGHT PARTY,,GREEN,GRN,1,0,1,0,2,1,1
El Paso,167-MONTANA VISTA ELEMENTARY,US PRESIDENT,,MITT ROMNEY,REP,38,8,113,0,159,46,113
El Paso,167-MONTANA VISTA ELEMENTARY,US PRESIDENT,,BARACK OBAMA,DEM,302,3,636,1,942,305,637
El Paso,167-MONTANA VISTA ELEMENTARY,US PRESIDENT,,GARY JOHNSON,LIB,3,0,5,0,8,3,5
El Paso,167-MONTANA VISTA ELEMENTARY,US PRESIDENT,,JILL STEIN,GRN,2,0,3,0,5,2,3
El Paso,167-MONTANA VISTA ELEMENTARY,US PRESIDENT,,WRITE-IN,NP,0,0,1,0,1,0,1
El Paso,167-MONTANA VISTA ELEMENTARY,US SENATOR,,TED CRUZ,REP,56,9,140,0,205,65,140
El Paso,167-MONTANA VISTA ELEMENTARY,US SENATOR,,PAUL SADLER,DEM,265,2,569,1,837,267,570
El Paso,167-MONTANA VISTA ELEMENTARY,US SENATOR,,JOHN JAY MYERS,LIB,9,0,13,0,22,9,13
El Paso,167-MONTANA VISTA ELEMENTARY,US SENATOR,,DAVID B. COLLINS,GRN,5,0,7,0,12,5,7
El Paso,167-MONTANA VISTA ELEMENTARY,US REP DISTRICT 16,,BARBARA CARRASCO,REP,48,8,124,0,180,56,124
El Paso,167-MONTANA VISTA ELEMENTARY,US REP DISTRICT 16,,BETO OROURKE,DEM,285,3,597,1,886,288,598
El Paso,167-MONTANA VISTA ELEMENTARY,US REP DISTRICT 16,,JUNART SODOY,LIB,3,0,7,0,10,3,7
El Paso,167-MONTANA VISTA ELEMENTARY,RAILROAD COMMISSIONER,,CHRISTI CRADDICK,REP,39,7,96,0,142,46,96
El Paso,167-MONTANA VISTA ELEMENTARY,RAILROAD COMMISSIONER,,DALE HENRY,DEM,260,1,593,1,855,261,594
El Paso,167-MONTANA VISTA ELEMENTARY,RAILROAD COMMISSIONER,,VIVEKANANDA (VIK) WA,LIB,10,2,8,0,20,12,8
El Paso,167-MONTANA VISTA ELEMENTARY,RAILROAD COMMISSIONER,,CHRIS KENNEDY,GRN,13,0,18,0,31,13,18
El Paso,167-MONTANA VISTA ELEMENTARY,RAILROAD COMMISSIONER,,BARRY SMITHERMAN,REP,54,7,158,0,219,61,158
El Paso,167-MONTANA VISTA ELEMENTARY,RAILROAD COMMISSIONER,,JAIME O. PEREZ,LIB,151,2,316,0,469,153,316
El Paso,167-MONTANA VISTA ELEMENTARY,RAILROAD COMMISSIONER,,JOSH WENDEL,GRN,15,0,48,0,63,15,48
El Paso,167-MONTANA VISTA ELEMENTARY,"JUSTICE, SUPREME COURT, PLACE 2",,DON WILLETT,REP,94,8,238,0,340,102,238
El Paso,167-MONTANA VISTA ELEMENTARY,"JUSTICE, SUPREME COURT, PLACE 2",,RS ROBERT KOELSCH,LIB,116,1,261,0,378,117,261
El Paso,167-MONTANA VISTA ELEMENTARY,"JUSTICE, SUPREME COURT, PLACE 4",,JOHN DEVINE,REP,86,7,200,0,293,93,200
El Paso,167-MONTANA VISTA ELEMENTARY,"JUSTICE, SUPREME COURT, PLACE 4",,TOM OXFORD,LIB,80,2,209,0,291,82,209
El Paso,167-MONTANA VISTA ELEMENTARY,"JUSTICE, SUPREME COURT, PLACE 4",,CHARLES E. WATERBURY,GRN,28,0,72,0,100,28,72
El Paso,167-MONTANA VISTA ELEMENTARY,"JUSTICE, SUPREME COURT, PLACE 6",,NATHAN HECHT,REP,39,7,92,0,138,46,92
El Paso,167-MONTANA VISTA ELEMENTARY,"JUSTICE, SUPREME COURT, PLACE 6",,MICHELE PETTY,DEM,274,2,601,1,878,276,602
El Paso,167-MONTANA VISTA ELEMENTARY,"JUSTICE, SUPREME COURT, PLACE 6",,MARK ASH,LIB,10,1,14,0,25,11,14
El Paso,167-MONTANA VISTA ELEMENTARY,"JUSTICE, SUPREME COURT, PLACE 6",,JIM CHISHOLM,GRN,3,0,5,0,8,3,5
El Paso,167-MONTANA VISTA ELEMENTARY,"PRESIDING JUDGE, COURT OF CRIMINAL APPEALS",,SHARON KELLER,REP,42,7,110,0,159,49,110
El Paso,167-MONTANA VISTA ELEMENTARY,"PRESIDING JUDGE, COURT OF CRIMINAL APPEALS",,KEITH HAMPTON,DEM,272,3,594,1,870,275,595
El Paso,167-MONTANA VISTA ELEMENTARY,"PRESIDING JUDGE, COURT OF CRIMINAL APPEALS",,LANCE STOTT,LIB,13,0,12,0,25,13,12
El Paso,167-MONTANA VISTA ELEMENTARY,"JUDGE, COURT OF CRIMINAL APPEALS, PLACE 7",,BARBARA PARKER HERVE,REP,93,8,252,0,353,101,252
El Paso,167-MONTANA VISTA ELEMENTARY,"JUDGE, COURT OF CRIMINAL APPEALS, PLACE 7",,MARK W. BENNETT,LIB,115,1,235,0,351,116,235
El Paso,167-MONTANA VISTA ELEMENTARY,"JUDGE, COURT OF CRIMINAL APPEALS, PLACE 8",,ELSA ALCALA,REP,99,7,274,0,380,106,274
El Paso,167-MONTANA VISTA ELEMENTARY,"JUDGE, COURT OF CRIMINAL APPEALS, PLACE 8",,WILLIAM BRYAN STRANG,LIB,96,2,192,0,290,98,192
El Paso,167-MONTANA VISTA ELEMENTARY,MEMBER STATE BOARD OF EDUCATION DISTRICT 1,,CARLOS CHARLIE GARZA,REP,44,8,105,0,157,52,105
El Paso,167-MONTANA VISTA ELEMENTARY,MEMBER STATE BOARD OF EDUCATION DISTRICT 1,,MARTHA M. DOMINGUEZ,DEM,285,2,616,1,904,287,617
El Paso,167-MONTANA VISTA ELEMENTARY,STATE SENATOR DISTRICT 29,,DAN CHAVEZ,REP,44,8,103,0,155,52,103
El Paso,167-MONTANA VISTA ELEMENTARY,STATE SENATOR DISTRICT 29,,JOSE R. RODRIGUEZ,DEM,288,2,613,1,904,290,614
El Paso,167-MONTANA VISTA ELEMENTARY,STATE REPRESENTATIVE DISTRICT 75,,MARY E. GONZALEZ,DEM,295,4,642,1,942,299,643
El Paso,167-MONTANA VISTA ELEMENTARY,"CHIEF JUSTICE, COURT OF APPEALS 8TH DISTRICT",,ANN CRAWFORD MCCLURE,DEM,292,4,632,1,929,296,633
El Paso,167-MONTANA VISTA ELEMENTARY,"JUSTICE, 8TH COURT OF APPEALS DISTRICT, PLACE 2",,CHRIS ANTCLIFF,REP,39,7,99,0,145,46,99
El Paso,167-MONTANA VISTA ELEMENTARY,"JUSTICE, 8TH COURT OF APPEALS DISTRICT, PLACE 2",,YVONNE RODRIGUEZ,DEM,284,3,617,1,905,287,618
El Paso,167-MONTANA VISTA ELEMENTARY,"JUSTICE, 8TH COURT OF APPEALS DISTRICT, PLACE 3",,GUADALUPE LUPE RIVER,DEM,292,4,636,1,933,296,637
El Paso,167-MONTANA VISTA ELEMENTARY,"DISTRICT JUDGE, 34TH JUDICIAL DISTRICT",,BILL MOODY,DEM,279,6,629,1,915,285,630
El Paso,167-MONTANA VISTA ELEMENTARY,"DISTRICT JUDGE, 41ST JUDICIAL DISTRICT",,ANNA PEREZ,DEM,294,4,629,1,928,298,630
El Paso,167-MONTANA VISTA ELEMENTARY,"DISTRICT JUDGE, 243RD JUDICIAL DISTRICT",,BILLY DON HICKS,REP,47,8,99,0,154,55,99
El Paso,167-MONTANA VISTA ELEMENTARY,"DISTRICT JUDGE, 243RD JUDICIAL DISTRICT",,LUIS AGUILAR,DEM,278,2,616,1,897,280,617
El Paso,167-MONTANA VISTA ELEMENTARY,"DISTRICT JUDGE, 346TH JUDICIAL DISTRICT",,ANGIE J. BARILL,DEM,285,4,628,1,918,289,629
El Paso,167-MONTANA VISTA ELEMENTARY,"DISTRICT JUDGE, 383RD JUDICIAL DISTRICT",,MIKE HERRERA,DEM,290,4,631,1,926,294,632
El Paso,167-MONTANA VISTA ELEMENTARY,"DISTRICT JUDGE, 384TH JUDICIAL DISTRICT",,PATRICK M. GARCIA,DEM,293,4,620,1,918,297,621
El Paso,167-MONTANA VISTA ELEMENTARY,"DISTRICT JUDGE, 388TH JUDICIAL DISTRICT",,LAURA STRATHMANN,DEM,286,3,627,1,917,289,628
El Paso,167-MONTANA VISTA ELEMENTARY,"DISTRICT JUDGE, 409TH JUDICIAL DISTRICT",,SAM MEDRANO JR,DEM,291,3,627,1,922,294,628
El Paso,167-MONTANA VISTA ELEMENTARY,"DISTRICT JUDGE, 448TH JUDICIAL DISTRICT",,SERGIO H. ENRIQUEZ,DEM,290,3,619,1,913,293,620
El Paso,167-MONTANA VISTA ELEMENTARY,"CRIMINAL DISTRICT JUDGE, COURT NO. 1",,DIANE NAVARRETE,DEM,290,3,628,1,922,293,629
El Paso,167-MONTANA VISTA ELEMENTARY,"FAMILY DISTRICT JUDGE, 65TH JUDICIAL DISTRICT",,YAHARA L. GUTIERREZ,DEM,282,3,625,1,911,285,626
El Paso,167-MONTANA VISTA ELEMENTARY,"DISTRICT ATTORNEY, 34TH JUDICIAL DISTRICT",,JAIME ESPARZA,DEM,288,3,628,1,920,291,629
El Paso,167-MONTANA VISTA ELEMENTARY,"JUDGE, COUNTY CRIMINAL COURT NO. 3",,CARLOS CARRASCO,DEM,286,3,633,1,923,289,634
El Paso,167-MONTANA VISTA ELEMENTARY,"JUDGE, COUNTY CRIMINAL COURT NO. 4",,JESUS HERRERA,DEM,287,3,633,1,924,290,634
El Paso,167-MONTANA VISTA ELEMENTARY,COUNTY ATTORNEY,,JO ANNE BERNAL,DEM,289,3,622,1,915,292,623
El Paso,167-MONTANA VISTA ELEMENTARY,SHERIFF,,RICHARD D. WILES,DEM,298,5,632,1,936,303,633
El Paso,167-MONTANA VISTA ELEMENTARY,COUNTY TAX ASSESSOR COLLECTOR,,VICTOR A. FLORES,DEM,298,3,631,1,933,301,632
El Paso,167-MONTANA VISTA ELEMENTARY,"COUNTY COMMISSIONER, PRECINCT NO. 3",,FRED CHAVEZ,REP,46,8,105,0,159,54,105
El Paso,167-MONTANA VISTA ELEMENTARY,"COUNTY COMMISSIONER, PRECINCT NO. 3",,VINCENT VINCE PEREZ,DEM,281,2,608,1,892,283,609
El Paso,167-MONTANA VISTA ELEMENTARY,"CONSTABLE, PRECINCT NO. 6",,JAVIER GARCIA,DEM,297,4,628,1,930,301,629
El Paso,168-DESERT HILL ELEMENTARY,CLINT ISD BOARD OF TRUSTEES DISTRICT AT LARGE,,PATRICIA PAT RANDLEE,NP,171,5,211,0,387,176,211
El Paso,168-DESERT HILL ELEMENTARY,CLINT ISD BOARD OF TRUSTEES DISTRICT AT LARGE,,SUSANA SANTILLAN,NP,129,2,74,0,205,131,74
El Paso,168-DESERT HILL ELEMENTARY,CLINT ISD BOARD OF TRUSTEES DISTRICT AT LARGE,,SONIA HERRERA MARQUE,NP,132,3,104,0,239,135,104
El Paso,168-DESERT HILL ELEMENTARY,CLINT ISD BOARD OF TRUSTEES DISTRICT AT LARGE,,FRED MARTINEZ,NP,131,6,201,0,338,137,201
El Paso,168-DESERT HILL ELEMENTARY,CLINT ISD BOARD OF TRUSTEES DISTRICT AT LARGE,,CLAUDIA GARCIA,NP,110,2,84,0,196,112,84
El Paso,168-DESERT HILL ELEMENTARY,CLINT ISD BOARD OF TRUSTEES DISTRICT AT LARGE,,MARY MACIAS,NP,137,3,275,1,416,140,276
El Paso,168-DESERT HILL ELEMENTARY,CLINT ISD BOARD OF TRUSTEES DISTRICT AT LARGE,,Write-In,NP,2,0,60,0,62,2,60
El Paso,168-DESERT HILL ELEMENTARY,HRMUD PROPOSITION 1,,FOR (A FAVOR),NP,184,5,240,1,430,189,241
El Paso,168-DESERT HILL ELEMENTARY,HRMUD PROPOSITION 1,,AGAINST (EN CONTRA),NP,190,5,182,0,377,195,182
El Paso,168-DESERT HILL ELEMENTARY,STRAIGHT PARTY,,REPUBLICAN,REP,100,1,97,0,198,101,97
El Paso,168-DESERT HILL ELEMENTARY,STRAIGHT PARTY,,DEMOCRAT,DEM,171,4,255,1,431,175,256
El Paso,168-DESERT HILL ELEMENTARY,STRAIGHT PARTY,,LIBERTARIAN,LIB,4,0,4,0,8,4,4
El Paso,168-DESERT HILL ELEMENTARY,STRAIGHT PARTY,,GREEN,GRN,0,0,2,0,2,0,2
El Paso,168-DESERT HILL ELEMENTARY,US PRESIDENT,,MITT ROMNEY,REP,173,4,152,1,330,177,153
El Paso,168-DESERT HILL ELEMENTARY,US PRESIDENT,,BARACK OBAMA,DEM,260,9,348,1,618,269,349
El Paso,168-DESERT HILL ELEMENTARY,US PRESIDENT,,GARY JOHNSON,LIB,5,0,3,0,8,5,3
El Paso,168-DESERT HILL ELEMENTARY,US PRESIDENT,,JILL STEIN,GRN,0,0,3,0,3,0,3
El Paso,168-DESERT HILL ELEMENTARY,US PRESIDENT,,WRITE-IN,NP,0,0,3,0,3,0,3
El Paso,168-DESERT HILL ELEMENTARY,US SENATOR,,TED CRUZ,REP,173,2,152,1,328,175,153
El Paso,168-DESERT HILL ELEMENTARY,US SENATOR,,PAUL SADLER,DEM,229,9,314,1,553,238,315
El Paso,168-DESERT HILL ELEMENTARY,US SENATOR,,JOHN JAY MYERS,LIB,9,0,11,0,20,9,11
El Paso,168-DESERT HILL ELEMENTARY,US SENATOR,,DAVID B. COLLINS,GRN,8,1,12,0,21,9,12
El Paso,168-DESERT HILL ELEMENTARY,US REP DISTRICT 16,,BARBARA CARRASCO,REP,155,3,154,1,313,158,155
El Paso,168-DESERT HILL ELEMENTARY,US REP DISTRICT 16,,BETO OROURKE,DEM,261,9,326,1,597,270,327
El Paso,168-DESERT HILL ELEMENTARY,US REP DISTRICT 16,,JUNART SODOY,LIB,11,0,12,0,23,11,12
El Paso,168-DESERT HILL ELEMENTARY,RAILROAD COMMISSIONER,,CHRISTI CRADDICK,REP,163,2,141,0,306,165,141
El Paso,168-DESERT HILL ELEMENTARY,RAILROAD COMMISSIONER,,DALE HENRY,DEM,224,9,312,1,546,233,313
El Paso,168-DESERT HILL ELEMENTARY,RAILROAD COMMISSIONER,,VIVEKANANDA (VIK) WA,LIB,11,0,12,0,23,11,12
El Paso,168-DESERT HILL ELEMENTARY,RAILROAD COMMISSIONER,,CHRIS KENNEDY,GRN,14,1,15,0,30,15,15
El Paso,168-DESERT HILL ELEMENTARY,RAILROAD COMMISSIONER,,BARRY SMITHERMAN,REP,171,3,154,0,328,174,154
El Paso,168-DESERT HILL ELEMENTARY,RAILROAD COMMISSIONER,,JAIME O. PEREZ,LIB,133,4,164,0,301,137,164
El Paso,168-DESERT HILL ELEMENTARY,RAILROAD COMMISSIONER,,JOSH WENDEL,GRN,30,1,43,0,74,31,43
El Paso,168-DESERT HILL ELEMENTARY,"JUSTICE, SUPREME COURT, PLACE 2",,DON WILLETT,REP,213,6,220,1,440,219,221
El Paso,168-DESERT HILL ELEMENTARY,"JUSTICE, SUPREME COURT, PLACE 2",,RS ROBERT KOELSCH,LIB,117,2,140,0,259,119,140
El Paso,168-DESERT HILL ELEMENTARY,"JUSTICE, SUPREME COURT, PLACE 4",,JOHN DEVINE,REP,211,5,197,1,414,216,198
El Paso,168-DESERT HILL ELEMENTARY,"JUSTICE, SUPREME COURT, PLACE 4",,TOM OXFORD,LIB,92,0,113,0,205,92,113
El Paso,168-DESERT HILL ELEMENTARY,"JUSTICE, SUPREME COURT, PLACE 4",,CHARLES E. WATERBURY,GRN,33,1,54,1,89,34,55
El Paso,168-DESERT HILL ELEMENTARY,"JUSTICE, SUPREME COURT, PLACE 6",,NATHAN HECHT,REP,158,3,135,2,298,161,137
El Paso,168-DESERT HILL ELEMENTARY,"JUSTICE, SUPREME COURT, PLACE 6",,MICHELE PETTY,DEM,229,8,321,0,558,237,321
El Paso,168-DESERT HILL ELEMENTARY,"JUSTICE, SUPREME COURT, PLACE 6",,MARK ASH,LIB,15,0,18,0,33,15,18
El Paso,168-DESERT HILL ELEMENTARY,"JUSTICE, SUPREME COURT, PLACE 6",,JIM CHISHOLM,GRN,9,1,10,0,20,10,10
El Paso,168-DESERT HILL ELEMENTARY,"PRESIDING JUDGE, COURT OF CRIMINAL APPEALS",,SHARON KELLER,REP,172,3,145,0,320,175,145
El Paso,168-DESERT HILL ELEMENTARY,"PRESIDING JUDGE, COURT OF CRIMINAL APPEALS",,KEITH HAMPTON,DEM,224,9,318,1,552,233,319
El Paso,168-DESERT HILL ELEMENTARY,"PRESIDING JUDGE, COURT OF CRIMINAL APPEALS",,LANCE STOTT,LIB,12,0,17,0,29,12,17
El Paso,168-DESERT HILL ELEMENTARY,"JUDGE, COURT OF CRIMINAL APPEALS, PLACE 7",,BARBARA PARKER HERVE,REP,222,6,217,0,445,228,217
El Paso,168-DESERT HILL ELEMENTARY,"JUDGE, COURT OF CRIMINAL APPEALS, PLACE 7",,MARK W. BENNETT,LIB,111,2,150,1,264,113,151
El Paso,168-DESERT HILL ELEMENTARY,"JUDGE, COURT OF CRIMINAL APPEALS, PLACE 8",,ELSA ALCALA,REP,228,6,236,0,470,234,236
El Paso,168-DESERT HILL ELEMENTARY,"JUDGE, COURT OF CRIMINAL APPEALS, PLACE 8",,WILLIAM BRYAN STRANG,LIB,102,2,134,1,239,104,135
El Paso,168-DESERT HILL ELEMENTARY,MEMBER STATE BOARD OF EDUCATION DISTRICT 1,,CARLOS CHARLIE GARZA,REP,166,1,156,0,323,167,156
El Paso,168-DESERT HILL ELEMENTARY,MEMBER STATE BOARD OF EDUCATION DISTRICT 1,,MARTHA M. DOMINGUEZ,DEM,243,11,326,1,581,254,327
El Paso,168-DESERT HILL ELEMENTARY,STATE SENATOR DISTRICT 29,,DAN CHAVEZ,REP,159,3,143,0,305,162,143
El Paso,168-DESERT HILL ELEMENTARY,STATE SENATOR DISTRICT 29,,JOSE R. RODRIGUEZ,DEM,260,9,339,1,609,269,340
El Paso,168-DESERT HILL ELEMENTARY,STATE REPRESENTATIVE DISTRICT 75,,MARY E. GONZALEZ,DEM,282,10,371,1,664,292,372
El Paso,168-DESERT HILL ELEMENTARY,"CHIEF JUSTICE, COURT OF APPEALS 8TH DISTRICT",,ANN CRAWFORD MCCLURE,DEM,271,10,368,1,650,281,369
El Paso,168-DESERT HILL ELEMENTARY,"JUSTICE, 8TH COURT OF APPEALS DISTRICT, PLACE 2",,CHRIS ANTCLIFF,REP,166,3,139,0,308,169,139
El Paso,168-DESERT HILL ELEMENTARY,"JUSTICE, 8TH COURT OF APPEALS DISTRICT, PLACE 2",,YVONNE RODRIGUEZ,DEM,245,9,335,1,590,254,336
El Paso,168-DESERT HILL ELEMENTARY,"JUSTICE, 8TH COURT OF APPEALS DISTRICT, PLACE 3",,GUADALUPE LUPE RIVER,DEM,285,10,374,1,670,295,375
El Paso,168-DESERT HILL ELEMENTARY,"DISTRICT JUDGE, 34TH JUDICIAL DISTRICT",,BILL MOODY,DEM,298,10,375,1,684,308,376
El Paso,168-DESERT HILL ELEMENTARY,"DISTRICT JUDGE, 41ST JUDICIAL DISTRICT",,ANNA PEREZ,DEM,288,10,371,1,670,298,372
El Paso,168-DESERT HILL ELEMENTARY,"DISTRICT JUDGE, 243RD JUDICIAL DISTRICT",,BILLY DON HICKS,REP,167,3,144,0,314,170,144
El Paso,168-DESERT HILL ELEMENTARY,"DISTRICT JUDGE, 243RD JUDICIAL DISTRICT",,LUIS AGUILAR,DEM,244,9,332,1,586,253,333
El Paso,168-DESERT HILL ELEMENTARY,"DISTRICT JUDGE, 346TH JUDICIAL DISTRICT",,ANGIE J. BARILL,DEM,278,10,370,1,659,288,371
El Paso,168-DESERT HILL ELEMENTARY,"DISTRICT JUDGE, 383RD JUDICIAL DISTRICT",,MIKE HERRERA,DEM,282,10,378,1,671,292,379
El Paso,168-DESERT HILL ELEMENTARY,"DISTRICT JUDGE, 384TH JUDICIAL DISTRICT",,PATRICK M. GARCIA,DEM,276,10,372,1,659,286,373
El Paso,168-DESERT HILL ELEMENTARY,"DISTRICT JUDGE, 388TH JUDICIAL DISTRICT",,LAURA STRATHMANN,DEM,281,10,372,1,664,291,373
El Paso,168-DESERT HILL ELEMENTARY,"DISTRICT JUDGE, 409TH JUDICIAL DISTRICT",,SAM MEDRANO JR,DEM,279,10,370,1,660,289,371
El Paso,168-DESERT HILL ELEMENTARY,"DISTRICT JUDGE, 448TH JUDICIAL DISTRICT",,SERGIO H. ENRIQUEZ,DEM,274,10,369,1,654,284,370
El Paso,168-DESERT HILL ELEMENTARY,"CRIMINAL DISTRICT JUDGE, COURT NO. 1",,DIANE NAVARRETE,DEM,275,10,369,1,655,285,370
El Paso,168-DESERT HILL ELEMENTARY,"FAMILY DISTRICT JUDGE, 65TH JUDICIAL DISTRICT",,YAHARA L. GUTIERREZ,DEM,274,10,371,1,656,284,372
El Paso,168-DESERT HILL ELEMENTARY,"DISTRICT ATTORNEY, 34TH JUDICIAL DISTRICT",,JAIME ESPARZA,DEM,279,10,369,1,659,289,370
El Paso,168-DESERT HILL ELEMENTARY,"JUDGE, COUNTY CRIMINAL COURT NO. 3",,CARLOS CARRASCO,DEM,281,10,372,1,664,291,373
El Paso,168-DESERT HILL ELEMENTARY,"JUDGE, COUNTY CRIMINAL COURT NO. 4",,JESUS HERRERA,DEM,280,10,369,1,660,290,370
El Paso,168-DESERT HILL ELEMENTARY,COUNTY ATTORNEY,,JO ANNE BERNAL,DEM,277,10,374,1,662,287,375
El Paso,168-DESERT HILL ELEMENTARY,SHERIFF,,RICHARD D. WILES,DEM,289,10,381,1,681,299,382
El Paso,168-DESERT HILL ELEMENTARY,COUNTY TAX ASSESSOR COLLECTOR,,VICTOR A. FLORES,DEM,287,11,381,1,680,298,382
El Paso,168-DESERT HILL ELEMENTARY,"COUNTY COMMISSIONER, PRECINCT NO. 3",,FRED CHAVEZ,REP,159,2,140,0,301,161,140
El Paso,168-DESERT HILL ELEMENTARY,"COUNTY COMMISSIONER, PRECINCT NO. 3",,VINCENT VINCE PEREZ,DEM,248,10,337,1,596,258,338
El Paso,168-DESERT HILL ELEMENTARY,"CONSTABLE, PRECINCT NO. 6",,JAVIER GARCIA,DEM,273,9,372,1,655,282,373
El Paso,169-CARROL WELCH INTERMEDIATE,CLINT ISD BOARD OF TRUSTEES DISTRICT AT LARGE,,PATRICIA PAT RANDLEE,NP,236,6,170,0,412,242,170
El Paso,169-CARROL WELCH INTERMEDIATE,CLINT ISD BOARD OF TRUSTEES DISTRICT AT LARGE,,SUSANA SANTILLAN,NP,163,1,114,0,278,164,114
El Paso,169-CARROL WELCH INTERMEDIATE,CLINT ISD BOARD OF TRUSTEES DISTRICT AT LARGE,,SONIA HERRERA MARQUE,NP,164,3,124,0,291,167,124
El Paso,169-CARROL WELCH INTERMEDIATE,CLINT ISD BOARD OF TRUSTEES DISTRICT AT LARGE,,FRED MARTINEZ,NP,186,4,220,0,410,190,220
El Paso,169-CARROL WELCH INTERMEDIATE,CLINT ISD BOARD OF TRUSTEES DISTRICT AT LARGE,,CLAUDIA GARCIA,NP,154,3,123,0,280,157,123
El Paso,169-CARROL WELCH INTERMEDIATE,CLINT ISD BOARD OF TRUSTEES DISTRICT AT LARGE,,MARY MACIAS,NP,234,4,400,1,639,238,401
El Paso,169-CARROL WELCH INTERMEDIATE,CLINT ISD BOARD OF TRUSTEES DISTRICT AT LARGE,,Write-In,NP,5,0,10,0,15,5,10
El Paso,169-CARROL WELCH INTERMEDIATE,HRMUD PROPOSITION 1,,FOR (A FAVOR),NP,271,6,251,0,528,277,251
El Paso,169-CARROL WELCH INTERMEDIATE,HRMUD PROPOSITION 1,,AGAINST (EN CONTRA),NP,199,3,183,0,385,202,183
El Paso,169-CARROL WELCH INTERMEDIATE,"LOWER VALLEY WATER DIST, PLACE 4",,DAVID ARMSTRONG,NP,8,0,13,1,22,8,14
El Paso,169-CARROL WELCH INTERMEDIATE,"LOWER VALLEY WATER DIST, PLACE 4",,JERRY GRIJALVA,NP,12,0,10,0,22,12,10
El Paso,169-CARROL WELCH INTERMEDIATE,"LOWER VALLEY WATER DIST, PLACE 4",,DAVID T GARCIA,NP,15,0,17,0,32,15,17
El Paso,169-CARROL WELCH INTERMEDIATE,"LOWER VALLEY WATER DIST, PLACE 5",,DAVID CARRASCO,NP,25,0,27,1,53,25,28
El Paso,169-CARROL WELCH INTERMEDIATE,"LOWER VALLEY WATER DIST, PLACE 5",,WARREN JORGENSEN,NP,6,0,14,0,20,6,14
El Paso,169-CARROL WELCH INTERMEDIATE,STRAIGHT PARTY,,REPUBLICAN,REP,87,2,113,0,202,89,113
El Paso,169-CARROL WELCH INTERMEDIATE,STRAIGHT PARTY,,DEMOCRAT,DEM,380,6,531,1,918,386,532
El Paso,169-CARROL WELCH INTERMEDIATE,STRAIGHT PARTY,,LIBERTARIAN,LIB,6,0,2,0,8,6,2
El Paso,169-CARROL WELCH INTERMEDIATE,STRAIGHT PARTY,,GREEN,GRN,2,0,1,0,3,2,1
El Paso,169-CARROL WELCH INTERMEDIATE,US PRESIDENT,,MITT ROMNEY,REP,155,3,159,0,317,158,159
El Paso,169-CARROL WELCH INTERMEDIATE,US PRESIDENT,,BARACK OBAMA,DEM,477,8,597,1,1083,485,598
El Paso,169-CARROL WELCH INTERMEDIATE,US PRESIDENT,,GARY JOHNSON,LIB,6,0,3,0,9,6,3
El Paso,169-CARROL WELCH INTERMEDIATE,US PRESIDENT,,JILL STEIN,GRN,1,0,0,0,1,1,0
El Paso,169-CARROL WELCH INTERMEDIATE,US PRESIDENT,,WRITE-IN,NP,0,0,2,0,2,0,2
El Paso,169-CARROL WELCH INTERMEDIATE,US SENATOR,,TED CRUZ,REP,159,4,171,0,334,163,171
El Paso,169-CARROL WELCH INTERMEDIATE,US SENATOR,,PAUL SADLER,DEM,435,6,556,1,998,441,557
El Paso,169-CARROL WELCH INTERMEDIATE,US SENATOR,,JOHN JAY MYERS,LIB,16,1,10,0,27,17,10
El Paso,169-CARROL WELCH INTERMEDIATE,US SENATOR,,DAVID B. COLLINS,GRN,10,0,6,0,16,10,6
El Paso,169-CARROL WELCH INTERMEDIATE,US REP DISTRICT 23,,FRANCISCO QUICO CANS,REP,156,4,156,0,316,160,156
El Paso,169-CARROL WELCH INTERMEDIATE,US REP DISTRICT 23,,PETE P. GALLEGO,DEM,442,7,569,1,1019,449,570
El Paso,169-CARROL WELCH INTERMEDIATE,US REP DISTRICT 23,,JEFFREY C. BLUNT,LIB,18,0,11,0,29,18,11
El Paso,169-CARROL WELCH INTERMEDIATE,US REP DISTRICT 23,,ED SCHARF,GRN,5,0,3,0,8,5,3
El Paso,169-CARROL WELCH INTERMEDIATE,RAILROAD COMMISSIONER,,CHRISTI CRADDICK,REP,142,3,145,0,290,145,145
El Paso,169-CARROL WELCH INTERMEDIATE,RAILROAD COMMISSIONER,,DALE HENRY,DEM,435,8,557,1,1001,443,558
El Paso,169-CARROL WELCH INTERMEDIATE,RAILROAD COMMISSIONER,,VIVEKANANDA (VIK) WA,LIB,13,0,14,0,27,13,14
El Paso,169-CARROL WELCH INTERMEDIATE,RAILROAD COMMISSIONER,,CHRIS KENNEDY,GRN,22,0,18,0,40,22,18
El Paso,169-CARROL WELCH INTERMEDIATE,RAILROAD COMMISSIONER,,BARRY SMITHERMAN,REP,173,3,189,1,366,176,190
El Paso,169-CARROL WELCH INTERMEDIATE,RAILROAD COMMISSIONER,,JAIME O. PEREZ,LIB,227,2,220,0,449,229,220
El Paso,169-CARROL WELCH INTERMEDIATE,RAILROAD COMMISSIONER,,JOSH WENDEL,GRN,39,2,31,0,72,41,31
El Paso,169-CARROL WELCH INTERMEDIATE,"JUSTICE, SUPREME COURT, PLACE 2",,DON WILLETT,REP,230,3,247,0,480,233,247
El Paso,169-CARROL WELCH INTERMEDIATE,"JUSTICE, SUPREME COURT, PLACE 2",,RS ROBERT KOELSCH,LIB,195,4,186,1,386,199,187
El Paso,169-CARROL WELCH INTERMEDIATE,"JUSTICE, SUPREME COURT, PLACE 4",,JOHN DEVINE,REP,216,4,235,1,456,220,236
El Paso,169-CARROL WELCH INTERMEDIATE,"JUSTICE, SUPREME COURT, PLACE 4",,TOM OXFORD,LIB,164,1,140,0,305,165,140
El Paso,169-CARROL WELCH INTERMEDIATE,"JUSTICE, SUPREME COURT, PLACE 4",,CHARLES E. WATERBURY,GRN,52,3,56,0,111,55,56
El Paso,169-CARROL WELCH INTERMEDIATE,"JUSTICE, SUPREME COURT, PLACE 6",,NATHAN HECHT,REP,139,3,152,1,295,142,153
El Paso,169-CARROL WELCH INTERMEDIATE,"JUSTICE, SUPREME COURT, PLACE 6",,MICHELE PETTY,DEM,443,6,562,0,1011,449,562
El Paso,169-CARROL WELCH INTERMEDIATE,"JUSTICE, SUPREME COURT, PLACE 6",,MARK ASH,LIB,20,1,11,0,32,21,11
El Paso,169-CARROL WELCH INTERMEDIATE,"JUSTICE, SUPREME COURT, PLACE 6",,JIM CHISHOLM,GRN,13,1,8,0,22,14,8
El Paso,169-CARROL WELCH INTERMEDIATE,"PRESIDING JUDGE, COURT OF CRIMINAL APPEALS",,SHARON KELLER,REP,149,5,158,0,312,154,158
El Paso,169-CARROL WELCH INTERMEDIATE,"PRESIDING JUDGE, COURT OF CRIMINAL APPEALS",,KEITH HAMPTON,DEM,440,5,566,1,1012,445,567
El Paso,169-CARROL WELCH INTERMEDIATE,"PRESIDING JUDGE, COURT OF CRIMINAL APPEALS",,LANCE STOTT,LIB,22,1,11,0,34,23,11
El Paso,169-CARROL WELCH INTERMEDIATE,"JUDGE, COURT OF CRIMINAL APPEALS, PLACE 7",,BARBARA PARKER HERVE,REP,251,4,252,0,507,255,252
El Paso,169-CARROL WELCH INTERMEDIATE,"JUDGE, COURT OF CRIMINAL APPEALS, PLACE 7",,MARK W. BENNETT,LIB,173,3,172,1,349,176,173
El Paso,169-CARROL WELCH INTERMEDIATE,"JUDGE, COURT OF CRIMINAL APPEALS, PLACE 8",,ELSA ALCALA,REP,252,4,277,0,533,256,277
El Paso,169-CARROL WELCH INTERMEDIATE,"JUDGE, COURT OF CRIMINAL APPEALS, PLACE 8",,WILLIAM BRYAN STRANG,LIB,170,3,141,1,315,173,142
El Paso,169-CARROL WELCH INTERMEDIATE,MEMBER STATE BOARD OF EDUCATION DISTRICT 1,,CARLOS CHARLIE GARZA,REP,164,4,166,0,334,168,166
El Paso,169-CARROL WELCH INTERMEDIATE,MEMBER STATE BOARD OF EDUCATION DISTRICT 1,,MARTHA M. DOMINGUEZ,DEM,448,7,575,1,1031,455,576
El Paso,169-CARROL WELCH INTERMEDIATE,STATE SENATOR DISTRICT 29,,DAN CHAVEZ,REP,148,3,154,1,306,151,155
El Paso,169-CARROL WELCH INTERMEDIATE,STATE SENATOR DISTRICT 29,,JOSE R. RODRIGUEZ,DEM,466,8,586,0,1060,474,586
El Paso,169-CARROL WELCH INTERMEDIATE,STATE REPRESENTATIVE DISTRICT 75,,MARY E. GONZALEZ,DEM,496,9,615,1,1121,505,616
El Paso,169-CARROL WELCH INTERMEDIATE,"CHIEF JUSTICE, COURT OF APPEALS 8TH DISTRICT",,ANN CRAWFORD MCCLURE,DEM,489,9,596,1,1095,498,597
El Paso,169-CARROL WELCH INTERMEDIATE,"JUSTICE, 8TH COURT OF APPEALS DISTRICT, PLACE 2",,CHRIS ANTCLIFF,REP,140,3,145,1,289,143,146
El Paso,169-CARROL WELCH INTERMEDIATE,"JUSTICE, 8TH COURT OF APPEALS DISTRICT, PLACE 2",,YVONNE RODRIGUEZ,DEM,469,8,585,0,1062,477,585
El Paso,169-CARROL WELCH INTERMEDIATE,"JUSTICE, 8TH COURT OF APPEALS DISTRICT, PLACE 3",,GUADALUPE LUPE RIVER,DEM,497,9,613,1,1120,506,614
El Paso,169-CARROL WELCH INTERMEDIATE,"DISTRICT JUDGE, 34TH JUDICIAL DISTRICT",,BILL MOODY,DEM,508,9,611,1,1129,517,612
El Paso,169-CARROL WELCH INTERMEDIATE,"DISTRICT JUDGE, 41ST JUDICIAL DISTRICT",,ANNA PEREZ,DEM,499,9,607,1,1116,508,608
El Paso,169-CARROL WELCH INTERMEDIATE,"DISTRICT JUDGE, 243RD JUDICIAL DISTRICT",,BILLY DON HICKS,REP,162,3,151,1,317,165,152
El Paso,169-CARROL WELCH INTERMEDIATE,"DISTRICT JUDGE, 243RD JUDICIAL DISTRICT",,LUIS AGUILAR,DEM,442,8,584,0,1034,450,584
El Paso,169-CARROL WELCH INTERMEDIATE,"DISTRICT JUDGE, 346TH JUDICIAL DISTRICT",,ANGIE J. BARILL,DEM,499,9,610,1,1119,508,611
El Paso,169-CARROL WELCH INTERMEDIATE,"DISTRICT JUDGE, 383RD JUDICIAL DISTRICT",,MIKE HERRERA,DEM,495,9,614,1,1119,504,615
El Paso,169-CARROL WELCH INTERMEDIATE,"DISTRICT JUDGE, 384TH JUDICIAL DISTRICT",,PATRICK M. GARCIA,DEM,484,9,603,1,1097,493,604
El Paso,169-CARROL WELCH INTERMEDIATE,"DISTRICT JUDGE, 388TH JUDICIAL DISTRICT",,LAURA STRATHMANN,DEM,502,9,605,1,1117,511,606
El Paso,169-CARROL WELCH INTERMEDIATE,"DISTRICT JUDGE, 409TH JUDICIAL DISTRICT",,SAM MEDRANO JR,DEM,491,9,599,1,1100,500,600
El Paso,169-CARROL WELCH INTERMEDIATE,"DISTRICT JUDGE, 448TH JUDICIAL DISTRICT",,SERGIO H. ENRIQUEZ,DEM,487,9,602,1,1099,496,603
El Paso,169-CARROL WELCH INTERMEDIATE,"CRIMINAL DISTRICT JUDGE, COURT NO. 1",,DIANE NAVARRETE,DEM,485,9,597,1,1092,494,598
El Paso,169-CARROL WELCH INTERMEDIATE,"FAMILY DISTRICT JUDGE, 65TH JUDICIAL DISTRICT",,YAHARA L. GUTIERREZ,DEM,487,10,602,1,1100,497,603
El Paso,169-CARROL WELCH INTERMEDIATE,"DISTRICT ATTORNEY, 34TH JUDICIAL DISTRICT",,JAIME ESPARZA,DEM,497,9,609,1,1116,506,610
El Paso,169-CARROL WELCH INTERMEDIATE,"JUDGE, COUNTY CRIMINAL COURT NO. 3",,CARLOS CARRASCO,DEM,490,9,607,1,1107,499,608
El Paso,169-CARROL WELCH INTERMEDIATE,"JUDGE, COUNTY CRIMINAL COURT NO. 4",,JESUS HERRERA,DEM,495,9,603,1,1108,504,604
El Paso,169-CARROL WELCH INTERMEDIATE,COUNTY ATTORNEY,,JO ANNE BERNAL,DEM,491,9,604,1,1105,500,605
El Paso,169-CARROL WELCH INTERMEDIATE,SHERIFF,,RICHARD D. WILES,DEM,517,9,615,1,1142,526,616
El Paso,169-CARROL WELCH INTERMEDIATE,COUNTY TAX ASSESSOR COLLECTOR,,VICTOR A. FLORES,DEM,501,9,606,1,1117,510,607
El Paso,169-CARROL WELCH INTERMEDIATE,"COUNTY COMMISSIONER, PRECINCT NO. 3",,FRED CHAVEZ,REP,163,3,166,0,332,166,166
El Paso,169-CARROL WELCH INTERMEDIATE,"COUNTY COMMISSIONER, PRECINCT NO. 3",,VINCENT VINCE PEREZ,DEM,445,8,569,1,1023,453,570
El Paso,169-CARROL WELCH INTERMEDIATE,"CONSTABLE, PRECINCT NO. 6",,JAVIER GARCIA,DEM,503,9,608,1,1121,512,609
El Paso,170-CLINT JR HIGH,CLINT ISD BOARD OF TRUSTEES DISTRICT AT LARGE,,PATRICIA PAT RANDLEE,NP,269,9,135,0,413,278,135
El Paso,170-CLINT JR HIGH,CLINT ISD BOARD OF TRUSTEES DISTRICT AT LARGE,,SUSANA SANTILLAN,NP,164,1,97,0,262,165,97
El Paso,170-CLINT JR HIGH,CLINT ISD BOARD OF TRUSTEES DISTRICT AT LARGE,,SONIA HERRERA MARQUE,NP,169,3,78,0,250,172,78
El Paso,170-CLINT JR HIGH,CLINT ISD BOARD OF TRUSTEES DISTRICT AT LARGE,,FRED MARTINEZ,NP,296,6,236,1,539,302,237
El Paso,170-CLINT JR HIGH,CLINT ISD BOARD OF TRUSTEES DISTRICT AT LARGE,,CLAUDIA GARCIA,NP,147,6,73,0,226,153,73
El Paso,170-CLINT JR HIGH,CLINT ISD BOARD OF TRUSTEES DISTRICT AT LARGE,,MARY MACIAS,NP,304,5,266,0,575,309,266
El Paso,170-CLINT JR HIGH,CLINT ISD BOARD OF TRUSTEES DISTRICT AT LARGE,,Write-In,NP,11,0,8,0,19,11,8
El Paso,170-CLINT JR HIGH,"LOWER VALLEY WATER DIST, PLACE 4",,DAVID ARMSTRONG,NP,259,6,219,1,485,265,220
El Paso,170-CLINT JR HIGH,"LOWER VALLEY WATER DIST, PLACE 4",,JERRY GRIJALVA,NP,202,3,91,0,296,205,91
El Paso,170-CLINT JR HIGH,"LOWER VALLEY WATER DIST, PLACE 4",,DAVID T GARCIA,NP,114,4,70,0,188,118,70
El Paso,170-CLINT JR HIGH,"LOWER VALLEY WATER DIST, PLACE 5",,DAVID CARRASCO,NP,326,7,240,1,574,333,241
El Paso,170-CLINT JR HIGH,"LOWER VALLEY WATER DIST, PLACE 5",,WARREN JORGENSEN,NP,240,5,120,0,365,245,120
El Paso,170-CLINT JR HIGH,STRAIGHT PARTY,,REPUBLICAN,REP,96,4,67,0,167,100,67
El Paso,170-CLINT JR HIGH,STRAIGHT PARTY,,DEMOCRAT,DEM,250,4,212,1,467,254,213
El Paso,170-CLINT JR HIGH,STRAIGHT PARTY,,LIBERTARIAN,LIB,3,0,1,0,4,3,1
El Paso,170-CLINT JR HIGH,STRAIGHT PARTY,,GREEN,GRN,2,0,1,0,3,2,1
El Paso,170-CLINT JR HIGH,US PRESIDENT,,MITT ROMNEY,REP,252,9,134,0,395,261,134
El Paso,170-CLINT JR HIGH,US PRESIDENT,,BARACK OBAMA,DEM,370,6,283,1,660,376,284
El Paso,170-CLINT JR HIGH,US PRESIDENT,,GARY JOHNSON,LIB,7,1,1,0,9,8,1
El Paso,170-CLINT JR HIGH,US PRESIDENT,,JILL STEIN,GRN,3,0,1,0,4,3,1
El Paso,170-CLINT JR HIGH,US PRESIDENT,,WRITE-IN,NP,2,0,5,0,7,2,5
El Paso,170-CLINT JR HIGH,US SENATOR,,TED CRUZ,REP,263,8,147,0,418,271,147
El Paso,170-CLINT JR HIGH,US SENATOR,,PAUL SADLER,DEM,322,7,249,1,579,329,250
El Paso,170-CLINT JR HIGH,US SENATOR,,JOHN JAY MYERS,LIB,13,0,4,0,17,13,4
El Paso,170-CLINT JR HIGH,US SENATOR,,DAVID B. COLLINS,GRN,9,0,3,0,12,9,3
El Paso,170-CLINT JR HIGH,US REP DISTRICT 23,,FRANCISCO QUICO CANS,REP,219,6,113,0,338,225,113
El Paso,170-CLINT JR HIGH,US REP DISTRICT 23,,PETE P. GALLEGO,DEM,368,8,284,1,661,376,285
El Paso,170-CLINT JR HIGH,US REP DISTRICT 23,,JEFFREY C. BLUNT,LIB,20,0,11,0,31,20,11
El Paso,170-CLINT JR HIGH,US REP DISTRICT 23,,ED SCHARF,GRN,6,0,2,0,8,6,2
El Paso,170-CLINT JR HIGH,RAILROAD COMMISSIONER,,CHRISTI CRADDICK,REP,220,7,110,0,337,227,110
El Paso,170-CLINT JR HIGH,RAILROAD COMMISSIONER,,DALE HENRY,DEM,339,7,258,1,605,346,259
El Paso,170-CLINT JR HIGH,RAILROAD COMMISSIONER,,VIVEKANANDA (VIK) WA,LIB,12,0,7,0,19,12,7
El Paso,170-CLINT JR HIGH,RAILROAD COMMISSIONER,,CHRIS KENNEDY,GRN,27,0,10,0,37,27,10
El Paso,170-CLINT JR HIGH,RAILROAD COMMISSIONER,,BARRY SMITHERMAN,REP,242,5,125,0,372,247,125
El Paso,170-CLINT JR HIGH,RAILROAD COMMISSIONER,,JAIME O. PEREZ,LIB,222,5,142,0,369,227,142
El Paso,170-CLINT JR HIGH,RAILROAD COMMISSIONER,,JOSH WENDEL,GRN,41,0,27,0,68,41,27
El Paso,170-CLINT JR HIGH,"JUSTICE, SUPREME COURT, PLACE 2",,DON WILLETT,REP,319,6,174,0,499,325,174
El Paso,170-CLINT JR HIGH,"JUSTICE, SUPREME COURT, PLACE 2",,RS ROBERT KOELSCH,LIB,166,3,104,0,273,169,104
El Paso,170-CLINT JR HIGH,"JUSTICE, SUPREME COURT, PLACE 4",,JOHN DEVINE,REP,291,6,158,0,455,297,158
El Paso,170-CLINT JR HIGH,"JUSTICE, SUPREME COURT, PLACE 4",,TOM OXFORD,LIB,137,2,88,0,227,139,88
El Paso,170-CLINT JR HIGH,"JUSTICE, SUPREME COURT, PLACE 4",,CHARLES E. WATERBURY,GRN,60,1,33,0,94,61,33
El Paso,170-CLINT JR HIGH,"JUSTICE, SUPREME COURT, PLACE 6",,NATHAN HECHT,REP,197,7,103,0,307,204,103
El Paso,170-CLINT JR HIGH,"JUSTICE, SUPREME COURT, PLACE 6",,MICHELE PETTY,DEM,358,7,268,1,634,365,269
El Paso,170-CLINT JR HIGH,"JUSTICE, SUPREME COURT, PLACE 6",,MARK ASH,LIB,24,0,11,0,35,24,11
El Paso,170-CLINT JR HIGH,"JUSTICE, SUPREME COURT, PLACE 6",,JIM CHISHOLM,GRN,18,0,7,0,25,18,7
El Paso,170-CLINT JR HIGH,"PRESIDING JUDGE, COURT OF CRIMINAL APPEALS",,SHARON KELLER,REP,219,5,114,0,338,224,114
El Paso,170-CLINT JR HIGH,"PRESIDING JUDGE, COURT OF CRIMINAL APPEALS",,KEITH HAMPTON,DEM,351,7,260,1,619,358,261
El Paso,170-CLINT JR HIGH,"PRESIDING JUDGE, COURT OF CRIMINAL APPEALS",,LANCE STOTT,LIB,25,1,16,0,42,26,16
El Paso,170-CLINT JR HIGH,"JUDGE, COURT OF CRIMINAL APPEALS, PLACE 7",,BARBARA PARKER HERVE,REP,305,6,180,0,491,311,180
El Paso,170-CLINT JR HIGH,"JUDGE, COURT OF CRIMINAL APPEALS, PLACE 7",,MARK W. BENNETT,LIB,176,3,102,0,281,179,102
El Paso,170-CLINT JR HIGH,"JUDGE, COURT OF CRIMINAL APPEALS, PLACE 8",,ELSA ALCALA,REP,327,6,200,0,533,333,200
El Paso,170-CLINT JR HIGH,"JUDGE, COURT OF CRIMINAL APPEALS, PLACE 8",,WILLIAM BRYAN STRANG,LIB,154,3,89,0,246,157,89
El Paso,170-CLINT JR HIGH,MEMBER STATE BOARD OF EDUCATION DISTRICT 1,,CARLOS CHARLIE GARZA,REP,243,5,118,0,366,248,118
El Paso,170-CLINT JR HIGH,MEMBER STATE BOARD OF EDUCATION DISTRICT 1,,MARTHA M. DOMINGUEZ,DEM,360,9,283,1,653,369,284
El Paso,170-CLINT JR HIGH,STATE SENATOR DISTRICT 29,,DAN CHAVEZ,REP,233,3,108,0,344,236,108
El Paso,170-CLINT JR HIGH,STATE SENATOR DISTRICT 29,,JOSE R. RODRIGUEZ,DEM,383,11,296,1,691,394,297
El Paso,170-CLINT JR HIGH,STATE REPRESENTATIVE DISTRICT 75,,MARY E. GONZALEZ,DEM,440,7,307,1,755,447,308
El Paso,170-CLINT JR HIGH,"CHIEF JUSTICE, COURT OF APPEALS 8TH DISTRICT",,ANN CRAWFORD MCCLURE,DEM,414,9,292,1,716,423,293
El Paso,170-CLINT JR HIGH,"JUSTICE, 8TH COURT OF APPEALS DISTRICT, PLACE 2",,CHRIS ANTCLIFF,REP,232,7,111,0,350,239,111
El Paso,170-CLINT JR HIGH,"JUSTICE, 8TH COURT OF APPEALS DISTRICT, PLACE 2",,YVONNE RODRIGUEZ,DEM,363,7,281,1,652,370,282
El Paso,170-CLINT JR HIGH,"JUSTICE, 8TH COURT OF APPEALS DISTRICT, PLACE 3",,GUADALUPE LUPE RIVER,DEM,421,8,300,1,730,429,301
El Paso,170-CLINT JR HIGH,"DISTRICT JUDGE, 34TH JUDICIAL DISTRICT",,BILL MOODY,DEM,437,9,299,1,746,446,300
El Paso,170-CLINT JR HIGH,"DISTRICT JUDGE, 41ST JUDICIAL DISTRICT",,ANNA PEREZ,DEM,417,8,292,1,718,425,293
El Paso,170-CLINT JR HIGH,"DISTRICT JUDGE, 243RD JUDICIAL DISTRICT",,BILLY DON HICKS,REP,250,7,112,0,369,257,112
El Paso,170-CLINT JR HIGH,"DISTRICT JUDGE, 243RD JUDICIAL DISTRICT",,LUIS AGUILAR,DEM,353,7,284,1,645,360,285
El Paso,170-CLINT JR HIGH,"DISTRICT JUDGE, 346TH JUDICIAL DISTRICT",,ANGIE J. BARILL,DEM,407,8,291,1,707,415,292
El Paso,170-CLINT JR HIGH,"DISTRICT JUDGE, 383RD JUDICIAL DISTRICT",,MIKE HERRERA,DEM,407,8,294,1,710,415,295
El Paso,170-CLINT JR HIGH,"DISTRICT JUDGE, 384TH JUDICIAL DISTRICT",,PATRICK M. GARCIA,DEM,399,8,286,1,694,407,287
El Paso,170-CLINT JR HIGH,"DISTRICT JUDGE, 388TH JUDICIAL DISTRICT",,LAURA STRATHMANN,DEM,409,8,290,1,708,417,291
El Paso,170-CLINT JR HIGH,"DISTRICT JUDGE, 409TH JUDICIAL DISTRICT",,SAM MEDRANO JR,DEM,402,8,291,1,702,410,292
El Paso,170-CLINT JR HIGH,"DISTRICT JUDGE, 448TH JUDICIAL DISTRICT",,SERGIO H. ENRIQUEZ,DEM,403,8,286,1,698,411,287
El Paso,170-CLINT JR HIGH,"CRIMINAL DISTRICT JUDGE, COURT NO. 1",,DIANE NAVARRETE,DEM,399,8,291,1,699,407,292
El Paso,170-CLINT JR HIGH,"FAMILY DISTRICT JUDGE, 65TH JUDICIAL DISTRICT",,YAHARA L. GUTIERREZ,DEM,395,8,289,1,693,403,290
El Paso,170-CLINT JR HIGH,"DISTRICT ATTORNEY, 34TH JUDICIAL DISTRICT",,JAIME ESPARZA,DEM,418,8,294,1,721,426,295
El Paso,170-CLINT JR HIGH,"JUDGE, COUNTY CRIMINAL COURT NO. 3",,CARLOS CARRASCO,DEM,394,8,292,1,695,402,293
El Paso,170-CLINT JR HIGH,"JUDGE, COUNTY CRIMINAL COURT NO. 4",,JESUS HERRERA,DEM,400,8,285,1,694,408,286
El Paso,170-CLINT JR HIGH,COUNTY ATTORNEY,,JO ANNE BERNAL,DEM,408,8,290,1,707,416,291
El Paso,170-CLINT JR HIGH,SHERIFF,,RICHARD D. WILES,DEM,430,8,293,1,732,438,294
El Paso,170-CLINT JR HIGH,COUNTY TAX ASSESSOR COLLECTOR,,VICTOR A. FLORES,DEM,422,8,302,1,733,430,303
El Paso,170-CLINT JR HIGH,"COUNTY COMMISSIONER, PRECINCT NO. 3",,FRED CHAVEZ,REP,228,8,116,0,352,236,116
El Paso,170-CLINT JR HIGH,"COUNTY COMMISSIONER, PRECINCT NO. 3",,VINCENT VINCE PEREZ,DEM,367,6,274,1,648,373,275
El Paso,170-CLINT JR HIGH,"CONSTABLE, PRECINCT NO. 6",,JAVIER GARCIA,DEM,409,7,291,1,708,416,292
El Paso,171-ANA GARCIA MIDDLE,"LOWER VALLEY WATER DIST, PLACE 4",,DAVID ARMSTRONG,NP,131,1,189,2,323,132,191
El Paso,171-ANA GARCIA MIDDLE,"LOWER VALLEY WATER DIST, PLACE 4",,JERRY GRIJALVA,NP,181,1,287,0,469,182,287
El Paso,171-ANA GARCIA MIDDLE,"LOWER VALLEY WATER DIST, PLACE 4",,DAVID T GARCIA,NP,99,2,151,0,252,101,151
El Paso,171-ANA GARCIA MIDDLE,"LOWER VALLEY WATER DIST, PLACE 5",,DAVID CARRASCO,NP,328,3,508,2,841,331,510
El Paso,171-ANA GARCIA MIDDLE,"LOWER VALLEY WATER DIST, PLACE 5",,WARREN JORGENSEN,NP,77,1,102,0,180,78,102
El Paso,171-ANA GARCIA MIDDLE,STRAIGHT PARTY,,REPUBLICAN,REP,51,1,67,1,120,52,68
El Paso,171-ANA GARCIA MIDDLE,STRAIGHT PARTY,,DEMOCRAT,DEM,338,3,615,2,958,341,617
El Paso,171-ANA GARCIA MIDDLE,STRAIGHT PARTY,,LIBERTARIAN,LIB,2,0,10,0,12,2,10
El Paso,171-ANA GARCIA MIDDLE,STRAIGHT PARTY,,GREEN,GRN,4,0,3,0,7,4,3
El Paso,171-ANA GARCIA MIDDLE,US PRESIDENT,,MITT ROMNEY,REP,72,3,98,1,174,75,99
El Paso,171-ANA GARCIA MIDDLE,US PRESIDENT,,BARACK OBAMA,DEM,424,4,690,2,1120,428,692
El Paso,171-ANA GARCIA MIDDLE,US PRESIDENT,,GARY JOHNSON,LIB,0,0,16,0,16,0,16
El Paso,171-ANA GARCIA MIDDLE,US PRESIDENT,,JILL STEIN,GRN,5,0,1,0,6,5,1
El Paso,171-ANA GARCIA MIDDLE,US PRESIDENT,,WRITE-IN,NP,0,0,0,0,0,0,0
El Paso,171-ANA GARCIA MIDDLE,US SENATOR,,TED CRUZ,REP,88,3,120,1,212,91,121
El Paso,171-ANA GARCIA MIDDLE,US SENATOR,,PAUL SADLER,DEM,373,4,637,2,1016,377,639
El Paso,171-ANA GARCIA MIDDLE,US SENATOR,,JOHN JAY MYERS,LIB,9,0,19,0,28,9,19
El Paso,171-ANA GARCIA MIDDLE,US SENATOR,,DAVID B. COLLINS,GRN,10,0,15,0,25,10,15
El Paso,171-ANA GARCIA MIDDLE,US REP DISTRICT 23,,FRANCISCO QUICO CANS,REP,68,2,93,1,164,70,94
El Paso,171-ANA GARCIA MIDDLE,US REP DISTRICT 23,,PETE P. GALLEGO,DEM,406,4,673,2,1085,410,675
El Paso,171-ANA GARCIA MIDDLE,US REP DISTRICT 23,,JEFFREY C. BLUNT,LIB,12,0,15,0,27,12,15
El Paso,171-ANA GARCIA MIDDLE,US REP DISTRICT 23,,ED SCHARF,GRN,5,0,5,0,10,5,5
El Paso,171-ANA GARCIA MIDDLE,RAILROAD COMMISSIONER,,CHRISTI CRADDICK,REP,73,1,85,1,160,74,86
El Paso,171-ANA GARCIA MIDDLE,RAILROAD COMMISSIONER,,DALE HENRY,DEM,381,4,650,2,1037,385,652
El Paso,171-ANA GARCIA MIDDLE,RAILROAD COMMISSIONER,,VIVEKANANDA (VIK) WA,LIB,9,0,13,0,22,9,13
El Paso,171-ANA GARCIA MIDDLE,RAILROAD COMMISSIONER,,CHRIS KENNEDY,GRN,15,0,33,0,48,15,33
El Paso,171-ANA GARCIA MIDDLE,RAILROAD COMMISSIONER,,BARRY SMITHERMAN,REP,108,1,141,1,251,109,142
El Paso,171-ANA GARCIA MIDDLE,RAILROAD COMMISSIONER,,JAIME O. PEREZ,LIB,178,2,367,0,547,180,367
El Paso,171-ANA GARCIA MIDDLE,RAILROAD COMMISSIONER,,JOSH WENDEL,GRN,44,0,59,0,103,44,59
El Paso,171-ANA GARCIA MIDDLE,"JUSTICE, SUPREME COURT, PLACE 2",,DON WILLETT,REP,165,1,239,1,406,166,240
El Paso,171-ANA GARCIA MIDDLE,"JUSTICE, SUPREME COURT, PLACE 2",,RS ROBERT KOELSCH,LIB,142,3,297,0,442,145,297
El Paso,171-ANA GARCIA MIDDLE,"JUSTICE, SUPREME COURT, PLACE 4",,JOHN DEVINE,REP,128,2,215,1,346,130,216
El Paso,171-ANA GARCIA MIDDLE,"JUSTICE, SUPREME COURT, PLACE 4",,TOM OXFORD,LIB,124,2,215,0,341,126,215
El Paso,171-ANA GARCIA MIDDLE,"JUSTICE, SUPREME COURT, PLACE 4",,CHARLES E. WATERBURY,GRN,59,0,107,0,166,59,107
El Paso,171-ANA GARCIA MIDDLE,"JUSTICE, SUPREME COURT, PLACE 6",,NATHAN HECHT,REP,63,1,86,1,151,64,87
El Paso,171-ANA GARCIA MIDDLE,"JUSTICE, SUPREME COURT, PLACE 6",,MICHELE PETTY,DEM,393,5,671,2,1071,398,673
El Paso,171-ANA GARCIA MIDDLE,"JUSTICE, SUPREME COURT, PLACE 6",,MARK ASH,LIB,11,0,17,0,28,11,17
El Paso,171-ANA GARCIA MIDDLE,"JUSTICE, SUPREME COURT, PLACE 6",,JIM CHISHOLM,GRN,12,0,8,0,20,12,8
El Paso,171-ANA GARCIA MIDDLE,"PRESIDING JUDGE, COURT OF CRIMINAL APPEALS",,SHARON KELLER,REP,80,2,97,1,180,82,98
El Paso,171-ANA GARCIA MIDDLE,"PRESIDING JUDGE, COURT OF CRIMINAL APPEALS",,KEITH HAMPTON,DEM,382,4,671,2,1059,386,673
El Paso,171-ANA GARCIA MIDDLE,"PRESIDING JUDGE, COURT OF CRIMINAL APPEALS",,LANCE STOTT,LIB,16,0,14,0,30,16,14
El Paso,171-ANA GARCIA MIDDLE,"JUDGE, COURT OF CRIMINAL APPEALS, PLACE 7",,BARBARA PARKER HERVE,REP,163,2,255,1,421,165,256
El Paso,171-ANA GARCIA MIDDLE,"JUDGE, COURT OF CRIMINAL APPEALS, PLACE 7",,MARK W. BENNETT,LIB,147,2,263,0,412,149,263
El Paso,171-ANA GARCIA MIDDLE,"JUDGE, COURT OF CRIMINAL APPEALS, PLACE 8",,ELSA ALCALA,REP,172,2,293,1,468,174,294
El Paso,171-ANA GARCIA MIDDLE,"JUDGE, COURT OF CRIMINAL APPEALS, PLACE 8",,WILLIAM BRYAN STRANG,LIB,131,2,229,0,362,133,229
El Paso,171-ANA GARCIA MIDDLE,MEMBER STATE BOARD OF EDUCATION DISTRICT 1,,CARLOS CHARLIE GARZA,REP,74,1,100,1,176,75,101
El Paso,171-ANA GARCIA MIDDLE,MEMBER STATE BOARD OF EDUCATION DISTRICT 1,,MARTHA M. DOMINGUEZ,DEM,407,5,687,2,1101,412,689
El Paso,171-ANA GARCIA MIDDLE,STATE SENATOR DISTRICT 29,,DAN CHAVEZ,REP,73,2,88,1,164,75,89
El Paso,171-ANA GARCIA MIDDLE,STATE SENATOR DISTRICT 29,,JOSE R. RODRIGUEZ,DEM,407,4,698,2,1111,411,700
El Paso,171-ANA GARCIA MIDDLE,STATE REPRESENTATIVE DISTRICT 75,,MARY E. GONZALEZ,DEM,428,4,729,2,1163,432,731
El Paso,171-ANA GARCIA MIDDLE,"CHIEF JUSTICE, COURT OF APPEALS 8TH DISTRICT",,ANN CRAWFORD MCCLURE,DEM,421,4,721,2,1148,425,723
El Paso,171-ANA GARCIA MIDDLE,"JUSTICE, 8TH COURT OF APPEALS DISTRICT, PLACE 2",,CHRIS ANTCLIFF,REP,76,2,82,1,161,78,83
El Paso,171-ANA GARCIA MIDDLE,"JUSTICE, 8TH COURT OF APPEALS DISTRICT, PLACE 2",,YVONNE RODRIGUEZ,DEM,400,4,701,2,1107,404,703
El Paso,171-ANA GARCIA MIDDLE,"JUSTICE, 8TH COURT OF APPEALS DISTRICT, PLACE 3",,GUADALUPE LUPE RIVER,DEM,422,4,724,2,1152,426,726
El Paso,171-ANA GARCIA MIDDLE,"DISTRICT JUDGE, 34TH JUDICIAL DISTRICT",,BILL MOODY,DEM,425,4,720,2,1151,429,722
El Paso,171-ANA GARCIA MIDDLE,"DISTRICT JUDGE, 41ST JUDICIAL DISTRICT",,ANNA PEREZ,DEM,422,4,728,2,1156,426,730
El Paso,171-ANA GARCIA MIDDLE,"DISTRICT JUDGE, 243RD JUDICIAL DISTRICT",,BILLY DON HICKS,REP,87,2,96,1,186,89,97
El Paso,171-ANA GARCIA MIDDLE,"DISTRICT JUDGE, 243RD JUDICIAL DISTRICT",,LUIS AGUILAR,DEM,390,4,689,2,1085,394,691
El Paso,171-ANA GARCIA MIDDLE,"DISTRICT JUDGE, 346TH JUDICIAL DISTRICT",,ANGIE J. BARILL,DEM,422,4,716,2,1144,426,718
El Paso,171-ANA GARCIA MIDDLE,"DISTRICT JUDGE, 383RD JUDICIAL DISTRICT",,MIKE HERRERA,DEM,420,4,725,2,1151,424,727
El Paso,171-ANA GARCIA MIDDLE,"DISTRICT JUDGE, 384TH JUDICIAL DISTRICT",,PATRICK M. GARCIA,DEM,422,4,719,2,1147,426,721
El Paso,171-ANA GARCIA MIDDLE,"DISTRICT JUDGE, 388TH JUDICIAL DISTRICT",,LAURA STRATHMANN,DEM,425,4,713,2,1144,429,715
El Paso,171-ANA GARCIA MIDDLE,"DISTRICT JUDGE, 409TH JUDICIAL DISTRICT",,SAM MEDRANO JR,DEM,425,4,715,2,1146,429,717
El Paso,171-ANA GARCIA MIDDLE,"DISTRICT JUDGE, 448TH JUDICIAL DISTRICT",,SERGIO H. ENRIQUEZ,DEM,419,4,721,2,1146,423,723
El Paso,171-ANA GARCIA MIDDLE,"CRIMINAL DISTRICT JUDGE, COURT NO. 1",,DIANE NAVARRETE,DEM,417,4,717,2,1140,421,719
El Paso,171-ANA GARCIA MIDDLE,"FAMILY DISTRICT JUDGE, 65TH JUDICIAL DISTRICT",,YAHARA L. GUTIERREZ,DEM,424,4,712,2,1142,428,714
El Paso,171-ANA GARCIA MIDDLE,"DISTRICT ATTORNEY, 34TH JUDICIAL DISTRICT",,JAIME ESPARZA,DEM,419,4,725,2,1150,423,727
El Paso,171-ANA GARCIA MIDDLE,"JUDGE, COUNTY CRIMINAL COURT NO. 3",,CARLOS CARRASCO,DEM,421,4,719,2,1146,425,721
El Paso,171-ANA GARCIA MIDDLE,"JUDGE, COUNTY CRIMINAL COURT NO. 4",,JESUS HERRERA,DEM,416,4,718,2,1140,420,720
El Paso,171-ANA GARCIA MIDDLE,COUNTY ATTORNEY,,JO ANNE BERNAL,DEM,425,4,711,2,1142,429,713
El Paso,171-ANA GARCIA MIDDLE,SHERIFF,,RICHARD D. WILES,DEM,429,4,728,2,1163,433,730
El Paso,171-ANA GARCIA MIDDLE,COUNTY TAX ASSESSOR COLLECTOR,,VICTOR A. FLORES,DEM,433,4,721,2,1160,437,723
El Paso,171-ANA GARCIA MIDDLE,"COUNTY COMMISSIONER, PRECINCT NO. 3",,FRED CHAVEZ,REP,81,1,112,1,195,82,113
El Paso,171-ANA GARCIA MIDDLE,"COUNTY COMMISSIONER, PRECINCT NO. 3",,VINCENT VINCE PEREZ,DEM,400,4,680,2,1086,404,682
El Paso,171-ANA GARCIA MIDDLE,"CONSTABLE, PRECINCT NO. 6",,JAVIER GARCIA,DEM,426,4,725,2,1157,430,727
El Paso,172-RIO VALLE WOMANS CLUB,"LOWER VALLEY WATER DIST, PLACE 4",,DAVID ARMSTRONG,NP,65,1,23,0,89,66,23
El Paso,172-RIO VALLE WOMANS CLUB,"LOWER VALLEY WATER DIST, PLACE 4",,JERRY GRIJALVA,NP,34,0,24,0,58,34,24
El Paso,172-RIO VALLE WOMANS CLUB,"LOWER VALLEY WATER DIST, PLACE 4",,DAVID T GARCIA,NP,24,0,13,0,37,24,13
El Paso,172-RIO VALLE WOMANS CLUB,"LOWER VALLEY WATER DIST, PLACE 5",,DAVID CARRASCO,NP,75,1,45,0,121,76,45
El Paso,172-RIO VALLE WOMANS CLUB,"LOWER VALLEY WATER DIST, PLACE 5",,WARREN JORGENSEN,NP,38,0,11,0,49,38,11
El Paso,172-RIO VALLE WOMANS CLUB,FABENS ISD SCHOOL BOARD PLACE III,,REY SEPULVEDA,NP,527,6,330,2,865,533,332
El Paso,172-RIO VALLE WOMANS CLUB,FABENS ISD SCHOOL BOARD PLACE III,,JOSE PEPE RAMIREZ,NP,322,2,226,2,552,324,228
El Paso,172-RIO VALLE WOMANS CLUB,FABENS ISD SCHOOL BOARD PLACE V,,GUSTAVO TAVO PEREZ,NP,158,0,142,0,300,158,142
El Paso,172-RIO VALLE WOMANS CLUB,FABENS ISD SCHOOL BOARD PLACE V,,BENJAMIN MORALES,NP,210,1,184,3,398,211,187
El Paso,172-RIO VALLE WOMANS CLUB,FABENS ISD SCHOOL BOARD PLACE V,,J.R. DICKSON,NP,127,0,50,0,177,127,50
El Paso,172-RIO VALLE WOMANS CLUB,FABENS ISD SCHOOL BOARD PLACE V,,AURORA VORIE ALVILLA,NP,365,6,192,1,564,371,193
El Paso,172-RIO VALLE WOMANS CLUB,FABENS ISD SCHOOL BOARD PLACE VI,,OLANDO O.O. FLORES,NP,714,8,495,3,1220,722,498
El Paso,172-RIO VALLE WOMANS CLUB,FABENS ISD SCHOOL BOARD PLACE VI,,Write-In,NP,77,0,27,1,105,77,28
El Paso,172-RIO VALLE WOMANS CLUB,FABENS ISD SCHOOL BOARD PLACE VII,,SYLVIA GONZALES,NP,436,4,283,1,724,440,284
El Paso,172-RIO VALLE WOMANS CLUB,FABENS ISD SCHOOL BOARD PLACE VII,,GREG SPENCE,NP,415,5,285,4,709,420,289
El Paso,172-RIO VALLE WOMANS CLUB,STRAIGHT PARTY,,REPUBLICAN,REP,108,1,48,0,157,109,48
El Paso,172-RIO VALLE WOMANS CLUB,STRAIGHT PARTY,,DEMOCRAT,DEM,573,5,396,5,979,578,401
El Paso,172-RIO VALLE WOMANS CLUB,STRAIGHT PARTY,,LIBERTARIAN,LIB,3,0,4,0,7,3,4
El Paso,172-RIO VALLE WOMANS CLUB,STRAIGHT PARTY,,GREEN,GRN,3,0,2,0,5,3,2
El Paso,172-RIO VALLE WOMANS CLUB,US PRESIDENT,,MITT ROMNEY,REP,199,4,99,0,302,203,99
El Paso,172-RIO VALLE WOMANS CLUB,US PRESIDENT,,BARACK OBAMA,DEM,720,7,509,7,1243,727,516
El Paso,172-RIO VALLE WOMANS CLUB,US PRESIDENT,,GARY JOHNSON,LIB,9,0,5,0,14,9,5
El Paso,172-RIO VALLE WOMANS CLUB,US PRESIDENT,,JILL STEIN,GRN,4,0,2,0,6,4,2
El Paso,172-RIO VALLE WOMANS CLUB,US PRESIDENT,,WRITE-IN,NP,2,0,0,0,2,2,0
El Paso,172-RIO VALLE WOMANS CLUB,US SENATOR,,TED CRUZ,REP,217,4,124,1,346,221,125
El Paso,172-RIO VALLE WOMANS CLUB,US SENATOR,,PAUL SADLER,DEM,647,7,446,4,1104,654,450
El Paso,172-RIO VALLE WOMANS CLUB,US SENATOR,,JOHN JAY MYERS,LIB,15,0,8,0,23,15,8
El Paso,172-RIO VALLE WOMANS CLUB,US SENATOR,,DAVID B. COLLINS,GRN,10,0,10,0,20,10,10
El Paso,172-RIO VALLE WOMANS CLUB,US REP DISTRICT 23,,FRANCISCO QUICO CANS,REP,172,4,69,0,245,176,69
El Paso,172-RIO VALLE WOMANS CLUB,US REP DISTRICT 23,,PETE P. GALLEGO,DEM,717,7,506,5,1235,724,511
El Paso,172-RIO VALLE WOMANS CLUB,US REP DISTRICT 23,,JEFFREY C. BLUNT,LIB,10,0,9,0,19,10,9
El Paso,172-RIO VALLE WOMANS CLUB,US REP DISTRICT 23,,ED SCHARF,GRN,6,0,6,0,12,6,6
El Paso,172-RIO VALLE WOMANS CLUB,RAILROAD COMMISSIONER,,CHRISTI CRADDICK,REP,173,2,79,0,254,175,79
El Paso,172-RIO VALLE WOMANS CLUB,RAILROAD COMMISSIONER,,DALE HENRY,DEM,661,7,475,4,1147,668,479
El Paso,172-RIO VALLE WOMANS CLUB,RAILROAD COMMISSIONER,,VIVEKANANDA (VIK) WA,LIB,17,0,7,1,25,17,8
El Paso,172-RIO VALLE WOMANS CLUB,RAILROAD COMMISSIONER,,CHRIS KENNEDY,GRN,19,0,17,0,36,19,17
El Paso,172-RIO VALLE WOMANS CLUB,RAILROAD COMMISSIONER,,BARRY SMITHERMAN,REP,219,2,123,0,344,221,123
El Paso,172-RIO VALLE WOMANS CLUB,RAILROAD COMMISSIONER,,JAIME O. PEREZ,LIB,328,6,254,1,589,334,255
El Paso,172-RIO VALLE WOMANS CLUB,RAILROAD COMMISSIONER,,JOSH WENDEL,GRN,32,0,34,0,66,32,34
El Paso,172-RIO VALLE WOMANS CLUB,"JUSTICE, SUPREME COURT, PLACE 2",,DON WILLETT,REP,305,3,197,1,506,308,198
El Paso,172-RIO VALLE WOMANS CLUB,"JUSTICE, SUPREME COURT, PLACE 2",,RS ROBERT KOELSCH,LIB,236,5,186,0,427,241,186
El Paso,172-RIO VALLE WOMANS CLUB,"JUSTICE, SUPREME COURT, PLACE 4",,JOHN DEVINE,REP,269,2,181,0,452,271,181
El Paso,172-RIO VALLE WOMANS CLUB,"JUSTICE, SUPREME COURT, PLACE 4",,TOM OXFORD,LIB,187,6,141,1,335,193,142
El Paso,172-RIO VALLE WOMANS CLUB,"JUSTICE, SUPREME COURT, PLACE 4",,CHARLES E. WATERBURY,GRN,80,0,62,0,142,80,62
El Paso,172-RIO VALLE WOMANS CLUB,"JUSTICE, SUPREME COURT, PLACE 6",,NATHAN HECHT,REP,163,2,72,0,237,165,72
El Paso,172-RIO VALLE WOMANS CLUB,"JUSTICE, SUPREME COURT, PLACE 6",,MICHELE PETTY,DEM,675,6,469,5,1155,681,474
El Paso,172-RIO VALLE WOMANS CLUB,"JUSTICE, SUPREME COURT, PLACE 6",,MARK ASH,LIB,20,0,19,0,39,20,19
El Paso,172-RIO VALLE WOMANS CLUB,"JUSTICE, SUPREME COURT, PLACE 6",,JIM CHISHOLM,GRN,10,0,12,0,22,10,12
El Paso,172-RIO VALLE WOMANS CLUB,"PRESIDING JUDGE, COURT OF CRIMINAL APPEALS",,SHARON KELLER,REP,178,2,82,0,262,180,82
El Paso,172-RIO VALLE WOMANS CLUB,"PRESIDING JUDGE, COURT OF CRIMINAL APPEALS",,KEITH HAMPTON,DEM,665,6,469,5,1145,671,474
El Paso,172-RIO VALLE WOMANS CLUB,"PRESIDING JUDGE, COURT OF CRIMINAL APPEALS",,LANCE STOTT,LIB,17,0,16,0,33,17,16
El Paso,172-RIO VALLE WOMANS CLUB,"JUDGE, COURT OF CRIMINAL APPEALS, PLACE 7",,BARBARA PARKER HERVE,REP,315,4,193,1,513,319,194
El Paso,172-RIO VALLE WOMANS CLUB,"JUDGE, COURT OF CRIMINAL APPEALS, PLACE 7",,MARK W. BENNETT,LIB,222,5,188,0,415,227,188
El Paso,172-RIO VALLE WOMANS CLUB,"JUDGE, COURT OF CRIMINAL APPEALS, PLACE 8",,ELSA ALCALA,REP,342,3,227,1,573,345,228
El Paso,172-RIO VALLE WOMANS CLUB,"JUDGE, COURT OF CRIMINAL APPEALS, PLACE 8",,WILLIAM BRYAN STRANG,LIB,199,5,164,0,368,204,164
El Paso,172-RIO VALLE WOMANS CLUB,MEMBER STATE BOARD OF EDUCATION DISTRICT 1,,CARLOS CHARLIE GARZA,REP,196,2,91,1,290,198,92
El Paso,172-RIO VALLE WOMANS CLUB,MEMBER STATE BOARD OF EDUCATION DISTRICT 1,,MARTHA M. DOMINGUEZ,DEM,686,7,485,4,1182,693,489
El Paso,172-RIO VALLE WOMANS CLUB,STATE SENATOR DISTRICT 29,,DAN CHAVEZ,REP,181,3,71,0,255,184,71
El Paso,172-RIO VALLE WOMANS CLUB,STATE SENATOR DISTRICT 29,,JOSE R. RODRIGUEZ,DEM,718,6,514,5,1243,724,519
El Paso,172-RIO VALLE WOMANS CLUB,STATE REPRESENTATIVE DISTRICT 75,,MARY E. GONZALEZ,DEM,728,6,513,5,1252,734,518
El Paso,172-RIO VALLE WOMANS CLUB,"CHIEF JUSTICE, COURT OF APPEALS 8TH DISTRICT",,ANN CRAWFORD MCCLURE,DEM,701,6,499,5,1211,707,504
El Paso,172-RIO VALLE WOMANS CLUB,"JUSTICE, 8TH COURT OF APPEALS DISTRICT, PLACE 2",,CHRIS ANTCLIFF,REP,174,2,70,0,246,176,70
El Paso,172-RIO VALLE WOMANS CLUB,"JUSTICE, 8TH COURT OF APPEALS DISTRICT, PLACE 2",,YVONNE RODRIGUEZ,DEM,707,6,502,5,1220,713,507
El Paso,172-RIO VALLE WOMANS CLUB,"JUSTICE, 8TH COURT OF APPEALS DISTRICT, PLACE 3",,GUADALUPE LUPE RIVER,DEM,730,6,512,5,1253,736,517
El Paso,172-RIO VALLE WOMANS CLUB,"DISTRICT JUDGE, 34TH JUDICIAL DISTRICT",,BILL MOODY,DEM,720,6,510,5,1241,726,515
El Paso,172-RIO VALLE WOMANS CLUB,"DISTRICT JUDGE, 41ST JUDICIAL DISTRICT",,ANNA PEREZ,DEM,718,6,518,5,1247,724,523
El Paso,172-RIO VALLE WOMANS CLUB,"DISTRICT JUDGE, 243RD JUDICIAL DISTRICT",,BILLY DON HICKS,REP,196,2,74,0,272,198,74
El Paso,172-RIO VALLE WOMANS CLUB,"DISTRICT JUDGE, 243RD JUDICIAL DISTRICT",,LUIS AGUILAR,DEM,675,6,505,5,1191,681,510
El Paso,172-RIO VALLE WOMANS CLUB,"DISTRICT JUDGE, 346TH JUDICIAL DISTRICT",,ANGIE J. BARILL,DEM,707,6,503,5,1221,713,508
El Paso,172-RIO VALLE WOMANS CLUB,"DISTRICT JUDGE, 383RD JUDICIAL DISTRICT",,MIKE HERRERA,DEM,724,6,518,5,1253,730,523
El Paso,172-RIO VALLE WOMANS CLUB,"DISTRICT JUDGE, 384TH JUDICIAL DISTRICT",,PATRICK M. GARCIA,DEM,709,6,509,5,1229,715,514
El Paso,172-RIO VALLE WOMANS CLUB,"DISTRICT JUDGE, 388TH JUDICIAL DISTRICT",,LAURA STRATHMANN,DEM,711,6,507,5,1229,717,512
El Paso,172-RIO VALLE WOMANS CLUB,"DISTRICT JUDGE, 409TH JUDICIAL DISTRICT",,SAM MEDRANO JR,DEM,714,6,506,5,1231,720,511
El Paso,172-RIO VALLE WOMANS CLUB,"DISTRICT JUDGE, 448TH JUDICIAL DISTRICT",,SERGIO H. ENRIQUEZ,DEM,710,6,512,5,1233,716,517
El Paso,172-RIO VALLE WOMANS CLUB,"CRIMINAL DISTRICT JUDGE, COURT NO. 1",,DIANE NAVARRETE,DEM,711,6,505,5,1227,717,510
El Paso,172-RIO VALLE WOMANS CLUB,"FAMILY DISTRICT JUDGE, 65TH JUDICIAL DISTRICT",,YAHARA L. GUTIERREZ,DEM,705,6,506,5,1222,711,511
El Paso,172-RIO VALLE WOMANS CLUB,"DISTRICT ATTORNEY, 34TH JUDICIAL DISTRICT",,JAIME ESPARZA,DEM,728,6,519,5,1258,734,524
El Paso,172-RIO VALLE WOMANS CLUB,"JUDGE, COUNTY CRIMINAL COURT NO. 3",,CARLOS CARRASCO,DEM,721,6,515,5,1247,727,520
El Paso,172-RIO VALLE WOMANS CLUB,"JUDGE, COUNTY CRIMINAL COURT NO. 4",,JESUS HERRERA,DEM,719,6,515,5,1245,725,520
El Paso,172-RIO VALLE WOMANS CLUB,COUNTY ATTORNEY,,JO ANNE BERNAL,DEM,720,6,508,5,1239,726,513
El Paso,172-RIO VALLE WOMANS CLUB,SHERIFF,,RICHARD D. WILES,DEM,734,6,515,6,1261,740,521
El Paso,172-RIO VALLE WOMANS CLUB,COUNTY TAX ASSESSOR COLLECTOR,,VICTOR A. FLORES,DEM,730,6,521,5,1262,736,526
El Paso,172-RIO VALLE WOMANS CLUB,"COUNTY COMMISSIONER, PRECINCT NO. 3",,FRED CHAVEZ,REP,183,3,81,1,268,186,82
El Paso,172-RIO VALLE WOMANS CLUB,"COUNTY COMMISSIONER, PRECINCT NO. 3",,VINCENT VINCE PEREZ,DEM,697,6,493,5,1201,703,498
El Paso,172-RIO VALLE WOMANS CLUB,"CONSTABLE, PRECINCT NO. 6",,JAVIER GARCIA,DEM,722,6,516,5,1249,728,521
El Paso,173-TORNILLO ADMIN BLD,"LOWER VALLEY WATER DIST, PLACE 4",,DAVID ARMSTRONG,NP,11,0,1,0,12,11,1
El Paso,173-TORNILLO ADMIN BLD,"LOWER VALLEY WATER DIST, PLACE 4",,JERRY GRIJALVA,NP,6,0,1,0,7,6,1
El Paso,173-TORNILLO ADMIN BLD,"LOWER VALLEY WATER DIST, PLACE 4",,DAVID T GARCIA,NP,3,0,0,0,3,3,0
El Paso,173-TORNILLO ADMIN BLD,"LOWER VALLEY WATER DIST, PLACE 5",,DAVID CARRASCO,NP,12,0,1,0,13,12,1
El Paso,173-TORNILLO ADMIN BLD,"LOWER VALLEY WATER DIST, PLACE 5",,WARREN JORGENSEN,NP,7,0,1,0,8,7,1
El Paso,173-TORNILLO ADMIN BLD,FABENS ISD SCHOOL BOARD PLACE III,,REY SEPULVEDA,NP,6,0,1,0,7,6,1
El Paso,173-TORNILLO ADMIN BLD,FABENS ISD SCHOOL BOARD PLACE III,,JOSE PEPE RAMIREZ,NP,13,0,1,0,14,13,1
El Paso,173-TORNILLO ADMIN BLD,FABENS ISD SCHOOL BOARD PLACE V,,GUSTAVO TAVO PEREZ,NP,1,0,2,0,3,1,2
El Paso,173-TORNILLO ADMIN BLD,FABENS ISD SCHOOL BOARD PLACE V,,BENJAMIN MORALES,NP,7,0,0,0,7,7,0
El Paso,173-TORNILLO ADMIN BLD,FABENS ISD SCHOOL BOARD PLACE V,,J.R. DICKSON,NP,9,0,0,0,9,9,0
El Paso,173-TORNILLO ADMIN BLD,FABENS ISD SCHOOL BOARD PLACE V,,AURORA VORIE ALVILLA,NP,1,0,0,0,1,1,0
El Paso,173-TORNILLO ADMIN BLD,FABENS ISD SCHOOL BOARD PLACE VI,,OLANDO O.O. FLORES,NP,11,0,1,0,12,11,1
El Paso,173-TORNILLO ADMIN BLD,FABENS ISD SCHOOL BOARD PLACE VI,,Write-In,NP,6,0,0,0,6,6,0
El Paso,173-TORNILLO ADMIN BLD,FABENS ISD SCHOOL BOARD PLACE VII,,SYLVIA GONZALES,NP,4,0,2,0,6,4,2
El Paso,173-TORNILLO ADMIN BLD,FABENS ISD SCHOOL BOARD PLACE VII,,GREG SPENCE,NP,16,0,0,0,16,16,0
El Paso,173-TORNILLO ADMIN BLD,TORNILLO ISD BOARD OF TRUSTEES PLACE 1,,MARIA KIKA SALDANA,NP,202,2,175,2,381,204,177
El Paso,173-TORNILLO ADMIN BLD,TORNILLO ISD BOARD OF TRUSTEES PLACE 1,,STEPHANIE ZAVALA,NP,59,0,32,0,91,59,32
El Paso,173-TORNILLO ADMIN BLD,TORNILLO ISD BOARD OF TRUSTEES PLACE 2,,SALLY UPCHURCH,NP,187,2,151,1,341,189,152
El Paso,173-TORNILLO ADMIN BLD,TORNILLO ISD BOARD OF TRUSTEES PLACE 2,,DANIEL AVILA,NP,72,0,49,0,121,72,49
El Paso,173-TORNILLO ADMIN BLD,TORNILLO ISD BOARD OF TRUSTEES PLACE 3,,MARLENE BULLARD,NP,170,2,139,2,313,172,141
El Paso,173-TORNILLO ADMIN BLD,TORNILLO ISD BOARD OF TRUSTEES PLACE 3,,ARTURO SANTILLANA,NP,91,0,62,0,153,91,62
El Paso,173-TORNILLO ADMIN BLD,STRAIGHT PARTY,,REPUBLICAN,REP,42,0,25,0,67,42,25
El Paso,173-TORNILLO ADMIN BLD,STRAIGHT PARTY,,DEMOCRAT,DEM,151,2,147,1,301,153,148
El Paso,173-TORNILLO ADMIN BLD,STRAIGHT PARTY,,LIBERTARIAN,LIB,2,0,0,0,2,2,0
El Paso,173-TORNILLO ADMIN BLD,STRAIGHT PARTY,,GREEN,GRN,2,0,0,0,2,2,0
El Paso,173-TORNILLO ADMIN BLD,US PRESIDENT,,MITT ROMNEY,REP,77,0,37,0,114,77,37
El Paso,173-TORNILLO ADMIN BLD,US PRESIDENT,,BARACK OBAMA,DEM,216,2,179,2,399,218,181
El Paso,173-TORNILLO ADMIN BLD,US PRESIDENT,,GARY JOHNSON,LIB,1,0,0,0,1,1,0
El Paso,173-TORNILLO ADMIN BLD,US PRESIDENT,,JILL STEIN,GRN,3,0,1,0,4,3,1
El Paso,173-TORNILLO ADMIN BLD,US PRESIDENT,,WRITE-IN,NP,0,0,0,0,0,0,0
El Paso,173-TORNILLO ADMIN BLD,US SENATOR,,TED CRUZ,REP,83,0,41,0,124,83,41
El Paso,173-TORNILLO ADMIN BLD,US SENATOR,,PAUL SADLER,DEM,181,2,164,1,348,183,165
El Paso,173-TORNILLO ADMIN BLD,US SENATOR,,JOHN JAY MYERS,LIB,4,0,4,0,8,4,4
El Paso,173-TORNILLO ADMIN BLD,US SENATOR,,DAVID B. COLLINS,GRN,6,0,0,0,6,6,0
El Paso,173-TORNILLO ADMIN BLD,US REP DISTRICT 23,,FRANCISCO QUICO CANS,REP,75,0,37,0,112,75,37
El Paso,173-TORNILLO ADMIN BLD,US REP DISTRICT 23,,PETE P. GALLEGO,DEM,191,2,171,1,365,193,172
El Paso,173-TORNILLO ADMIN BLD,US REP DISTRICT 23,,JEFFREY C. BLUNT,LIB,7,0,0,0,7,7,0
El Paso,173-TORNILLO ADMIN BLD,US REP DISTRICT 23,,ED SCHARF,GRN,4,0,0,0,4,4,0
El Paso,173-TORNILLO ADMIN BLD,RAILROAD COMMISSIONER,,CHRISTI CRADDICK,REP,72,0,37,0,109,72,37
El Paso,173-TORNILLO ADMIN BLD,RAILROAD COMMISSIONER,,DALE HENRY,DEM,187,2,168,1,358,189,169
El Paso,173-TORNILLO ADMIN BLD,RAILROAD COMMISSIONER,,VIVEKANANDA (VIK) WA,LIB,5,0,0,0,5,5,0
El Paso,173-TORNILLO ADMIN BLD,RAILROAD COMMISSIONER,,CHRIS KENNEDY,GRN,11,0,2,0,13,11,2
El Paso,173-TORNILLO ADMIN BLD,RAILROAD COMMISSIONER,,BARRY SMITHERMAN,REP,94,0,56,0,150,94,56
El Paso,173-TORNILLO ADMIN BLD,RAILROAD COMMISSIONER,,JAIME O. PEREZ,LIB,110,0,79,0,189,110,79
El Paso,173-TORNILLO ADMIN BLD,RAILROAD COMMISSIONER,,JOSH WENDEL,GRN,15,0,5,0,20,15,5
El Paso,173-TORNILLO ADMIN BLD,"JUSTICE, SUPREME COURT, PLACE 2",,DON WILLETT,REP,130,0,84,0,214,130,84
El Paso,173-TORNILLO ADMIN BLD,"JUSTICE, SUPREME COURT, PLACE 2",,RS ROBERT KOELSCH,LIB,74,0,50,0,124,74,50
El Paso,173-TORNILLO ADMIN BLD,"JUSTICE, SUPREME COURT, PLACE 4",,JOHN DEVINE,REP,109,0,71,0,180,109,71
El Paso,173-TORNILLO ADMIN BLD,"JUSTICE, SUPREME COURT, PLACE 4",,TOM OXFORD,LIB,66,0,38,0,104,66,38
El Paso,173-TORNILLO ADMIN BLD,"JUSTICE, SUPREME COURT, PLACE 4",,CHARLES E. WATERBURY,GRN,29,0,23,0,52,29,23
El Paso,173-TORNILLO ADMIN BLD,"JUSTICE, SUPREME COURT, PLACE 6",,NATHAN HECHT,REP,69,0,34,0,103,69,34
El Paso,173-TORNILLO ADMIN BLD,"JUSTICE, SUPREME COURT, PLACE 6",,MICHELE PETTY,DEM,187,2,167,1,357,189,168
El Paso,173-TORNILLO ADMIN BLD,"JUSTICE, SUPREME COURT, PLACE 6",,MARK ASH,LIB,12,0,2,0,14,12,2
El Paso,173-TORNILLO ADMIN BLD,"JUSTICE, SUPREME COURT, PLACE 6",,JIM CHISHOLM,GRN,7,0,3,0,10,7,3
El Paso,173-TORNILLO ADMIN BLD,"PRESIDING JUDGE, COURT OF CRIMINAL APPEALS",,SHARON KELLER,REP,75,0,41,0,116,75,41
El Paso,173-TORNILLO ADMIN BLD,"PRESIDING JUDGE, COURT OF CRIMINAL APPEALS",,KEITH HAMPTON,DEM,188,2,162,1,353,190,163
El Paso,173-TORNILLO ADMIN BLD,"PRESIDING JUDGE, COURT OF CRIMINAL APPEALS",,LANCE STOTT,LIB,12,0,1,0,13,12,1
El Paso,173-TORNILLO ADMIN BLD,"JUDGE, COURT OF CRIMINAL APPEALS, PLACE 7",,BARBARA PARKER HERVE,REP,129,0,83,0,212,129,83
El Paso,173-TORNILLO ADMIN BLD,"JUDGE, COURT OF CRIMINAL APPEALS, PLACE 7",,MARK W. BENNETT,LIB,79,0,50,0,129,79,50
El Paso,173-TORNILLO ADMIN BLD,"JUDGE, COURT OF CRIMINAL APPEALS, PLACE 8",,ELSA ALCALA,REP,134,0,90,0,224,134,90
El Paso,173-TORNILLO ADMIN BLD,"JUDGE, COURT OF CRIMINAL APPEALS, PLACE 8",,WILLIAM BRYAN STRANG,LIB,70,0,42,0,112,70,42
El Paso,173-TORNILLO ADMIN BLD,MEMBER STATE BOARD OF EDUCATION DISTRICT 1,,CARLOS CHARLIE GARZA,REP,87,0,38,0,125,87,38
El Paso,173-TORNILLO ADMIN BLD,MEMBER STATE BOARD OF EDUCATION DISTRICT 1,,MARTHA M. DOMINGUEZ,DEM,188,2,168,1,359,190,169
El Paso,173-TORNILLO ADMIN BLD,STATE SENATOR DISTRICT 29,,DAN CHAVEZ,REP,76,0,36,0,112,76,36
El Paso,173-TORNILLO ADMIN BLD,STATE SENATOR DISTRICT 29,,JOSE R. RODRIGUEZ,DEM,196,2,174,1,373,198,175
El Paso,173-TORNILLO ADMIN BLD,STATE REPRESENTATIVE DISTRICT 75,,MARY E. GONZALEZ,DEM,204,2,177,1,384,206,178
El Paso,173-TORNILLO ADMIN BLD,"CHIEF JUSTICE, COURT OF APPEALS 8TH DISTRICT",,ANN CRAWFORD MCCLURE,DEM,202,2,169,1,374,204,170
El Paso,173-TORNILLO ADMIN BLD,"JUSTICE, 8TH COURT OF APPEALS DISTRICT, PLACE 2",,CHRIS ANTCLIFF,REP,74,0,30,0,104,74,30
El Paso,173-TORNILLO ADMIN BLD,"JUSTICE, 8TH COURT OF APPEALS DISTRICT, PLACE 2",,YVONNE RODRIGUEZ,DEM,197,2,177,1,377,199,178
El Paso,173-TORNILLO ADMIN BLD,"JUSTICE, 8TH COURT OF APPEALS DISTRICT, PLACE 3",,GUADALUPE LUPE RIVER,DEM,210,2,177,1,390,212,178
El Paso,173-TORNILLO ADMIN BLD,"DISTRICT JUDGE, 34TH JUDICIAL DISTRICT",,BILL MOODY,DEM,206,2,174,1,383,208,175
El Paso,173-TORNILLO ADMIN BLD,"DISTRICT JUDGE, 41ST JUDICIAL DISTRICT",,ANNA PEREZ,DEM,204,2,170,1,377,206,171
El Paso,173-TORNILLO ADMIN BLD,"DISTRICT JUDGE, 243RD JUDICIAL DISTRICT",,BILLY DON HICKS,REP,81,0,31,0,112,81,31
El Paso,173-TORNILLO ADMIN BLD,"DISTRICT JUDGE, 243RD JUDICIAL DISTRICT",,LUIS AGUILAR,DEM,192,2,170,1,365,194,171
El Paso,173-TORNILLO ADMIN BLD,"DISTRICT JUDGE, 346TH JUDICIAL DISTRICT",,ANGIE J. BARILL,DEM,207,2,174,1,384,209,175
El Paso,173-TORNILLO ADMIN BLD,"DISTRICT JUDGE, 383RD JUDICIAL DISTRICT",,MIKE HERRERA,DEM,206,2,170,1,379,208,171
El Paso,173-TORNILLO ADMIN BLD,"DISTRICT JUDGE, 384TH JUDICIAL DISTRICT",,PATRICK M. GARCIA,DEM,206,2,172,1,381,208,173
El Paso,173-TORNILLO ADMIN BLD,"DISTRICT JUDGE, 388TH JUDICIAL DISTRICT",,LAURA STRATHMANN,DEM,206,2,171,1,380,208,172
El Paso,173-TORNILLO ADMIN BLD,"DISTRICT JUDGE, 409TH JUDICIAL DISTRICT",,SAM MEDRANO JR,DEM,206,2,172,1,381,208,173
El Paso,173-TORNILLO ADMIN BLD,"DISTRICT JUDGE, 448TH JUDICIAL DISTRICT",,SERGIO H. ENRIQUEZ,DEM,209,2,172,1,384,211,173
El Paso,173-TORNILLO ADMIN BLD,"CRIMINAL DISTRICT JUDGE, COURT NO. 1",,DIANE NAVARRETE,DEM,205,2,175,1,383,207,176
El Paso,173-TORNILLO ADMIN BLD,"FAMILY DISTRICT JUDGE, 65TH JUDICIAL DISTRICT",,YAHARA L. GUTIERREZ,DEM,206,2,170,1,379,208,171
El Paso,173-TORNILLO ADMIN BLD,"DISTRICT ATTORNEY, 34TH JUDICIAL DISTRICT",,JAIME ESPARZA,DEM,214,2,176,1,393,216,177
El Paso,173-TORNILLO ADMIN BLD,"JUDGE, COUNTY CRIMINAL COURT NO. 3",,CARLOS CARRASCO,DEM,207,2,175,1,385,209,176
El Paso,173-TORNILLO ADMIN BLD,"JUDGE, COUNTY CRIMINAL COURT NO. 4",,JESUS HERRERA,DEM,208,2,176,1,387,210,177
El Paso,173-TORNILLO ADMIN BLD,COUNTY ATTORNEY,,JO ANNE BERNAL,DEM,209,2,176,1,388,211,177
El Paso,173-TORNILLO ADMIN BLD,SHERIFF,,RICHARD D. WILES,DEM,217,2,178,1,398,219,179
El Paso,173-TORNILLO ADMIN BLD,COUNTY TAX ASSESSOR COLLECTOR,,VICTOR A. FLORES,DEM,222,2,178,1,403,224,179
El Paso,173-TORNILLO ADMIN BLD,"COUNTY COMMISSIONER, PRECINCT NO. 3",,FRED CHAVEZ,REP,78,0,36,0,114,78,36
El Paso,173-TORNILLO ADMIN BLD,"COUNTY COMMISSIONER, PRECINCT NO. 3",,VINCENT VINCE PEREZ,DEM,190,2,170,1,363,192,171
El Paso,173-TORNILLO ADMIN BLD,"CONSTABLE, PRECINCT NO. 6",,JAVIER GARCIA,DEM,211,2,182,1,396,213,183
El Paso,174-BONHAM ELEMENTARY,"CITY OF EL PASO, PROPOSITION",,FOR (A FAVOR),NP,1,1,1,0,3,2,1
El Paso,174-BONHAM ELEMENTARY,"CITY OF EL PASO, PROPOSITION",,AGAINST (EN CONTRA),NP,1,0,0,0,1,1,0
El Paso,174-BONHAM ELEMENTARY,"CITY OF EL PASO, PROPOSITION",,FOR (A FAVOR),NP,1,1,1,0,3,2,1
El Paso,174-BONHAM ELEMENTARY,"CITY OF EL PASO, PROPOSITION",,AGAINST (EN CONTRA),NP,1,0,0,0,1,1,0
El Paso,174-BONHAM ELEMENTARY,"CITY OF EL PASO, PROPOSITION",,FOR (A FAVOR),NP,2,1,1,0,4,3,1
El Paso,174-BONHAM ELEMENTARY,"CITY OF EL PASO, PROPOSITION",,AGAINST (EN CONTRA),NP,0,0,0,0,0,0,0
El Paso,174-BONHAM ELEMENTARY,STRAIGHT PARTY,,REPUBLICAN,REP,1,0,0,0,1,1,0
El Paso,174-BONHAM ELEMENTARY,STRAIGHT PARTY,,DEMOCRAT,DEM,1,1,0,0,2,2,0
El Paso,174-BONHAM ELEMENTARY,STRAIGHT PARTY,,LIBERTARIAN,LIB,0,0,0,0,0,0,0
El Paso,174-BONHAM ELEMENTARY,STRAIGHT PARTY,,GREEN,GRN,0,0,0,0,0,0,0
El Paso,174-BONHAM ELEMENTARY,US PRESIDENT,,MITT ROMNEY,REP,1,0,0,0,1,1,0
El Paso,174-BONHAM ELEMENTARY,US PRESIDENT,,BARACK OBAMA,DEM,1,1,1,0,3,2,1
El Paso,174-BONHAM ELEMENTARY,US PRESIDENT,,GARY JOHNSON,LIB,0,0,0,0,0,0,0
El Paso,174-BONHAM ELEMENTARY,US PRESIDENT,,JILL STEIN,GRN,0,0,0,0,0,0,0
El Paso,174-BONHAM ELEMENTARY,US PRESIDENT,,WRITE-IN,NP,0,0,0,0,0,0,0
El Paso,174-BONHAM ELEMENTARY,US SENATOR,,TED CRUZ,REP,1,0,1,0,2,1,1
El Paso,174-BONHAM ELEMENTARY,US SENATOR,,PAUL SADLER,DEM,1,1,0,0,2,2,0
El Paso,174-BONHAM ELEMENTARY,US SENATOR,,JOHN JAY MYERS,LIB,0,0,0,0,0,0,0
El Paso,174-BONHAM ELEMENTARY,US SENATOR,,DAVID B. COLLINS,GRN,0,0,0,0,0,0,0
El Paso,174-BONHAM ELEMENTARY,US REP DISTRICT 16,,BARBARA CARRASCO,REP,1,0,1,0,2,1,1
El Paso,174-BONHAM ELEMENTARY,US REP DISTRICT 16,,BETO OROURKE,DEM,1,1,0,0,2,2,0
El Paso,174-BONHAM ELEMENTARY,US REP DISTRICT 16,,JUNART SODOY,LIB,0,0,0,0,0,0,0
El Paso,174-BONHAM ELEMENTARY,RAILROAD COMMISSIONER,,CHRISTI CRADDICK,REP,1,0,0,0,1,1,0
El Paso,174-BONHAM ELEMENTARY,RAILROAD COMMISSIONER,,DALE HENRY,DEM,0,1,1,0,2,1,1
El Paso,174-BONHAM ELEMENTARY,RAILROAD COMMISSIONER,,VIVEKANANDA (VIK) WA,LIB,0,0,0,0,0,0,0
El Paso,174-BONHAM ELEMENTARY,RAILROAD COMMISSIONER,,CHRIS KENNEDY,GRN,0,0,0,0,0,0,0
El Paso,174-BONHAM ELEMENTARY,RAILROAD COMMISSIONER,,BARRY SMITHERMAN,REP,1,0,0,0,1,1,0
El Paso,174-BONHAM ELEMENTARY,RAILROAD COMMISSIONER,,JAIME O. PEREZ,LIB,0,0,1,0,1,0,1
El Paso,174-BONHAM ELEMENTARY,RAILROAD COMMISSIONER,,JOSH WENDEL,GRN,0,0,0,0,0,0,0
El Paso,174-BONHAM ELEMENTARY,"JUSTICE, SUPREME COURT, PLACE 2",,DON WILLETT,REP,1,0,0,0,1,1,0
El Paso,174-BONHAM ELEMENTARY,"JUSTICE, SUPREME COURT, PLACE 2",,RS ROBERT KOELSCH,LIB,0,0,1,0,1,0,1
El Paso,174-BONHAM ELEMENTARY,"JUSTICE, SUPREME COURT, PLACE 4",,JOHN DEVINE,REP,1,0,0,0,1,1,0
El Paso,174-BONHAM ELEMENTARY,"JUSTICE, SUPREME COURT, PLACE 4",,TOM OXFORD,LIB,0,0,1,0,1,0,1
El Paso,174-BONHAM ELEMENTARY,"JUSTICE, SUPREME COURT, PLACE 4",,CHARLES E. WATERBURY,GRN,0,0,0,0,0,0,0
El Paso,174-BONHAM ELEMENTARY,"JUSTICE, SUPREME COURT, PLACE 6",,NATHAN HECHT,REP,1,0,0,0,1,1,0
El Paso,174-BONHAM ELEMENTARY,"JUSTICE, SUPREME COURT, PLACE 6",,MICHELE PETTY,DEM,1,1,1,0,3,2,1
El Paso,174-BONHAM ELEMENTARY,"JUSTICE, SUPREME COURT, PLACE 6",,MARK ASH,LIB,0,0,0,0,0,0,0
El Paso,174-BONHAM ELEMENTARY,"JUSTICE, SUPREME COURT, PLACE 6",,JIM CHISHOLM,GRN,0,0,0,0,0,0,0
El Paso,174-BONHAM ELEMENTARY,"PRESIDING JUDGE, COURT OF CRIMINAL APPEALS",,SHARON KELLER,REP,1,0,0,0,1,1,0
El Paso,174-BONHAM ELEMENTARY,"PRESIDING JUDGE, COURT OF CRIMINAL APPEALS",,KEITH HAMPTON,DEM,1,1,1,0,3,2,1
El Paso,174-BONHAM ELEMENTARY,"PRESIDING JUDGE, COURT OF CRIMINAL APPEALS",,LANCE STOTT,LIB,0,0,0,0,0,0,0
El Paso,174-BONHAM ELEMENTARY,"JUDGE, COURT OF CRIMINAL APPEALS, PLACE 7",,BARBARA PARKER HERVE,REP,1,0,0,0,1,1,0
El Paso,174-BONHAM ELEMENTARY,"JUDGE, COURT OF CRIMINAL APPEALS, PLACE 7",,MARK W. BENNETT,LIB,0,0,1,0,1,0,1
El Paso,174-BONHAM ELEMENTARY,"JUDGE, COURT OF CRIMINAL APPEALS, PLACE 8",,ELSA ALCALA,REP,1,0,1,0,2,1,1
El Paso,174-BONHAM ELEMENTARY,"JUDGE, COURT OF CRIMINAL APPEALS, PLACE 8",,WILLIAM BRYAN STRANG,LIB,0,0,0,0,0,0,0
El Paso,174-BONHAM ELEMENTARY,MEMBER STATE BOARD OF EDUCATION DISTRICT 1,,CARLOS CHARLIE GARZA,REP,1,0,0,0,1,1,0
El Paso,174-BONHAM ELEMENTARY,MEMBER STATE BOARD OF EDUCATION DISTRICT 1,,MARTHA M. DOMINGUEZ,DEM,1,1,1,0,3,2,1
El Paso,174-BONHAM ELEMENTARY,STATE SENATOR DISTRICT 29,,DAN CHAVEZ,REP,1,0,0,0,1,1,0
El Paso,174-BONHAM ELEMENTARY,STATE SENATOR DISTRICT 29,,JOSE R. RODRIGUEZ,DEM,1,1,1,0,3,2,1
El Paso,174-BONHAM ELEMENTARY,STATE REPRESENTATIVE DISTRICT 79,,JOE C. PICKETT,DEM,1,1,1,0,3,2,1
El Paso,174-BONHAM ELEMENTARY,"CHIEF JUSTICE, COURT OF APPEALS 8TH DISTRICT",,ANN CRAWFORD MCCLURE,DEM,1,1,1,0,3,2,1
El Paso,174-BONHAM ELEMENTARY,"JUSTICE, 8TH COURT OF APPEALS DISTRICT, PLACE 2",,CHRIS ANTCLIFF,REP,1,0,0,0,1,1,0
El Paso,174-BONHAM ELEMENTARY,"JUSTICE, 8TH COURT OF APPEALS DISTRICT, PLACE 2",,YVONNE RODRIGUEZ,DEM,1,1,1,0,3,2,1
El Paso,174-BONHAM ELEMENTARY,"JUSTICE, 8TH COURT OF APPEALS DISTRICT, PLACE 3",,GUADALUPE LUPE RIVER,DEM,1,1,1,0,3,2,1
El Paso,174-BONHAM ELEMENTARY,"DISTRICT JUDGE, 34TH JUDICIAL DISTRICT",,BILL MOODY,DEM,1,1,1,0,3,2,1
El Paso,174-BONHAM ELEMENTARY,"DISTRICT JUDGE, 41ST JUDICIAL DISTRICT",,ANNA PEREZ,DEM,0,1,1,0,2,1,1
El Paso,174-BONHAM ELEMENTARY,"DISTRICT JUDGE, 243RD JUDICIAL DISTRICT",,BILLY DON HICKS,REP,1,0,0,0,1,1,0
El Paso,174-BONHAM ELEMENTARY,"DISTRICT JUDGE, 243RD JUDICIAL DISTRICT",,LUIS AGUILAR,DEM,1,1,1,0,3,2,1
El Paso,174-BONHAM ELEMENTARY,"DISTRICT JUDGE, 346TH JUDICIAL DISTRICT",,ANGIE J. BARILL,DEM,1,1,1,0,3,2,1
El Paso,174-BONHAM ELEMENTARY,"DISTRICT JUDGE, 383RD JUDICIAL DISTRICT",,MIKE HERRERA,DEM,1,1,1,0,3,2,1
El Paso,174-BONHAM ELEMENTARY,"DISTRICT JUDGE, 384TH JUDICIAL DISTRICT",,PATRICK M. GARCIA,DEM,1,1,1,0,3,2,1
El Paso,174-BONHAM ELEMENTARY,"DISTRICT JUDGE, 388TH JUDICIAL DISTRICT",,LAURA STRATHMANN,DEM,1,1,1,0,3,2,1
El Paso,174-BONHAM ELEMENTARY,"DISTRICT JUDGE, 409TH JUDICIAL DISTRICT",,SAM MEDRANO JR,DEM,1,1,1,0,3,2,1
El Paso,174-BONHAM ELEMENTARY,"DISTRICT JUDGE, 448TH JUDICIAL DISTRICT",,SERGIO H. ENRIQUEZ,DEM,1,1,1,0,3,2,1
El Paso,174-BONHAM ELEMENTARY,"CRIMINAL DISTRICT JUDGE, COURT NO. 1",,DIANE NAVARRETE,DEM,1,1,1,0,3,2,1
El Paso,174-BONHAM ELEMENTARY,"FAMILY DISTRICT JUDGE, 65TH JUDICIAL DISTRICT",,YAHARA L. GUTIERREZ,DEM,1,1,1,0,3,2,1
El Paso,174-BONHAM ELEMENTARY,"DISTRICT ATTORNEY, 34TH JUDICIAL DISTRICT",,JAIME ESPARZA,DEM,1,1,1,0,3,2,1
El Paso,174-BONHAM ELEMENTARY,"JUDGE, COUNTY CRIMINAL COURT NO. 3",,CARLOS CARRASCO,DEM,1,1,1,0,3,2,1
El Paso,174-BONHAM ELEMENTARY,"JUDGE, COUNTY CRIMINAL COURT NO. 4",,JESUS HERRERA,DEM,1,1,1,0,3,2,1
El Paso,174-BONHAM ELEMENTARY,COUNTY ATTORNEY,,JO ANNE BERNAL,DEM,1,1,1,0,3,2,1
El Paso,174-BONHAM ELEMENTARY,SHERIFF,,RICHARD D. WILES,DEM,1,1,1,0,3,2,1
El Paso,174-BONHAM ELEMENTARY,COUNTY TAX ASSESSOR COLLECTOR,,VICTOR A. FLORES,DEM,1,1,1,0,3,2,1
El Paso,174-BONHAM ELEMENTARY,"CONSTABLE, PRECINCT NO. 3",,HECTOR BERNAL,DEM,1,1,1,0,3,2,1
El Paso,175-SCOTSDALE ELEMENTARY,"CITY OF EL PASO, PROPOSITION",,FOR (A FAVOR),NP,29,1,37,0,67,30,37
El Paso,175-SCOTSDALE ELEMENTARY,"CITY OF EL PASO, PROPOSITION",,AGAINST (EN CONTRA),NP,19,1,18,0,38,20,18
El Paso,175-SCOTSDALE ELEMENTARY,"CITY OF EL PASO, PROPOSITION",,FOR (A FAVOR),NP,25,1,36,0,62,26,36
El Paso,175-SCOTSDALE ELEMENTARY,"CITY OF EL PASO, PROPOSITION",,AGAINST (EN CONTRA),NP,21,1,20,0,42,22,20
El Paso,175-SCOTSDALE ELEMENTARY,"CITY OF EL PASO, PROPOSITION",,FOR (A FAVOR),NP,18,1,33,0,52,19,33
El Paso,175-SCOTSDALE ELEMENTARY,"CITY OF EL PASO, PROPOSITION",,AGAINST (EN CONTRA),NP,30,1,25,0,56,31,25
El Paso,175-SCOTSDALE ELEMENTARY,STRAIGHT PARTY,,REPUBLICAN,REP,8,0,16,0,24,8,16
El Paso,175-SCOTSDALE ELEMENTARY,STRAIGHT PARTY,,DEMOCRAT,DEM,20,0,27,0,47,20,27
El Paso,175-SCOTSDALE ELEMENTARY,STRAIGHT PARTY,,LIBERTARIAN,LIB,0,0,0,0,0,0,0
El Paso,175-SCOTSDALE ELEMENTARY,STRAIGHT PARTY,,GREEN,GRN,0,0,0,0,0,0,0
El Paso,175-SCOTSDALE ELEMENTARY,US PRESIDENT,,MITT ROMNEY,REP,13,1,18,0,32,14,18
El Paso,175-SCOTSDALE ELEMENTARY,US PRESIDENT,,BARACK OBAMA,DEM,34,1,39,0,74,35,39
El Paso,175-SCOTSDALE ELEMENTARY,US PRESIDENT,,GARY JOHNSON,LIB,0,0,1,0,1,0,1
El Paso,175-SCOTSDALE ELEMENTARY,US PRESIDENT,,JILL STEIN,GRN,1,0,0,0,1,1,0
El Paso,175-SCOTSDALE ELEMENTARY,US PRESIDENT,,WRITE-IN,NP,0,0,0,0,0,0,0
El Paso,175-SCOTSDALE ELEMENTARY,US SENATOR,,TED CRUZ,REP,14,1,22,0,37,15,22
El Paso,175-SCOTSDALE ELEMENTARY,US SENATOR,,PAUL SADLER,DEM,31,0,30,0,61,31,30
El Paso,175-SCOTSDALE ELEMENTARY,US SENATOR,,JOHN JAY MYERS,LIB,1,0,3,0,4,1,3
El Paso,175-SCOTSDALE ELEMENTARY,US SENATOR,,DAVID B. COLLINS,GRN,0,1,2,0,3,1,2
El Paso,175-SCOTSDALE ELEMENTARY,US REP DISTRICT 16,,BARBARA CARRASCO,REP,11,0,26,0,37,11,26
El Paso,175-SCOTSDALE ELEMENTARY,US REP DISTRICT 16,,BETO OROURKE,DEM,34,2,31,0,67,36,31
El Paso,175-SCOTSDALE ELEMENTARY,US REP DISTRICT 16,,JUNART SODOY,LIB,2,0,1,0,3,2,1
El Paso,175-SCOTSDALE ELEMENTARY,RAILROAD COMMISSIONER,,CHRISTI CRADDICK,REP,12,1,17,0,30,13,17
El Paso,175-SCOTSDALE ELEMENTARY,RAILROAD COMMISSIONER,,DALE HENRY,DEM,32,1,35,0,68,33,35
El Paso,175-SCOTSDALE ELEMENTARY,RAILROAD COMMISSIONER,,VIVEKANANDA (VIK) WA,LIB,0,0,2,0,2,0,2
El Paso,175-SCOTSDALE ELEMENTARY,RAILROAD COMMISSIONER,,CHRIS KENNEDY,GRN,1,0,1,0,2,1,1
El Paso,175-SCOTSDALE ELEMENTARY,RAILROAD COMMISSIONER,,BARRY SMITHERMAN,REP,14,1,21,0,36,15,21
El Paso,175-SCOTSDALE ELEMENTARY,RAILROAD COMMISSIONER,,JAIME O. PEREZ,LIB,19,0,17,0,36,19,17
El Paso,175-SCOTSDALE ELEMENTARY,RAILROAD COMMISSIONER,,JOSH WENDEL,GRN,6,0,8,0,14,6,8
El Paso,175-SCOTSDALE ELEMENTARY,"JUSTICE, SUPREME COURT, PLACE 2",,DON WILLETT,REP,22,1,23,0,46,23,23
El Paso,175-SCOTSDALE ELEMENTARY,"JUSTICE, SUPREME COURT, PLACE 2",,RS ROBERT KOELSCH,LIB,14,0,21,0,35,14,21
El Paso,175-SCOTSDALE ELEMENTARY,"JUSTICE, SUPREME COURT, PLACE 4",,JOHN DEVINE,REP,17,1,24,0,42,18,24
El Paso,175-SCOTSDALE ELEMENTARY,"JUSTICE, SUPREME COURT, PLACE 4",,TOM OXFORD,LIB,12,0,11,0,23,12,11
El Paso,175-SCOTSDALE ELEMENTARY,"JUSTICE, SUPREME COURT, PLACE 4",,CHARLES E. WATERBURY,GRN,7,0,9,0,16,7,9
El Paso,175-SCOTSDALE ELEMENTARY,"JUSTICE, SUPREME COURT, PLACE 6",,NATHAN HECHT,REP,12,0,20,0,32,12,20
El Paso,175-SCOTSDALE ELEMENTARY,"JUSTICE, SUPREME COURT, PLACE 6",,MICHELE PETTY,DEM,32,0,30,0,62,32,30
El Paso,175-SCOTSDALE ELEMENTARY,"JUSTICE, SUPREME COURT, PLACE 6",,MARK ASH,LIB,1,1,2,0,4,2,2
El Paso,175-SCOTSDALE ELEMENTARY,"JUSTICE, SUPREME COURT, PLACE 6",,JIM CHISHOLM,GRN,1,0,3,0,4,1,3
El Paso,175-SCOTSDALE ELEMENTARY,"PRESIDING JUDGE, COURT OF CRIMINAL APPEALS",,SHARON KELLER,REP,12,1,19,0,32,13,19
El Paso,175-SCOTSDALE ELEMENTARY,"PRESIDING JUDGE, COURT OF CRIMINAL APPEALS",,KEITH HAMPTON,DEM,32,0,33,0,65,32,33
El Paso,175-SCOTSDALE ELEMENTARY,"PRESIDING JUDGE, COURT OF CRIMINAL APPEALS",,LANCE STOTT,LIB,2,0,2,0,4,2,2
El Paso,175-SCOTSDALE ELEMENTARY,"JUDGE, COURT OF CRIMINAL APPEALS, PLACE 7",,BARBARA PARKER HERVE,REP,19,1,28,0,48,20,28
El Paso,175-SCOTSDALE ELEMENTARY,"JUDGE, COURT OF CRIMINAL APPEALS, PLACE 7",,MARK W. BENNETT,LIB,17,0,18,0,35,17,18
El Paso,175-SCOTSDALE ELEMENTARY,"JUDGE, COURT OF CRIMINAL APPEALS, PLACE 8",,ELSA ALCALA,REP,20,0,32,0,52,20,32
El Paso,175-SCOTSDALE ELEMENTARY,"JUDGE, COURT OF CRIMINAL APPEALS, PLACE 8",,WILLIAM BRYAN STRANG,LIB,16,1,13,0,30,17,13
El Paso,175-SCOTSDALE ELEMENTARY,MEMBER STATE BOARD OF EDUCATION DISTRICT 1,,CARLOS CHARLIE GARZA,REP,12,1,17,0,30,13,17
El Paso,175-SCOTSDALE ELEMENTARY,MEMBER STATE BOARD OF EDUCATION DISTRICT 1,,MARTHA M. DOMINGUEZ,DEM,34,0,38,0,72,34,38
El Paso,175-SCOTSDALE ELEMENTARY,STATE SENATOR DISTRICT 29,,DAN CHAVEZ,REP,13,0,20,0,33,13,20
El Paso,175-SCOTSDALE ELEMENTARY,STATE SENATOR DISTRICT 29,,JOSE R. RODRIGUEZ,DEM,34,0,35,0,69,34,35
El Paso,175-SCOTSDALE ELEMENTARY,STATE REPRESENTATIVE DISTRICT 76,,NAOMI R. GONZALEZ,DEM,33,0,39,0,72,33,39
El Paso,175-SCOTSDALE ELEMENTARY,"CHIEF JUSTICE, COURT OF APPEALS 8TH DISTRICT",,ANN CRAWFORD MCCLURE,DEM,34,0,38,0,72,34,38
El Paso,175-SCOTSDALE ELEMENTARY,"JUSTICE, 8TH COURT OF APPEALS DISTRICT, PLACE 2",,CHRIS ANTCLIFF,REP,14,1,18,0,33,15,18
El Paso,175-SCOTSDALE ELEMENTARY,"JUSTICE, 8TH COURT OF APPEALS DISTRICT, PLACE 2",,YVONNE RODRIGUEZ,DEM,32,0,37,0,69,32,37
El Paso,175-SCOTSDALE ELEMENTARY,"JUSTICE, 8TH COURT OF APPEALS DISTRICT, PLACE 3",,GUADALUPE LUPE RIVER,DEM,31,0,38,0,69,31,38
El Paso,175-SCOTSDALE ELEMENTARY,"DISTRICT JUDGE, 34TH JUDICIAL DISTRICT",,BILL MOODY,DEM,33,0,39,0,72,33,39
El Paso,175-SCOTSDALE ELEMENTARY,"DISTRICT JUDGE, 41ST JUDICIAL DISTRICT",,ANNA PEREZ,DEM,33,0,39,0,72,33,39
El Paso,175-SCOTSDALE ELEMENTARY,"DISTRICT JUDGE, 243RD JUDICIAL DISTRICT",,BILLY DON HICKS,REP,20,1,23,0,44,21,23
El Paso,175-SCOTSDALE ELEMENTARY,"DISTRICT JUDGE, 243RD JUDICIAL DISTRICT",,LUIS AGUILAR,DEM,27,0,32,0,59,27,32
El Paso,175-SCOTSDALE ELEMENTARY,"DISTRICT JUDGE, 346TH JUDICIAL DISTRICT",,ANGIE J. BARILL,DEM,35,0,37,0,72,35,37
El Paso,175-SCOTSDALE ELEMENTARY,"DISTRICT JUDGE, 383RD JUDICIAL DISTRICT",,MIKE HERRERA,DEM,34,0,38,0,72,34,38
El Paso,175-SCOTSDALE ELEMENTARY,"DISTRICT JUDGE, 384TH JUDICIAL DISTRICT",,PATRICK M. GARCIA,DEM,34,0,38,0,72,34,38
El Paso,175-SCOTSDALE ELEMENTARY,"DISTRICT JUDGE, 388TH JUDICIAL DISTRICT",,LAURA STRATHMANN,DEM,33,0,37,0,70,33,37
El Paso,175-SCOTSDALE ELEMENTARY,"DISTRICT JUDGE, 409TH JUDICIAL DISTRICT",,SAM MEDRANO JR,DEM,32,0,38,0,70,32,38
El Paso,175-SCOTSDALE ELEMENTARY,"DISTRICT JUDGE, 448TH JUDICIAL DISTRICT",,SERGIO H. ENRIQUEZ,DEM,31,0,38,0,69,31,38
El Paso,175-SCOTSDALE ELEMENTARY,"CRIMINAL DISTRICT JUDGE, COURT NO. 1",,DIANE NAVARRETE,DEM,31,0,38,0,69,31,38
El Paso,175-SCOTSDALE ELEMENTARY,"FAMILY DISTRICT JUDGE, 65TH JUDICIAL DISTRICT",,YAHARA L. GUTIERREZ,DEM,31,0,37,0,68,31,37
El Paso,175-SCOTSDALE ELEMENTARY,"DISTRICT ATTORNEY, 34TH JUDICIAL DISTRICT",,JAIME ESPARZA,DEM,33,0,36,0,69,33,36
El Paso,175-SCOTSDALE ELEMENTARY,"JUDGE, COUNTY CRIMINAL COURT NO. 3",,CARLOS CARRASCO,DEM,31,0,37,0,68,31,37
El Paso,175-SCOTSDALE ELEMENTARY,"JUDGE, COUNTY CRIMINAL COURT NO. 4",,JESUS HERRERA,DEM,32,0,37,0,69,32,37
El Paso,175-SCOTSDALE ELEMENTARY,COUNTY ATTORNEY,,JO ANNE BERNAL,DEM,32,1,38,0,71,33,38
El Paso,175-SCOTSDALE ELEMENTARY,SHERIFF,,RICHARD D. WILES,DEM,34,1,40,0,75,35,40
El Paso,175-SCOTSDALE ELEMENTARY,COUNTY TAX ASSESSOR COLLECTOR,,VICTOR A. FLORES,DEM,35,1,38,0,74,36,38
El Paso,175-SCOTSDALE ELEMENTARY,"COUNTY COMMISSIONER, PRECINCT NO. 1",,BILL LENDERMAN,REP,12,1,22,0,35,13,22
El Paso,175-SCOTSDALE ELEMENTARY,"COUNTY COMMISSIONER, PRECINCT NO. 1",,CARLOS LEON,DEM,33,0,35,0,68,33,35
El Paso,175-SCOTSDALE ELEMENTARY,"CONSTABLE, PRECINCT NO. 4",,LUIS LOUIE AGUILAR,DEM,32,0,36,0,68,32,36
El Paso,176-POLK ELEMENTARY,"CITY OF EL PASO, PROPOSITION",,FOR (A FAVOR),NP,288,7,151,0,446,295,151
El Paso,176-POLK ELEMENTARY,"CITY OF EL PASO, PROPOSITION",,AGAINST (EN CONTRA),NP,120,6,50,0,176,126,50
El Paso,176-POLK ELEMENTARY,"CITY OF EL PASO, PROPOSITION",,FOR (A FAVOR),NP,272,8,138,0,418,280,138
El Paso,176-POLK ELEMENTARY,"CITY OF EL PASO, PROPOSITION",,AGAINST (EN CONTRA),NP,122,6,61,0,189,128,61
El Paso,176-POLK ELEMENTARY,"CITY OF EL PASO, PROPOSITION",,FOR (A FAVOR),NP,229,5,134,0,368,234,134
El Paso,176-POLK ELEMENTARY,"CITY OF EL PASO, PROPOSITION",,AGAINST (EN CONTRA),NP,171,7,67,0,245,178,67
El Paso,176-POLK ELEMENTARY,STRAIGHT PARTY,,REPUBLICAN,REP,100,1,42,0,143,101,42
El Paso,176-POLK ELEMENTARY,STRAIGHT PARTY,,DEMOCRAT,DEM,103,2,47,0,152,105,47
El Paso,176-POLK ELEMENTARY,STRAIGHT PARTY,,LIBERTARIAN,LIB,0,0,3,0,3,0,3
El Paso,176-POLK ELEMENTARY,STRAIGHT PARTY,,GREEN,GRN,0,0,0,0,0,0,0
El Paso,176-POLK ELEMENTARY,US PRESIDENT,,MITT ROMNEY,REP,198,10,107,0,315,208,107
El Paso,176-POLK ELEMENTARY,US PRESIDENT,,BARACK OBAMA,DEM,213,3,93,0,309,216,93
El Paso,176-POLK ELEMENTARY,US PRESIDENT,,GARY JOHNSON,LIB,2,1,3,0,6,3,3
El Paso,176-POLK ELEMENTARY,US PRESIDENT,,JILL STEIN,GRN,2,0,1,0,3,2,1
El Paso,176-POLK ELEMENTARY,US PRESIDENT,,WRITE-IN,NP,2,0,1,0,3,2,1
El Paso,176-POLK ELEMENTARY,US SENATOR,,TED CRUZ,REP,203,9,102,0,314,212,102
El Paso,176-POLK ELEMENTARY,US SENATOR,,PAUL SADLER,DEM,200,3,82,0,285,203,82
El Paso,176-POLK ELEMENTARY,US SENATOR,,JOHN JAY MYERS,LIB,3,0,8,0,11,3,8
El Paso,176-POLK ELEMENTARY,US SENATOR,,DAVID B. COLLINS,GRN,4,0,1,0,5,4,1
El Paso,176-POLK ELEMENTARY,US REP DISTRICT 16,,BARBARA CARRASCO,REP,176,7,86,0,269,183,86
El Paso,176-POLK ELEMENTARY,US REP DISTRICT 16,,BETO OROURKE,DEM,232,5,109,0,346,237,109
El Paso,176-POLK ELEMENTARY,US REP DISTRICT 16,,JUNART SODOY,LIB,3,1,3,0,7,4,3
El Paso,176-POLK ELEMENTARY,RAILROAD COMMISSIONER,,CHRISTI CRADDICK,REP,190,6,98,0,294,196,98
El Paso,176-POLK ELEMENTARY,RAILROAD COMMISSIONER,,DALE HENRY,DEM,176,2,78,0,256,178,78
El Paso,176-POLK ELEMENTARY,RAILROAD COMMISSIONER,,VIVEKANANDA (VIK) WA,LIB,5,3,7,0,15,8,7
El Paso,176-POLK ELEMENTARY,RAILROAD COMMISSIONER,,CHRIS KENNEDY,GRN,20,0,5,0,25,20,5
El Paso,176-POLK ELEMENTARY,RAILROAD COMMISSIONER,,BARRY SMITHERMAN,REP,205,7,106,0,318,212,106
El Paso,176-POLK ELEMENTARY,RAILROAD COMMISSIONER,,JAIME O. PEREZ,LIB,96,2,54,0,152,98,54
El Paso,176-POLK ELEMENTARY,RAILROAD COMMISSIONER,,JOSH WENDEL,GRN,45,0,15,0,60,45,15
El Paso,176-POLK ELEMENTARY,"JUSTICE, SUPREME COURT, PLACE 2",,DON WILLETT,REP,233,7,122,0,362,240,122
El Paso,176-POLK ELEMENTARY,"JUSTICE, SUPREME COURT, PLACE 2",,RS ROBERT KOELSCH,LIB,110,4,49,0,163,114,49
El Paso,176-POLK ELEMENTARY,"JUSTICE, SUPREME COURT, PLACE 4",,JOHN DEVINE,REP,215,6,114,0,335,221,114
El Paso,176-POLK ELEMENTARY,"JUSTICE, SUPREME COURT, PLACE 4",,TOM OXFORD,LIB,87,3,43,0,133,90,43
El Paso,176-POLK ELEMENTARY,"JUSTICE, SUPREME COURT, PLACE 4",,CHARLES E. WATERBURY,GRN,45,1,15,0,61,46,15
El Paso,176-POLK ELEMENTARY,"JUSTICE, SUPREME COURT, PLACE 6",,NATHAN HECHT,REP,187,6,86,0,279,193,86
El Paso,176-POLK ELEMENTARY,"JUSTICE, SUPREME COURT, PLACE 6",,MICHELE PETTY,DEM,189,2,88,0,279,191,88
El Paso,176-POLK ELEMENTARY,"JUSTICE, SUPREME COURT, PLACE 6",,MARK ASH,LIB,7,2,13,0,22,9,13
El Paso,176-POLK ELEMENTARY,"JUSTICE, SUPREME COURT, PLACE 6",,JIM CHISHOLM,GRN,9,1,4,0,14,10,4
El Paso,176-POLK ELEMENTARY,"PRESIDING JUDGE, COURT OF CRIMINAL APPEALS",,SHARON KELLER,REP,195,8,100,0,303,203,100
El Paso,176-POLK ELEMENTARY,"PRESIDING JUDGE, COURT OF CRIMINAL APPEALS",,KEITH HAMPTON,DEM,191,2,75,0,268,193,75
El Paso,176-POLK ELEMENTARY,"PRESIDING JUDGE, COURT OF CRIMINAL APPEALS",,LANCE STOTT,LIB,8,2,12,0,22,10,12
El Paso,176-POLK ELEMENTARY,"JUDGE, COURT OF CRIMINAL APPEALS, PLACE 7",,BARBARA PARKER HERVE,REP,232,6,119,0,357,238,119
El Paso,176-POLK ELEMENTARY,"JUDGE, COURT OF CRIMINAL APPEALS, PLACE 7",,MARK W. BENNETT,LIB,111,4,48,0,163,115,48
El Paso,176-POLK ELEMENTARY,"JUDGE, COURT OF CRIMINAL APPEALS, PLACE 8",,ELSA ALCALA,REP,234,5,125,0,364,239,125
El Paso,176-POLK ELEMENTARY,"JUDGE, COURT OF CRIMINAL APPEALS, PLACE 8",,WILLIAM BRYAN STRANG,LIB,107,3,41,0,151,110,41
El Paso,176-POLK ELEMENTARY,MEMBER STATE BOARD OF EDUCATION DISTRICT 1,,CARLOS CHARLIE GARZA,REP,189,6,102,0,297,195,102
El Paso,176-POLK ELEMENTARY,MEMBER STATE BOARD OF EDUCATION DISTRICT 1,,MARTHA M. DOMINGUEZ,DEM,203,4,87,0,294,207,87
El Paso,176-POLK ELEMENTARY,STATE SENATOR DISTRICT 29,,DAN CHAVEZ,REP,185,6,92,0,283,191,92
El Paso,176-POLK ELEMENTARY,STATE SENATOR DISTRICT 29,,JOSE R. RODRIGUEZ,DEM,217,4,99,0,320,221,99
El Paso,176-POLK ELEMENTARY,STATE REPRESENTATIVE DISTRICT 77,,MARISA MARQUEZ,DEM,244,5,131,0,380,249,131
El Paso,176-POLK ELEMENTARY,"CHIEF JUSTICE, COURT OF APPEALS 8TH DISTRICT",,ANN CRAWFORD MCCLURE,DEM,246,5,124,0,375,251,124
El Paso,176-POLK ELEMENTARY,"JUSTICE, 8TH COURT OF APPEALS DISTRICT, PLACE 2",,CHRIS ANTCLIFF,REP,211,8,111,0,330,219,111
El Paso,176-POLK ELEMENTARY,"JUSTICE, 8TH COURT OF APPEALS DISTRICT, PLACE 2",,YVONNE RODRIGUEZ,DEM,183,3,76,0,262,186,76
El Paso,176-POLK ELEMENTARY,"JUSTICE, 8TH COURT OF APPEALS DISTRICT, PLACE 3",,GUADALUPE LUPE RIVER,DEM,242,5,131,0,378,247,131
El Paso,176-POLK ELEMENTARY,"DISTRICT JUDGE, 34TH JUDICIAL DISTRICT",,BILL MOODY,DEM,248,5,122,0,375,253,122
El Paso,176-POLK ELEMENTARY,"DISTRICT JUDGE, 41ST JUDICIAL DISTRICT",,ANNA PEREZ,DEM,237,5,125,0,367,242,125
El Paso,176-POLK ELEMENTARY,"DISTRICT JUDGE, 243RD JUDICIAL DISTRICT",,BILLY DON HICKS,REP,210,8,100,0,318,218,100
El Paso,176-POLK ELEMENTARY,"DISTRICT JUDGE, 243RD JUDICIAL DISTRICT",,LUIS AGUILAR,DEM,189,4,88,0,281,193,88
El Paso,176-POLK ELEMENTARY,"DISTRICT JUDGE, 346TH JUDICIAL DISTRICT",,ANGIE J. BARILL,DEM,242,5,120,0,367,247,120
El Paso,176-POLK ELEMENTARY,"DISTRICT JUDGE, 383RD JUDICIAL DISTRICT",,MIKE HERRERA,DEM,244,6,122,0,372,250,122
El Paso,176-POLK ELEMENTARY,"DISTRICT JUDGE, 384TH JUDICIAL DISTRICT",,PATRICK M. GARCIA,DEM,239,6,119,0,364,245,119
El Paso,176-POLK ELEMENTARY,"DISTRICT JUDGE, 388TH JUDICIAL DISTRICT",,LAURA STRATHMANN,DEM,244,5,122,0,371,249,122
El Paso,176-POLK ELEMENTARY,"DISTRICT JUDGE, 409TH JUDICIAL DISTRICT",,SAM MEDRANO JR,DEM,238,6,120,0,364,244,120
El Paso,176-POLK ELEMENTARY,"DISTRICT JUDGE, 448TH JUDICIAL DISTRICT",,SERGIO H. ENRIQUEZ,DEM,233,6,120,0,359,239,120
El Paso,176-POLK ELEMENTARY,"CRIMINAL DISTRICT JUDGE, COURT NO. 1",,DIANE NAVARRETE,DEM,238,5,121,0,364,243,121
El Paso,176-POLK ELEMENTARY,"FAMILY DISTRICT JUDGE, 65TH JUDICIAL DISTRICT",,YAHARA L. GUTIERREZ,DEM,236,5,121,0,362,241,121
El Paso,176-POLK ELEMENTARY,"DISTRICT ATTORNEY, 34TH JUDICIAL DISTRICT",,JAIME ESPARZA,DEM,245,5,122,0,372,250,122
El Paso,176-POLK ELEMENTARY,"JUDGE, COUNTY CRIMINAL COURT NO. 3",,CARLOS CARRASCO,DEM,235,6,123,0,364,241,123
El Paso,176-POLK ELEMENTARY,"JUDGE, COUNTY CRIMINAL COURT NO. 4",,JESUS HERRERA,DEM,239,6,122,0,367,245,122
El Paso,176-POLK ELEMENTARY,COUNTY ATTORNEY,,JO ANNE BERNAL,DEM,239,5,122,0,366,244,122
El Paso,176-POLK ELEMENTARY,SHERIFF,,RICHARD D. WILES,DEM,258,6,125,0,389,264,125
El Paso,176-POLK ELEMENTARY,COUNTY TAX ASSESSOR COLLECTOR,,VICTOR A. FLORES,DEM,242,6,126,0,374,248,126
El Paso,176-POLK ELEMENTARY,"CONSTABLE, PRECINCT NO. 7",,KING MERRITT,REP,187,9,97,0,293,196,97
El Paso,176-POLK ELEMENTARY,"CONSTABLE, PRECINCT NO. 7",,ANGIE SOMMERS,DEM,207,3,92,0,302,210,92
El Paso,177-PEACE LUTHERAN,"CITY OF EL PASO, PROPOSITION",,FOR (A FAVOR),NP,108,9,83,0,200,117,83
El Paso,177-PEACE LUTHERAN,"CITY OF EL PASO, PROPOSITION",,AGAINST (EN CONTRA),NP,56,7,20,0,83,63,20
El Paso,177-PEACE LUTHERAN,"CITY OF EL PASO, PROPOSITION",,FOR (A FAVOR),NP,104,6,80,0,190,110,80
El Paso,177-PEACE LUTHERAN,"CITY OF EL PASO, PROPOSITION",,AGAINST (EN CONTRA),NP,58,10,21,0,89,68,21
El Paso,177-PEACE LUTHERAN,"CITY OF EL PASO, PROPOSITION",,FOR (A FAVOR),NP,93,7,74,0,174,100,74
El Paso,177-PEACE LUTHERAN,"CITY OF EL PASO, PROPOSITION",,AGAINST (EN CONTRA),NP,66,10,28,0,104,76,28
El Paso,177-PEACE LUTHERAN,STRAIGHT PARTY,,REPUBLICAN,REP,40,9,20,0,69,49,20
El Paso,177-PEACE LUTHERAN,STRAIGHT PARTY,,DEMOCRAT,DEM,36,3,28,0,67,39,28
El Paso,177-PEACE LUTHERAN,STRAIGHT PARTY,,LIBERTARIAN,LIB,1,0,2,0,3,1,2
El Paso,177-PEACE LUTHERAN,STRAIGHT PARTY,,GREEN,GRN,0,0,0,0,0,0,0
El Paso,177-PEACE LUTHERAN,US PRESIDENT,,MITT ROMNEY,REP,95,14,49,0,158,109,49
El Paso,177-PEACE LUTHERAN,US PRESIDENT,,BARACK OBAMA,DEM,67,4,52,0,123,71,52
El Paso,177-PEACE LUTHERAN,US PRESIDENT,,GARY JOHNSON,LIB,2,0,3,0,5,2,3
El Paso,177-PEACE LUTHERAN,US PRESIDENT,,JILL STEIN,GRN,1,0,0,0,1,1,0
El Paso,177-PEACE LUTHERAN,US PRESIDENT,,WRITE-IN,NP,0,0,0,0,0,0,0
El Paso,177-PEACE LUTHERAN,US SENATOR,,TED CRUZ,REP,90,15,49,0,154,105,49
El Paso,177-PEACE LUTHERAN,US SENATOR,,PAUL SADLER,DEM,67,3,48,0,118,70,48
El Paso,177-PEACE LUTHERAN,US SENATOR,,JOHN JAY MYERS,LIB,4,0,2,0,6,4,2
El Paso,177-PEACE LUTHERAN,US SENATOR,,DAVID B. COLLINS,GRN,1,1,3,0,5,2,3
El Paso,177-PEACE LUTHERAN,US REP DISTRICT 16,,BARBARA CARRASCO,REP,73,13,39,0,125,86,39
El Paso,177-PEACE LUTHERAN,US REP DISTRICT 16,,BETO OROURKE,DEM,90,6,64,0,160,96,64
El Paso,177-PEACE LUTHERAN,US REP DISTRICT 16,,JUNART SODOY,LIB,2,0,1,0,3,2,1
El Paso,177-PEACE LUTHERAN,RAILROAD COMMISSIONER,,CHRISTI CRADDICK,REP,88,12,47,0,147,100,47
El Paso,177-PEACE LUTHERAN,RAILROAD COMMISSIONER,,DALE HENRY,DEM,64,3,44,0,111,67,44
El Paso,177-PEACE LUTHERAN,RAILROAD COMMISSIONER,,VIVEKANANDA (VIK) WA,LIB,4,0,4,0,8,4,4
El Paso,177-PEACE LUTHERAN,RAILROAD COMMISSIONER,,CHRIS KENNEDY,GRN,3,1,1,0,5,4,1
El Paso,177-PEACE LUTHERAN,RAILROAD COMMISSIONER,,BARRY SMITHERMAN,REP,92,11,49,1,153,103,50
El Paso,177-PEACE LUTHERAN,RAILROAD COMMISSIONER,,JAIME O. PEREZ,LIB,27,0,27,0,54,27,27
El Paso,177-PEACE LUTHERAN,RAILROAD COMMISSIONER,,JOSH WENDEL,GRN,14,1,6,0,21,15,6
El Paso,177-PEACE LUTHERAN,"JUSTICE, SUPREME COURT, PLACE 2",,DON WILLETT,REP,97,11,55,1,164,108,56
El Paso,177-PEACE LUTHERAN,"JUSTICE, SUPREME COURT, PLACE 2",,RS ROBERT KOELSCH,LIB,33,1,23,0,57,34,23
El Paso,177-PEACE LUTHERAN,"JUSTICE, SUPREME COURT, PLACE 4",,JOHN DEVINE,REP,95,10,55,1,161,105,56
El Paso,177-PEACE LUTHERAN,"JUSTICE, SUPREME COURT, PLACE 4",,TOM OXFORD,LIB,26,0,18,0,44,26,18
El Paso,177-PEACE LUTHERAN,"JUSTICE, SUPREME COURT, PLACE 4",,CHARLES E. WATERBURY,GRN,10,2,9,0,21,12,9
El Paso,177-PEACE LUTHERAN,"JUSTICE, SUPREME COURT, PLACE 6",,NATHAN HECHT,REP,89,10,47,1,147,99,48
El Paso,177-PEACE LUTHERAN,"JUSTICE, SUPREME COURT, PLACE 6",,MICHELE PETTY,DEM,65,4,45,0,114,69,45
El Paso,177-PEACE LUTHERAN,"JUSTICE, SUPREME COURT, PLACE 6",,MARK ASH,LIB,4,0,3,0,7,4,3
El Paso,177-PEACE LUTHERAN,"JUSTICE, SUPREME COURT, PLACE 6",,JIM CHISHOLM,GRN,1,1,0,0,2,2,0
El Paso,177-PEACE LUTHERAN,"PRESIDING JUDGE, COURT OF CRIMINAL APPEALS",,SHARON KELLER,REP,86,10,47,1,144,96,48
El Paso,177-PEACE LUTHERAN,"PRESIDING JUDGE, COURT OF CRIMINAL APPEALS",,KEITH HAMPTON,DEM,68,5,45,0,118,73,45
El Paso,177-PEACE LUTHERAN,"PRESIDING JUDGE, COURT OF CRIMINAL APPEALS",,LANCE STOTT,LIB,5,0,4,0,9,5,4
El Paso,177-PEACE LUTHERAN,"JUDGE, COURT OF CRIMINAL APPEALS, PLACE 7",,BARBARA PARKER HERVE,REP,97,11,58,1,167,108,59
El Paso,177-PEACE LUTHERAN,"JUDGE, COURT OF CRIMINAL APPEALS, PLACE 7",,MARK W. BENNETT,LIB,35,1,21,0,57,36,21
El Paso,177-PEACE LUTHERAN,"JUDGE, COURT OF CRIMINAL APPEALS, PLACE 8",,ELSA ALCALA,REP,98,11,58,1,168,109,59
El Paso,177-PEACE LUTHERAN,"JUDGE, COURT OF CRIMINAL APPEALS, PLACE 8",,WILLIAM BRYAN STRANG,LIB,31,1,22,0,54,32,22
El Paso,177-PEACE LUTHERAN,MEMBER STATE BOARD OF EDUCATION DISTRICT 1,,CARLOS CHARLIE GARZA,REP,90,10,46,1,147,100,47
El Paso,177-PEACE LUTHERAN,MEMBER STATE BOARD OF EDUCATION DISTRICT 1,,MARTHA M. DOMINGUEZ,DEM,66,5,50,0,121,71,50
El Paso,177-PEACE LUTHERAN,STATE SENATOR DISTRICT 29,,DAN CHAVEZ,REP,83,12,46,0,141,95,46
El Paso,177-PEACE LUTHERAN,STATE SENATOR DISTRICT 29,,JOSE R. RODRIGUEZ,DEM,77,5,52,0,134,82,52
El Paso,177-PEACE LUTHERAN,STATE REPRESENTATIVE DISTRICT 78,,DONALD R. DEE MARGO,REP,100,13,46,1,160,113,47
El Paso,177-PEACE LUTHERAN,STATE REPRESENTATIVE DISTRICT 78,,JOE MOODY,DEM,64,6,55,0,125,70,55
El Paso,177-PEACE LUTHERAN,"CHIEF JUSTICE, COURT OF APPEALS 8TH DISTRICT",,ANN CRAWFORD MCCLURE,DEM,88,5,67,1,161,93,68
El Paso,177-PEACE LUTHERAN,"JUSTICE, 8TH COURT OF APPEALS DISTRICT, PLACE 2",,CHRIS ANTCLIFF,REP,103,11,53,1,168,114,54
El Paso,177-PEACE LUTHERAN,"JUSTICE, 8TH COURT OF APPEALS DISTRICT, PLACE 2",,YVONNE RODRIGUEZ,DEM,55,4,44,0,103,59,44
El Paso,177-PEACE LUTHERAN,"JUSTICE, 8TH COURT OF APPEALS DISTRICT, PLACE 3",,GUADALUPE LUPE RIVER,DEM,90,5,65,1,161,95,66
El Paso,177-PEACE LUTHERAN,"DISTRICT JUDGE, 34TH JUDICIAL DISTRICT",,BILL MOODY,DEM,89,5,68,1,163,94,69
El Paso,177-PEACE LUTHERAN,"DISTRICT JUDGE, 41ST JUDICIAL DISTRICT",,ANNA PEREZ,DEM,81,5,66,1,153,86,67
El Paso,177-PEACE LUTHERAN,"DISTRICT JUDGE, 243RD JUDICIAL DISTRICT",,BILLY DON HICKS,REP,105,11,50,1,167,116,51
El Paso,177-PEACE LUTHERAN,"DISTRICT JUDGE, 243RD JUDICIAL DISTRICT",,LUIS AGUILAR,DEM,55,4,44,0,103,59,44
El Paso,177-PEACE LUTHERAN,"DISTRICT JUDGE, 346TH JUDICIAL DISTRICT",,ANGIE J. BARILL,DEM,83,5,64,1,153,88,65
El Paso,177-PEACE LUTHERAN,"DISTRICT JUDGE, 383RD JUDICIAL DISTRICT",,MIKE HERRERA,DEM,80,5,63,1,149,85,64
El Paso,177-PEACE LUTHERAN,"DISTRICT JUDGE, 384TH JUDICIAL DISTRICT",,PATRICK M. GARCIA,DEM,81,5,64,1,151,86,65
El Paso,177-PEACE LUTHERAN,"DISTRICT JUDGE, 388TH JUDICIAL DISTRICT",,LAURA STRATHMANN,DEM,85,5,63,1,154,90,64
El Paso,177-PEACE LUTHERAN,"DISTRICT JUDGE, 409TH JUDICIAL DISTRICT",,SAM MEDRANO JR,DEM,81,5,64,1,151,86,65
El Paso,177-PEACE LUTHERAN,"DISTRICT JUDGE, 448TH JUDICIAL DISTRICT",,SERGIO H. ENRIQUEZ,DEM,79,5,63,1,148,84,64
El Paso,177-PEACE LUTHERAN,"CRIMINAL DISTRICT JUDGE, COURT NO. 1",,DIANE NAVARRETE,DEM,81,5,64,0,150,86,64
El Paso,177-PEACE LUTHERAN,"FAMILY DISTRICT JUDGE, 65TH JUDICIAL DISTRICT",,YAHARA L. GUTIERREZ,DEM,81,5,63,1,150,86,64
El Paso,177-PEACE LUTHERAN,"DISTRICT ATTORNEY, 34TH JUDICIAL DISTRICT",,JAIME ESPARZA,DEM,87,5,70,1,163,92,71
El Paso,177-PEACE LUTHERAN,"JUDGE, COUNTY CRIMINAL COURT NO. 3",,CARLOS CARRASCO,DEM,80,5,65,1,151,85,66
El Paso,177-PEACE LUTHERAN,"JUDGE, COUNTY CRIMINAL COURT NO. 4",,JESUS HERRERA,DEM,79,6,65,1,151,85,66
El Paso,177-PEACE LUTHERAN,COUNTY ATTORNEY,,JO ANNE BERNAL,DEM,86,5,64,1,156,91,65
El Paso,177-PEACE LUTHERAN,SHERIFF,,RICHARD D. WILES,DEM,93,6,68,1,168,99,69
El Paso,177-PEACE LUTHERAN,COUNTY TAX ASSESSOR COLLECTOR,,VICTOR A. FLORES,DEM,92,9,65,1,167,101,66
El Paso,177-PEACE LUTHERAN,"CONSTABLE, PRECINCT NO. 7",,KING MERRITT,REP,84,11,44,1,140,95,45
El Paso,177-PEACE LUTHERAN,"CONSTABLE, PRECINCT NO. 7",,ANGIE SOMMERS,DEM,72,6,50,0,128,78,50
El Paso,178-DOLPHIN TERRACE ELEMENTARY,"CITY OF EL PASO, PROPOSITION",,FOR (A FAVOR),NP,162,10,188,0,360,172,188
El Paso,178-DOLPHIN TERRACE ELEMENTARY,"CITY OF EL PASO, PROPOSITION",,AGAINST (EN CONTRA),NP,109,3,61,0,173,112,61
El Paso,178-DOLPHIN TERRACE ELEMENTARY,"CITY OF EL PASO, PROPOSITION",,FOR (A FAVOR),NP,150,11,179,0,340,161,179
El Paso,178-DOLPHIN TERRACE ELEMENTARY,"CITY OF EL PASO, PROPOSITION",,AGAINST (EN CONTRA),NP,114,2,65,0,181,116,65
El Paso,178-DOLPHIN TERRACE ELEMENTARY,"CITY OF EL PASO, PROPOSITION",,FOR (A FAVOR),NP,140,8,150,0,298,148,150
El Paso,178-DOLPHIN TERRACE ELEMENTARY,"CITY OF EL PASO, PROPOSITION",,AGAINST (EN CONTRA),NP,125,3,97,0,225,128,97
El Paso,178-DOLPHIN TERRACE ELEMENTARY,STRAIGHT PARTY,,REPUBLICAN,REP,66,5,41,0,112,71,41
El Paso,178-DOLPHIN TERRACE ELEMENTARY,STRAIGHT PARTY,,DEMOCRAT,DEM,98,2,109,0,209,100,109
El Paso,178-DOLPHIN TERRACE ELEMENTARY,STRAIGHT PARTY,,LIBERTARIAN,LIB,1,0,2,0,3,1,2
El Paso,178-DOLPHIN TERRACE ELEMENTARY,STRAIGHT PARTY,,GREEN,GRN,1,0,3,0,4,1,3
El Paso,178-DOLPHIN TERRACE ELEMENTARY,US PRESIDENT,,MITT ROMNEY,REP,118,7,79,0,204,125,79
El Paso,178-DOLPHIN TERRACE ELEMENTARY,US PRESIDENT,,BARACK OBAMA,DEM,157,6,173,0,336,163,173
El Paso,178-DOLPHIN TERRACE ELEMENTARY,US PRESIDENT,,GARY JOHNSON,LIB,1,0,1,0,2,1,1
El Paso,178-DOLPHIN TERRACE ELEMENTARY,US PRESIDENT,,JILL STEIN,GRN,0,0,2,0,2,0,2
El Paso,178-DOLPHIN TERRACE ELEMENTARY,US PRESIDENT,,WRITE-IN,NP,0,0,2,0,2,0,2
El Paso,178-DOLPHIN TERRACE ELEMENTARY,US SENATOR,,TED CRUZ,REP,116,9,88,0,213,125,88
El Paso,178-DOLPHIN TERRACE ELEMENTARY,US SENATOR,,PAUL SADLER,DEM,140,4,146,0,290,144,146
El Paso,178-DOLPHIN TERRACE ELEMENTARY,US SENATOR,,JOHN JAY MYERS,LIB,9,0,8,0,17,9,8
El Paso,178-DOLPHIN TERRACE ELEMENTARY,US SENATOR,,DAVID B. COLLINS,GRN,4,0,6,0,10,4,6
El Paso,178-DOLPHIN TERRACE ELEMENTARY,US REP DISTRICT 16,,BARBARA CARRASCO,REP,110,8,84,0,202,118,84
El Paso,178-DOLPHIN TERRACE ELEMENTARY,US REP DISTRICT 16,,BETO OROURKE,DEM,152,4,160,0,316,156,160
El Paso,178-DOLPHIN TERRACE ELEMENTARY,US REP DISTRICT 16,,JUNART SODOY,LIB,6,1,7,0,14,7,7
El Paso,178-DOLPHIN TERRACE ELEMENTARY,RAILROAD COMMISSIONER,,CHRISTI CRADDICK,REP,115,8,75,0,198,123,75
El Paso,178-DOLPHIN TERRACE ELEMENTARY,RAILROAD COMMISSIONER,,DALE HENRY,DEM,133,4,138,0,275,137,138
El Paso,178-DOLPHIN TERRACE ELEMENTARY,RAILROAD COMMISSIONER,,VIVEKANANDA (VIK) WA,LIB,5,0,5,0,10,5,5
El Paso,178-DOLPHIN TERRACE ELEMENTARY,RAILROAD COMMISSIONER,,CHRIS KENNEDY,GRN,12,1,19,0,32,13,19
El Paso,178-DOLPHIN TERRACE ELEMENTARY,RAILROAD COMMISSIONER,,BARRY SMITHERMAN,REP,118,8,88,0,214,126,88
El Paso,178-DOLPHIN TERRACE ELEMENTARY,RAILROAD COMMISSIONER,,JAIME O. PEREZ,LIB,80,2,84,0,166,82,84
El Paso,178-DOLPHIN TERRACE ELEMENTARY,RAILROAD COMMISSIONER,,JOSH WENDEL,GRN,21,2,30,0,53,23,30
El Paso,178-DOLPHIN TERRACE ELEMENTARY,"JUSTICE, SUPREME COURT, PLACE 2",,DON WILLETT,REP,152,8,117,0,277,160,117
El Paso,178-DOLPHIN TERRACE ELEMENTARY,"JUSTICE, SUPREME COURT, PLACE 2",,RS ROBERT KOELSCH,LIB,63,4,84,0,151,67,84
El Paso,178-DOLPHIN TERRACE ELEMENTARY,"JUSTICE, SUPREME COURT, PLACE 4",,JOHN DEVINE,REP,129,8,100,0,237,137,100
El Paso,178-DOLPHIN TERRACE ELEMENTARY,"JUSTICE, SUPREME COURT, PLACE 4",,TOM OXFORD,LIB,59,1,64,0,124,60,64
El Paso,178-DOLPHIN TERRACE ELEMENTARY,"JUSTICE, SUPREME COURT, PLACE 4",,CHARLES E. WATERBURY,GRN,23,2,35,0,60,25,35
El Paso,178-DOLPHIN TERRACE ELEMENTARY,"JUSTICE, SUPREME COURT, PLACE 6",,NATHAN HECHT,REP,101,7,74,0,182,108,74
El Paso,178-DOLPHIN TERRACE ELEMENTARY,"JUSTICE, SUPREME COURT, PLACE 6",,MICHELE PETTY,DEM,148,3,150,0,301,151,150
El Paso,178-DOLPHIN TERRACE ELEMENTARY,"JUSTICE, SUPREME COURT, PLACE 6",,MARK ASH,LIB,7,3,6,0,16,10,6
El Paso,178-DOLPHIN TERRACE ELEMENTARY,"JUSTICE, SUPREME COURT, PLACE 6",,JIM CHISHOLM,GRN,4,0,12,0,16,4,12
El Paso,178-DOLPHIN TERRACE ELEMENTARY,"PRESIDING JUDGE, COURT OF CRIMINAL APPEALS",,SHARON KELLER,REP,114,6,83,0,203,120,83
El Paso,178-DOLPHIN TERRACE ELEMENTARY,"PRESIDING JUDGE, COURT OF CRIMINAL APPEALS",,KEITH HAMPTON,DEM,144,5,146,0,295,149,146
El Paso,178-DOLPHIN TERRACE ELEMENTARY,"PRESIDING JUDGE, COURT OF CRIMINAL APPEALS",,LANCE STOTT,LIB,3,2,10,0,15,5,10
El Paso,178-DOLPHIN TERRACE ELEMENTARY,"JUDGE, COURT OF CRIMINAL APPEALS, PLACE 7",,BARBARA PARKER HERVE,REP,144,7,122,0,273,151,122
El Paso,178-DOLPHIN TERRACE ELEMENTARY,"JUDGE, COURT OF CRIMINAL APPEALS, PLACE 7",,MARK W. BENNETT,LIB,63,5,79,0,147,68,79
El Paso,178-DOLPHIN TERRACE ELEMENTARY,"JUDGE, COURT OF CRIMINAL APPEALS, PLACE 8",,ELSA ALCALA,REP,141,7,123,0,271,148,123
El Paso,178-DOLPHIN TERRACE ELEMENTARY,"JUDGE, COURT OF CRIMINAL APPEALS, PLACE 8",,WILLIAM BRYAN STRANG,LIB,67,5,74,0,146,72,74
El Paso,178-DOLPHIN TERRACE ELEMENTARY,MEMBER STATE BOARD OF EDUCATION DISTRICT 1,,CARLOS CHARLIE GARZA,REP,112,8,84,0,204,120,84
El Paso,178-DOLPHIN TERRACE ELEMENTARY,MEMBER STATE BOARD OF EDUCATION DISTRICT 1,,MARTHA M. DOMINGUEZ,DEM,152,5,155,0,312,157,155
El Paso,178-DOLPHIN TERRACE ELEMENTARY,STATE SENATOR DISTRICT 29,,DAN CHAVEZ,REP,108,9,72,0,189,117,72
El Paso,178-DOLPHIN TERRACE ELEMENTARY,STATE SENATOR DISTRICT 29,,JOSE R. RODRIGUEZ,DEM,160,4,171,0,335,164,171
El Paso,178-DOLPHIN TERRACE ELEMENTARY,STATE REPRESENTATIVE DISTRICT 77,,MARISA MARQUEZ,DEM,173,8,190,0,371,181,190
El Paso,178-DOLPHIN TERRACE ELEMENTARY,"CHIEF JUSTICE, COURT OF APPEALS 8TH DISTRICT",,ANN CRAWFORD MCCLURE,DEM,178,7,180,0,365,185,180
El Paso,178-DOLPHIN TERRACE ELEMENTARY,"JUSTICE, 8TH COURT OF APPEALS DISTRICT, PLACE 2",,CHRIS ANTCLIFF,REP,118,7,79,0,204,125,79
El Paso,178-DOLPHIN TERRACE ELEMENTARY,"JUSTICE, 8TH COURT OF APPEALS DISTRICT, PLACE 2",,YVONNE RODRIGUEZ,DEM,145,6,157,0,308,151,157
El Paso,178-DOLPHIN TERRACE ELEMENTARY,"JUSTICE, 8TH COURT OF APPEALS DISTRICT, PLACE 3",,GUADALUPE LUPE RIVER,DEM,180,8,184,0,372,188,184
El Paso,178-DOLPHIN TERRACE ELEMENTARY,"DISTRICT JUDGE, 34TH JUDICIAL DISTRICT",,BILL MOODY,DEM,184,7,189,0,380,191,189
El Paso,178-DOLPHIN TERRACE ELEMENTARY,"DISTRICT JUDGE, 41ST JUDICIAL DISTRICT",,ANNA PEREZ,DEM,178,8,185,0,371,186,185
El Paso,178-DOLPHIN TERRACE ELEMENTARY,"DISTRICT JUDGE, 243RD JUDICIAL DISTRICT",,BILLY DON HICKS,REP,120,8,81,0,209,128,81
El Paso,178-DOLPHIN TERRACE ELEMENTARY,"DISTRICT JUDGE, 243RD JUDICIAL DISTRICT",,LUIS AGUILAR,DEM,147,5,156,0,308,152,156
El Paso,178-DOLPHIN TERRACE ELEMENTARY,"DISTRICT JUDGE, 346TH JUDICIAL DISTRICT",,ANGIE J. BARILL,DEM,177,8,179,0,364,185,179
El Paso,178-DOLPHIN TERRACE ELEMENTARY,"DISTRICT JUDGE, 383RD JUDICIAL DISTRICT",,MIKE HERRERA,DEM,176,8,181,0,365,184,181
El Paso,178-DOLPHIN TERRACE ELEMENTARY,"DISTRICT JUDGE, 384TH JUDICIAL DISTRICT",,PATRICK M. GARCIA,DEM,174,8,178,0,360,182,178
El Paso,178-DOLPHIN TERRACE ELEMENTARY,"DISTRICT JUDGE, 388TH JUDICIAL DISTRICT",,LAURA STRATHMANN,DEM,175,7,178,0,360,182,178
El Paso,178-DOLPHIN TERRACE ELEMENTARY,"DISTRICT JUDGE, 409TH JUDICIAL DISTRICT",,SAM MEDRANO JR,DEM,174,8,182,0,364,182,182
El Paso,178-DOLPHIN TERRACE ELEMENTARY,"DISTRICT JUDGE, 448TH JUDICIAL DISTRICT",,SERGIO H. ENRIQUEZ,DEM,171,8,180,0,359,179,180
El Paso,178-DOLPHIN TERRACE ELEMENTARY,"CRIMINAL DISTRICT JUDGE, COURT NO. 1",,DIANE NAVARRETE,DEM,176,8,180,0,364,184,180
El Paso,178-DOLPHIN TERRACE ELEMENTARY,"FAMILY DISTRICT JUDGE, 65TH JUDICIAL DISTRICT",,YAHARA L. GUTIERREZ,DEM,172,8,180,0,360,180,180
El Paso,178-DOLPHIN TERRACE ELEMENTARY,"DISTRICT ATTORNEY, 34TH JUDICIAL DISTRICT",,JAIME ESPARZA,DEM,178,7,184,0,369,185,184
El Paso,178-DOLPHIN TERRACE ELEMENTARY,"JUDGE, COUNTY CRIMINAL COURT NO. 3",,CARLOS CARRASCO,DEM,170,8,183,0,361,178,183
El Paso,178-DOLPHIN TERRACE ELEMENTARY,"JUDGE, COUNTY CRIMINAL COURT NO. 4",,JESUS HERRERA,DEM,170,9,182,0,361,179,182
El Paso,178-DOLPHIN TERRACE ELEMENTARY,COUNTY ATTORNEY,,JO ANNE BERNAL,DEM,176,8,183,0,367,184,183
El Paso,178-DOLPHIN TERRACE ELEMENTARY,SHERIFF,,RICHARD D. WILES,DEM,186,9,189,0,384,195,189
El Paso,178-DOLPHIN TERRACE ELEMENTARY,COUNTY TAX ASSESSOR COLLECTOR,,VICTOR A. FLORES,DEM,177,9,191,0,377,186,191
El Paso,178-DOLPHIN TERRACE ELEMENTARY,"CONSTABLE, PRECINCT NO. 2",,JEREMIAH HAGGERTY,DEM,185,7,185,0,377,192,185
El Paso,179-CAPISTRANO ELEMENTARY,"CITY OF EL PASO, PROPOSITION",,FOR (A FAVOR),NP,62,1,115,0,178,63,115
El Paso,179-CAPISTRANO ELEMENTARY,"CITY OF EL PASO, PROPOSITION",,AGAINST (EN CONTRA),NP,18,0,19,0,37,18,19
El Paso,179-CAPISTRANO ELEMENTARY,"CITY OF EL PASO, PROPOSITION",,FOR (A FAVOR),NP,56,1,101,0,158,57,101
El Paso,179-CAPISTRANO ELEMENTARY,"CITY OF EL PASO, PROPOSITION",,AGAINST (EN CONTRA),NP,17,0,20,0,37,17,20
El Paso,179-CAPISTRANO ELEMENTARY,"CITY OF EL PASO, PROPOSITION",,FOR (A FAVOR),NP,46,1,67,0,114,47,67
El Paso,179-CAPISTRANO ELEMENTARY,"CITY OF EL PASO, PROPOSITION",,AGAINST (EN CONTRA),NP,31,0,60,0,91,31,60
El Paso,179-CAPISTRANO ELEMENTARY,STRAIGHT PARTY,,REPUBLICAN,REP,5,0,13,0,18,5,13
El Paso,179-CAPISTRANO ELEMENTARY,STRAIGHT PARTY,,DEMOCRAT,DEM,58,0,101,0,159,58,101
El Paso,179-CAPISTRANO ELEMENTARY,STRAIGHT PARTY,,LIBERTARIAN,LIB,0,0,0,0,0,0,0
El Paso,179-CAPISTRANO ELEMENTARY,STRAIGHT PARTY,,GREEN,GRN,0,0,2,0,2,0,2
El Paso,179-CAPISTRANO ELEMENTARY,US PRESIDENT,,MITT ROMNEY,REP,9,1,15,0,25,10,15
El Paso,179-CAPISTRANO ELEMENTARY,US PRESIDENT,,BARACK OBAMA,DEM,73,0,114,0,187,73,114
El Paso,179-CAPISTRANO ELEMENTARY,US PRESIDENT,,GARY JOHNSON,LIB,0,0,1,0,1,0,1
El Paso,179-CAPISTRANO ELEMENTARY,US PRESIDENT,,JILL STEIN,GRN,1,0,1,0,2,1,1
El Paso,179-CAPISTRANO ELEMENTARY,US PRESIDENT,,WRITE-IN,NP,0,0,0,0,0,0,0
El Paso,179-CAPISTRANO ELEMENTARY,US SENATOR,,TED CRUZ,REP,9,1,17,0,27,10,17
El Paso,179-CAPISTRANO ELEMENTARY,US SENATOR,,PAUL SADLER,DEM,71,0,109,0,180,71,109
El Paso,179-CAPISTRANO ELEMENTARY,US SENATOR,,JOHN JAY MYERS,LIB,0,0,3,0,3,0,3
El Paso,179-CAPISTRANO ELEMENTARY,US SENATOR,,DAVID B. COLLINS,GRN,1,0,3,0,4,1,3
El Paso,179-CAPISTRANO ELEMENTARY,US REP DISTRICT 23,,FRANCISCO QUICO CANS,REP,8,1,15,0,24,9,15
El Paso,179-CAPISTRANO ELEMENTARY,US REP DISTRICT 23,,PETE P. GALLEGO,DEM,73,0,109,0,182,73,109
El Paso,179-CAPISTRANO ELEMENTARY,US REP DISTRICT 23,,JEFFREY C. BLUNT,LIB,0,0,2,0,2,0,2
El Paso,179-CAPISTRANO ELEMENTARY,US REP DISTRICT 23,,ED SCHARF,GRN,1,0,4,0,5,1,4
El Paso,179-CAPISTRANO ELEMENTARY,RAILROAD COMMISSIONER,,CHRISTI CRADDICK,REP,7,1,16,0,24,8,16
El Paso,179-CAPISTRANO ELEMENTARY,RAILROAD COMMISSIONER,,DALE HENRY,DEM,70,0,104,0,174,70,104
El Paso,179-CAPISTRANO ELEMENTARY,RAILROAD COMMISSIONER,,VIVEKANANDA (VIK) WA,LIB,0,0,2,0,2,0,2
El Paso,179-CAPISTRANO ELEMENTARY,RAILROAD COMMISSIONER,,CHRIS KENNEDY,GRN,5,0,4,0,9,5,4
El Paso,179-CAPISTRANO ELEMENTARY,RAILROAD COMMISSIONER,,BARRY SMITHERMAN,REP,12,1,28,0,41,13,28
El Paso,179-CAPISTRANO ELEMENTARY,RAILROAD COMMISSIONER,,JAIME O. PEREZ,LIB,31,0,50,0,81,31,50
El Paso,179-CAPISTRANO ELEMENTARY,RAILROAD COMMISSIONER,,JOSH WENDEL,GRN,6,0,10,0,16,6,10
El Paso,179-CAPISTRANO ELEMENTARY,"JUSTICE, SUPREME COURT, PLACE 2",,DON WILLETT,REP,18,1,38,0,57,19,38
El Paso,179-CAPISTRANO ELEMENTARY,"JUSTICE, SUPREME COURT, PLACE 2",,RS ROBERT KOELSCH,LIB,29,0,51,0,80,29,51
El Paso,179-CAPISTRANO ELEMENTARY,"JUSTICE, SUPREME COURT, PLACE 4",,JOHN DEVINE,REP,19,1,36,0,56,20,36
El Paso,179-CAPISTRANO ELEMENTARY,"JUSTICE, SUPREME COURT, PLACE 4",,TOM OXFORD,LIB,20,0,36,0,56,20,36
El Paso,179-CAPISTRANO ELEMENTARY,"JUSTICE, SUPREME COURT, PLACE 4",,CHARLES E. WATERBURY,GRN,10,0,14,0,24,10,14
El Paso,179-CAPISTRANO ELEMENTARY,"JUSTICE, SUPREME COURT, PLACE 6",,NATHAN HECHT,REP,7,1,13,0,21,8,13
El Paso,179-CAPISTRANO ELEMENTARY,"JUSTICE, SUPREME COURT, PLACE 6",,MICHELE PETTY,DEM,71,0,111,0,182,71,111
El Paso,179-CAPISTRANO ELEMENTARY,"JUSTICE, SUPREME COURT, PLACE 6",,MARK ASH,LIB,1,0,1,0,2,1,1
El Paso,179-CAPISTRANO ELEMENTARY,"JUSTICE, SUPREME COURT, PLACE 6",,JIM CHISHOLM,GRN,2,0,4,0,6,2,4
El Paso,179-CAPISTRANO ELEMENTARY,"PRESIDING JUDGE, COURT OF CRIMINAL APPEALS",,SHARON KELLER,REP,8,1,16,0,25,9,16
El Paso,179-CAPISTRANO ELEMENTARY,"PRESIDING JUDGE, COURT OF CRIMINAL APPEALS",,KEITH HAMPTON,DEM,71,0,110,0,181,71,110
El Paso,179-CAPISTRANO ELEMENTARY,"PRESIDING JUDGE, COURT OF CRIMINAL APPEALS",,LANCE STOTT,LIB,2,0,3,0,5,2,3
El Paso,179-CAPISTRANO ELEMENTARY,"JUDGE, COURT OF CRIMINAL APPEALS, PLACE 7",,BARBARA PARKER HERVE,REP,20,1,53,0,74,21,53
El Paso,179-CAPISTRANO ELEMENTARY,"JUDGE, COURT OF CRIMINAL APPEALS, PLACE 7",,MARK W. BENNETT,LIB,33,0,40,0,73,33,40
El Paso,179-CAPISTRANO ELEMENTARY,"JUDGE, COURT OF CRIMINAL APPEALS, PLACE 8",,ELSA ALCALA,REP,19,1,48,0,68,20,48
El Paso,179-CAPISTRANO ELEMENTARY,"JUDGE, COURT OF CRIMINAL APPEALS, PLACE 8",,WILLIAM BRYAN STRANG,LIB,30,0,41,0,71,30,41
El Paso,179-CAPISTRANO ELEMENTARY,MEMBER STATE BOARD OF EDUCATION DISTRICT 1,,CARLOS CHARLIE GARZA,REP,8,1,18,0,27,9,18
El Paso,179-CAPISTRANO ELEMENTARY,MEMBER STATE BOARD OF EDUCATION DISTRICT 1,,MARTHA M. DOMINGUEZ,DEM,74,0,112,0,186,74,112
El Paso,179-CAPISTRANO ELEMENTARY,STATE SENATOR DISTRICT 29,,DAN CHAVEZ,REP,9,1,18,0,28,10,18
El Paso,179-CAPISTRANO ELEMENTARY,STATE SENATOR DISTRICT 29,,JOSE R. RODRIGUEZ,DEM,74,0,111,0,185,74,111
El Paso,179-CAPISTRANO ELEMENTARY,STATE REPRESENTATIVE DISTRICT 76,,NAOMI R. GONZALEZ,DEM,74,1,118,0,193,75,118
El Paso,179-CAPISTRANO ELEMENTARY,"CHIEF JUSTICE, COURT OF APPEALS 8TH DISTRICT",,ANN CRAWFORD MCCLURE,DEM,74,1,114,0,189,75,114
El Paso,179-CAPISTRANO ELEMENTARY,"JUSTICE, 8TH COURT OF APPEALS DISTRICT, PLACE 2",,CHRIS ANTCLIFF,REP,11,1,16,0,28,12,16
El Paso,179-CAPISTRANO ELEMENTARY,"JUSTICE, 8TH COURT OF APPEALS DISTRICT, PLACE 2",,YVONNE RODRIGUEZ,DEM,70,0,114,0,184,70,114
El Paso,179-CAPISTRANO ELEMENTARY,"JUSTICE, 8TH COURT OF APPEALS DISTRICT, PLACE 3",,GUADALUPE LUPE RIVER,DEM,74,1,121,0,196,75,121
El Paso,179-CAPISTRANO ELEMENTARY,"DISTRICT JUDGE, 34TH JUDICIAL DISTRICT",,BILL MOODY,DEM,76,1,118,0,195,77,118
El Paso,179-CAPISTRANO ELEMENTARY,"DISTRICT JUDGE, 41ST JUDICIAL DISTRICT",,ANNA PEREZ,DEM,74,1,119,0,194,75,119
El Paso,179-CAPISTRANO ELEMENTARY,"DISTRICT JUDGE, 243RD JUDICIAL DISTRICT",,BILLY DON HICKS,REP,9,1,16,0,26,10,16
El Paso,179-CAPISTRANO ELEMENTARY,"DISTRICT JUDGE, 243RD JUDICIAL DISTRICT",,LUIS AGUILAR,DEM,71,0,115,0,186,71,115
El Paso,179-CAPISTRANO ELEMENTARY,"DISTRICT JUDGE, 346TH JUDICIAL DISTRICT",,ANGIE J. BARILL,DEM,74,1,118,0,193,75,118
El Paso,179-CAPISTRANO ELEMENTARY,"DISTRICT JUDGE, 383RD JUDICIAL DISTRICT",,MIKE HERRERA,DEM,74,1,123,0,198,75,123
El Paso,179-CAPISTRANO ELEMENTARY,"DISTRICT JUDGE, 384TH JUDICIAL DISTRICT",,PATRICK M. GARCIA,DEM,74,1,118,0,193,75,118
El Paso,179-CAPISTRANO ELEMENTARY,"DISTRICT JUDGE, 388TH JUDICIAL DISTRICT",,LAURA STRATHMANN,DEM,75,1,118,0,194,76,118
El Paso,179-CAPISTRANO ELEMENTARY,"DISTRICT JUDGE, 409TH JUDICIAL DISTRICT",,SAM MEDRANO JR,DEM,74,1,116,0,191,75,116
El Paso,179-CAPISTRANO ELEMENTARY,"DISTRICT JUDGE, 448TH JUDICIAL DISTRICT",,SERGIO H. ENRIQUEZ,DEM,74,1,119,0,194,75,119
El Paso,179-CAPISTRANO ELEMENTARY,"CRIMINAL DISTRICT JUDGE, COURT NO. 1",,DIANE NAVARRETE,DEM,75,1,117,0,193,76,117
El Paso,179-CAPISTRANO ELEMENTARY,"FAMILY DISTRICT JUDGE, 65TH JUDICIAL DISTRICT",,YAHARA L. GUTIERREZ,DEM,74,1,118,0,193,75,118
El Paso,179-CAPISTRANO ELEMENTARY,"DISTRICT ATTORNEY, 34TH JUDICIAL DISTRICT",,JAIME ESPARZA,DEM,75,1,121,0,197,76,121
El Paso,179-CAPISTRANO ELEMENTARY,"JUDGE, COUNTY CRIMINAL COURT NO. 3",,CARLOS CARRASCO,DEM,75,1,116,0,192,76,116
El Paso,179-CAPISTRANO ELEMENTARY,"JUDGE, COUNTY CRIMINAL COURT NO. 4",,JESUS HERRERA,DEM,74,1,118,0,193,75,118
El Paso,179-CAPISTRANO ELEMENTARY,COUNTY ATTORNEY,,JO ANNE BERNAL,DEM,73,1,118,0,192,74,118
El Paso,179-CAPISTRANO ELEMENTARY,SHERIFF,,RICHARD D. WILES,DEM,72,1,119,0,192,73,119
El Paso,179-CAPISTRANO ELEMENTARY,COUNTY TAX ASSESSOR COLLECTOR,,VICTOR A. FLORES,DEM,74,1,119,0,194,75,119
El Paso,179-CAPISTRANO ELEMENTARY,"COUNTY COMMISSIONER, PRECINCT NO. 3",,FRED CHAVEZ,REP,12,1,18,0,31,13,18
El Paso,179-CAPISTRANO ELEMENTARY,"COUNTY COMMISSIONER, PRECINCT NO. 3",,VINCENT VINCE PEREZ,DEM,71,0,108,0,179,71,108
El Paso,179-CAPISTRANO ELEMENTARY,"CONSTABLE, PRECINCT NO. 5",,MANNY LOPEZ,DEM,74,1,118,0,193,75,118
El Paso,180-DESERT WIND PRE K,HRMUD PROPOSITION 1,,FOR (A FAVOR),NP,48,4,157,0,209,52,157
El Paso,180-DESERT WIND PRE K,HRMUD PROPOSITION 1,,AGAINST (EN CONTRA),NP,34,3,117,0,154,37,117
El Paso,180-DESERT WIND PRE K,"LOWER VALLEY WATER DIST, PLACE 4",,DAVID ARMSTRONG,NP,0,0,0,0,0,0,0
El Paso,180-DESERT WIND PRE K,"LOWER VALLEY WATER DIST, PLACE 4",,JERRY GRIJALVA,NP,0,0,0,0,0,0,0
El Paso,180-DESERT WIND PRE K,"LOWER VALLEY WATER DIST, PLACE 4",,DAVID T GARCIA,NP,0,0,0,1,1,0,1
El Paso,180-DESERT WIND PRE K,"LOWER VALLEY WATER DIST, PLACE 5",,DAVID CARRASCO,NP,0,0,0,1,1,0,1
El Paso,180-DESERT WIND PRE K,"LOWER VALLEY WATER DIST, PLACE 5",,WARREN JORGENSEN,NP,0,0,0,0,0,0,0
El Paso,180-DESERT WIND PRE K,STRAIGHT PARTY,,REPUBLICAN,REP,9,1,32,0,42,10,32
El Paso,180-DESERT WIND PRE K,STRAIGHT PARTY,,DEMOCRAT,DEM,71,3,253,1,328,74,254
El Paso,180-DESERT WIND PRE K,STRAIGHT PARTY,,LIBERTARIAN,LIB,0,0,2,0,2,0,2
El Paso,180-DESERT WIND PRE K,STRAIGHT PARTY,,GREEN,GRN,0,0,0,0,0,0,0
El Paso,180-DESERT WIND PRE K,US PRESIDENT,,MITT ROMNEY,REP,11,3,44,1,59,14,45
El Paso,180-DESERT WIND PRE K,US PRESIDENT,,BARACK OBAMA,DEM,87,6,285,1,379,93,286
El Paso,180-DESERT WIND PRE K,US PRESIDENT,,GARY JOHNSON,LIB,0,0,2,0,2,0,2
El Paso,180-DESERT WIND PRE K,US PRESIDENT,,JILL STEIN,GRN,0,0,0,0,0,0,0
El Paso,180-DESERT WIND PRE K,US PRESIDENT,,WRITE-IN,NP,0,0,1,0,1,0,1
El Paso,180-DESERT WIND PRE K,US SENATOR,,TED CRUZ,REP,17,3,51,1,72,20,52
El Paso,180-DESERT WIND PRE K,US SENATOR,,PAUL SADLER,DEM,78,5,267,1,351,83,268
El Paso,180-DESERT WIND PRE K,US SENATOR,,JOHN JAY MYERS,LIB,2,0,4,0,6,2,4
El Paso,180-DESERT WIND PRE K,US SENATOR,,DAVID B. COLLINS,GRN,1,0,7,0,8,1,7
El Paso,180-DESERT WIND PRE K,US REP DISTRICT 23,,FRANCISCO QUICO CANS,REP,10,2,42,0,54,12,42
El Paso,180-DESERT WIND PRE K,US REP DISTRICT 23,,PETE P. GALLEGO,DEM,83,5,277,2,367,88,279
El Paso,180-DESERT WIND PRE K,US REP DISTRICT 23,,JEFFREY C. BLUNT,LIB,3,0,7,0,10,3,7
El Paso,180-DESERT WIND PRE K,US REP DISTRICT 23,,ED SCHARF,GRN,1,1,2,0,4,2,2
El Paso,180-DESERT WIND PRE K,RAILROAD COMMISSIONER,,CHRISTI CRADDICK,REP,12,4,39,1,56,16,40
El Paso,180-DESERT WIND PRE K,RAILROAD COMMISSIONER,,DALE HENRY,DEM,78,4,273,1,356,82,274
El Paso,180-DESERT WIND PRE K,RAILROAD COMMISSIONER,,VIVEKANANDA (VIK) WA,LIB,3,0,4,0,7,3,4
El Paso,180-DESERT WIND PRE K,RAILROAD COMMISSIONER,,CHRIS KENNEDY,GRN,3,0,10,0,13,3,10
El Paso,180-DESERT WIND PRE K,RAILROAD COMMISSIONER,,BARRY SMITHERMAN,REP,21,4,75,0,100,25,75
El Paso,180-DESERT WIND PRE K,RAILROAD COMMISSIONER,,JAIME O. PEREZ,LIB,37,2,129,1,169,39,130
El Paso,180-DESERT WIND PRE K,RAILROAD COMMISSIONER,,JOSH WENDEL,GRN,8,0,29,0,37,8,29
El Paso,180-DESERT WIND PRE K,"JUSTICE, SUPREME COURT, PLACE 2",,DON WILLETT,REP,30,3,97,1,131,33,98
El Paso,180-DESERT WIND PRE K,"JUSTICE, SUPREME COURT, PLACE 2",,RS ROBERT KOELSCH,LIB,32,3,128,1,164,35,129
El Paso,180-DESERT WIND PRE K,"JUSTICE, SUPREME COURT, PLACE 4",,JOHN DEVINE,REP,29,4,94,1,128,33,95
El Paso,180-DESERT WIND PRE K,"JUSTICE, SUPREME COURT, PLACE 4",,TOM OXFORD,LIB,28,1,89,1,119,29,90
El Paso,180-DESERT WIND PRE K,"JUSTICE, SUPREME COURT, PLACE 4",,CHARLES E. WATERBURY,GRN,7,0,41,0,48,7,41
El Paso,180-DESERT WIND PRE K,"JUSTICE, SUPREME COURT, PLACE 6",,NATHAN HECHT,REP,12,2,37,0,51,14,37
El Paso,180-DESERT WIND PRE K,"JUSTICE, SUPREME COURT, PLACE 6",,MICHELE PETTY,DEM,80,5,281,1,367,85,282
El Paso,180-DESERT WIND PRE K,"JUSTICE, SUPREME COURT, PLACE 6",,MARK ASH,LIB,2,0,6,0,8,2,6
El Paso,180-DESERT WIND PRE K,"JUSTICE, SUPREME COURT, PLACE 6",,JIM CHISHOLM,GRN,3,0,2,0,5,3,2
El Paso,180-DESERT WIND PRE K,"PRESIDING JUDGE, COURT OF CRIMINAL APPEALS",,SHARON KELLER,REP,15,3,47,0,65,18,47
El Paso,180-DESERT WIND PRE K,"PRESIDING JUDGE, COURT OF CRIMINAL APPEALS",,KEITH HAMPTON,DEM,79,5,273,1,358,84,274
El Paso,180-DESERT WIND PRE K,"PRESIDING JUDGE, COURT OF CRIMINAL APPEALS",,LANCE STOTT,LIB,3,0,7,0,10,3,7
El Paso,180-DESERT WIND PRE K,"JUDGE, COURT OF CRIMINAL APPEALS, PLACE 7",,BARBARA PARKER HERVE,REP,33,4,110,0,147,37,110
El Paso,180-DESERT WIND PRE K,"JUDGE, COURT OF CRIMINAL APPEALS, PLACE 7",,MARK W. BENNETT,LIB,27,2,115,1,145,29,116
El Paso,180-DESERT WIND PRE K,"JUDGE, COURT OF CRIMINAL APPEALS, PLACE 8",,ELSA ALCALA,REP,37,4,112,0,153,41,112
El Paso,180-DESERT WIND PRE K,"JUDGE, COURT OF CRIMINAL APPEALS, PLACE 8",,WILLIAM BRYAN STRANG,LIB,23,2,108,1,134,25,109
El Paso,180-DESERT WIND PRE K,MEMBER STATE BOARD OF EDUCATION DISTRICT 1,,CARLOS CHARLIE GARZA,REP,15,3,43,1,62,18,44
El Paso,180-DESERT WIND PRE K,MEMBER STATE BOARD OF EDUCATION DISTRICT 1,,MARTHA M. DOMINGUEZ,DEM,82,5,285,1,373,87,286
El Paso,180-DESERT WIND PRE K,STATE SENATOR DISTRICT 29,,DAN CHAVEZ,REP,14,2,42,1,59,16,43
El Paso,180-DESERT WIND PRE K,STATE SENATOR DISTRICT 29,,JOSE R. RODRIGUEZ,DEM,84,6,284,1,375,90,285
El Paso,180-DESERT WIND PRE K,STATE REPRESENTATIVE DISTRICT 75,,MARY E. GONZALEZ,DEM,89,7,297,1,394,96,298
El Paso,180-DESERT WIND PRE K,"CHIEF JUSTICE, COURT OF APPEALS 8TH DISTRICT",,ANN CRAWFORD MCCLURE,DEM,87,7,300,2,396,94,302
El Paso,180-DESERT WIND PRE K,"JUSTICE, 8TH COURT OF APPEALS DISTRICT, PLACE 2",,CHRIS ANTCLIFF,REP,13,3,36,0,52,16,36
El Paso,180-DESERT WIND PRE K,"JUSTICE, 8TH COURT OF APPEALS DISTRICT, PLACE 2",,YVONNE RODRIGUEZ,DEM,83,5,289,1,378,88,290
El Paso,180-DESERT WIND PRE K,"JUSTICE, 8TH COURT OF APPEALS DISTRICT, PLACE 3",,GUADALUPE LUPE RIVER,DEM,87,7,297,1,392,94,298
El Paso,180-DESERT WIND PRE K,"DISTRICT JUDGE, 34TH JUDICIAL DISTRICT",,BILL MOODY,DEM,84,7,297,2,390,91,299
El Paso,180-DESERT WIND PRE K,"DISTRICT JUDGE, 41ST JUDICIAL DISTRICT",,ANNA PEREZ,DEM,87,7,296,1,391,94,297
El Paso,180-DESERT WIND PRE K,"DISTRICT JUDGE, 243RD JUDICIAL DISTRICT",,BILLY DON HICKS,REP,17,4,45,0,66,21,45
El Paso,180-DESERT WIND PRE K,"DISTRICT JUDGE, 243RD JUDICIAL DISTRICT",,LUIS AGUILAR,DEM,81,4,278,1,364,85,279
El Paso,180-DESERT WIND PRE K,"DISTRICT JUDGE, 346TH JUDICIAL DISTRICT",,ANGIE J. BARILL,DEM,87,7,293,1,388,94,294
El Paso,180-DESERT WIND PRE K,"DISTRICT JUDGE, 383RD JUDICIAL DISTRICT",,MIKE HERRERA,DEM,89,7,294,1,391,96,295
El Paso,180-DESERT WIND PRE K,"DISTRICT JUDGE, 384TH JUDICIAL DISTRICT",,PATRICK M. GARCIA,DEM,85,7,296,1,389,92,297
El Paso,180-DESERT WIND PRE K,"DISTRICT JUDGE, 388TH JUDICIAL DISTRICT",,LAURA STRATHMANN,DEM,88,7,295,1,391,95,296
El Paso,180-DESERT WIND PRE K,"DISTRICT JUDGE, 409TH JUDICIAL DISTRICT",,SAM MEDRANO JR,DEM,86,7,294,1,388,93,295
El Paso,180-DESERT WIND PRE K,"DISTRICT JUDGE, 448TH JUDICIAL DISTRICT",,SERGIO H. ENRIQUEZ,DEM,88,7,293,1,389,95,294
El Paso,180-DESERT WIND PRE K,"CRIMINAL DISTRICT JUDGE, COURT NO. 1",,DIANE NAVARRETE,DEM,87,7,294,1,389,94,295
El Paso,180-DESERT WIND PRE K,"FAMILY DISTRICT JUDGE, 65TH JUDICIAL DISTRICT",,YAHARA L. GUTIERREZ,DEM,86,7,294,2,389,93,296
El Paso,180-DESERT WIND PRE K,"DISTRICT ATTORNEY, 34TH JUDICIAL DISTRICT",,JAIME ESPARZA,DEM,89,7,293,2,391,96,295
El Paso,180-DESERT WIND PRE K,"JUDGE, COUNTY CRIMINAL COURT NO. 3",,CARLOS CARRASCO,DEM,87,7,294,1,389,94,295
El Paso,180-DESERT WIND PRE K,"JUDGE, COUNTY CRIMINAL COURT NO. 4",,JESUS HERRERA,DEM,90,7,293,1,391,97,294
El Paso,180-DESERT WIND PRE K,COUNTY ATTORNEY,,JO ANNE BERNAL,DEM,90,7,296,1,394,97,297
El Paso,180-DESERT WIND PRE K,SHERIFF,,RICHARD D. WILES,DEM,89,7,292,2,390,96,294
El Paso,180-DESERT WIND PRE K,COUNTY TAX ASSESSOR COLLECTOR,,VICTOR A. FLORES,DEM,90,7,293,2,392,97,295
El Paso,180-DESERT WIND PRE K,"COUNTY COMMISSIONER, PRECINCT NO. 3",,FRED CHAVEZ,REP,18,3,45,0,66,21,45
El Paso,180-DESERT WIND PRE K,"COUNTY COMMISSIONER, PRECINCT NO. 3",,VINCENT VINCE PEREZ,DEM,82,5,277,1,365,87,278
El Paso,180-DESERT WIND PRE K,"CONSTABLE, PRECINCT NO. 6",,JAVIER GARCIA,DEM,91,7,296,1,395,98,297
El Paso,181-EL DORADO 9TH GRD,STRAIGHT PARTY,,REPUBLICAN,REP,2,0,1,0,3,2,1
El Paso,181-EL DORADO 9TH GRD,STRAIGHT PARTY,,DEMOCRAT,DEM,8,0,8,0,16,8,8
El Paso,181-EL DORADO 9TH GRD,STRAIGHT PARTY,,LIBERTARIAN,LIB,0,0,1,0,1,0,1
El Paso,181-EL DORADO 9TH GRD,STRAIGHT PARTY,,GREEN,GRN,0,0,0,0,0,0,0
El Paso,181-EL DORADO 9TH GRD,US PRESIDENT,,MITT ROMNEY,REP,3,1,3,0,7,4,3
El Paso,181-EL DORADO 9TH GRD,US PRESIDENT,,BARACK OBAMA,DEM,10,0,11,0,21,10,11
El Paso,181-EL DORADO 9TH GRD,US PRESIDENT,,GARY JOHNSON,LIB,0,0,0,0,0,0,0
El Paso,181-EL DORADO 9TH GRD,US PRESIDENT,,JILL STEIN,GRN,0,0,0,0,0,0,0
El Paso,181-EL DORADO 9TH GRD,US PRESIDENT,,WRITE-IN,NP,0,0,0,0,0,0,0
El Paso,181-EL DORADO 9TH GRD,US SENATOR,,TED CRUZ,REP,3,1,4,0,8,4,4
El Paso,181-EL DORADO 9TH GRD,US SENATOR,,PAUL SADLER,DEM,9,0,9,0,18,9,9
El Paso,181-EL DORADO 9TH GRD,US SENATOR,,JOHN JAY MYERS,LIB,1,0,0,0,1,1,0
El Paso,181-EL DORADO 9TH GRD,US SENATOR,,DAVID B. COLLINS,GRN,0,0,0,0,0,0,0
El Paso,181-EL DORADO 9TH GRD,US REP DISTRICT 16,,BARBARA CARRASCO,REP,4,1,3,0,8,5,3
El Paso,181-EL DORADO 9TH GRD,US REP DISTRICT 16,,BETO OROURKE,DEM,9,0,11,0,20,9,11
El Paso,181-EL DORADO 9TH GRD,US REP DISTRICT 16,,JUNART SODOY,LIB,0,0,0,0,0,0,0
El Paso,181-EL DORADO 9TH GRD,RAILROAD COMMISSIONER,,CHRISTI CRADDICK,REP,3,1,3,0,7,4,3
El Paso,181-EL DORADO 9TH GRD,RAILROAD COMMISSIONER,,DALE HENRY,DEM,9,0,9,0,18,9,9
El Paso,181-EL DORADO 9TH GRD,RAILROAD COMMISSIONER,,VIVEKANANDA (VIK) WA,LIB,1,0,1,0,2,1,1
El Paso,181-EL DORADO 9TH GRD,RAILROAD COMMISSIONER,,CHRIS KENNEDY,GRN,0,0,0,0,0,0,0
El Paso,181-EL DORADO 9TH GRD,RAILROAD COMMISSIONER,,BARRY SMITHERMAN,REP,5,1,4,0,10,6,4
El Paso,181-EL DORADO 9TH GRD,RAILROAD COMMISSIONER,,JAIME O. PEREZ,LIB,3,0,6,0,9,3,6
El Paso,181-EL DORADO 9TH GRD,RAILROAD COMMISSIONER,,JOSH WENDEL,GRN,1,0,0,0,1,1,0
El Paso,181-EL DORADO 9TH GRD,"JUSTICE, SUPREME COURT, PLACE 2",,DON WILLETT,REP,5,1,7,0,13,6,7
El Paso,181-EL DORADO 9TH GRD,"JUSTICE, SUPREME COURT, PLACE 2",,RS ROBERT KOELSCH,LIB,4,0,4,0,8,4,4
El Paso,181-EL DORADO 9TH GRD,"JUSTICE, SUPREME COURT, PLACE 4",,JOHN DEVINE,REP,7,1,5,0,13,8,5
El Paso,181-EL DORADO 9TH GRD,"JUSTICE, SUPREME COURT, PLACE 4",,TOM OXFORD,LIB,1,0,5,0,6,1,5
El Paso,181-EL DORADO 9TH GRD,"JUSTICE, SUPREME COURT, PLACE 4",,CHARLES E. WATERBURY,GRN,1,0,1,0,2,1,1
El Paso,181-EL DORADO 9TH GRD,"JUSTICE, SUPREME COURT, PLACE 6",,NATHAN HECHT,REP,3,1,2,0,6,4,2
El Paso,181-EL DORADO 9TH GRD,"JUSTICE, SUPREME COURT, PLACE 6",,MICHELE PETTY,DEM,9,0,10,0,19,9,10
El Paso,181-EL DORADO 9TH GRD,"JUSTICE, SUPREME COURT, PLACE 6",,MARK ASH,LIB,0,0,1,0,1,0,1
El Paso,181-EL DORADO 9TH GRD,"JUSTICE, SUPREME COURT, PLACE 6",,JIM CHISHOLM,GRN,0,0,0,0,0,0,0
El Paso,181-EL DORADO 9TH GRD,"PRESIDING JUDGE, COURT OF CRIMINAL APPEALS",,SHARON KELLER,REP,4,1,2,0,7,5,2
El Paso,181-EL DORADO 9TH GRD,"PRESIDING JUDGE, COURT OF CRIMINAL APPEALS",,KEITH HAMPTON,DEM,9,0,9,0,18,9,9
El Paso,181-EL DORADO 9TH GRD,"PRESIDING JUDGE, COURT OF CRIMINAL APPEALS",,LANCE STOTT,LIB,0,0,2,0,2,0,2
El Paso,181-EL DORADO 9TH GRD,"JUDGE, COURT OF CRIMINAL APPEALS, PLACE 7",,BARBARA PARKER HERVE,REP,6,1,8,0,15,7,8
El Paso,181-EL DORADO 9TH GRD,"JUDGE, COURT OF CRIMINAL APPEALS, PLACE 7",,MARK W. BENNETT,LIB,3,0,3,0,6,3,3
El Paso,181-EL DORADO 9TH GRD,"JUDGE, COURT OF CRIMINAL APPEALS, PLACE 8",,ELSA ALCALA,REP,7,1,8,0,16,8,8
El Paso,181-EL DORADO 9TH GRD,"JUDGE, COURT OF CRIMINAL APPEALS, PLACE 8",,WILLIAM BRYAN STRANG,LIB,2,0,3,0,5,2,3
El Paso,181-EL DORADO 9TH GRD,MEMBER STATE BOARD OF EDUCATION DISTRICT 1,,CARLOS CHARLIE GARZA,REP,3,1,3,0,7,4,3
El Paso,181-EL DORADO 9TH GRD,MEMBER STATE BOARD OF EDUCATION DISTRICT 1,,MARTHA M. DOMINGUEZ,DEM,10,0,10,0,20,10,10
El Paso,181-EL DORADO 9TH GRD,STATE SENATOR DISTRICT 29,,DAN CHAVEZ,REP,2,1,4,0,7,3,4
El Paso,181-EL DORADO 9TH GRD,STATE SENATOR DISTRICT 29,,JOSE R. RODRIGUEZ,DEM,10,0,10,0,20,10,10
El Paso,181-EL DORADO 9TH GRD,STATE REPRESENTATIVE DISTRICT 75,,MARY E. GONZALEZ,DEM,11,1,12,0,24,12,12
El Paso,181-EL DORADO 9TH GRD,"CHIEF JUSTICE, COURT OF APPEALS 8TH DISTRICT",,ANN CRAWFORD MCCLURE,DEM,10,1,12,0,23,11,12
El Paso,181-EL DORADO 9TH GRD,"JUSTICE, 8TH COURT OF APPEALS DISTRICT, PLACE 2",,CHRIS ANTCLIFF,REP,4,1,2,0,7,5,2
El Paso,181-EL DORADO 9TH GRD,"JUSTICE, 8TH COURT OF APPEALS DISTRICT, PLACE 2",,YVONNE RODRIGUEZ,DEM,8,0,11,0,19,8,11
El Paso,181-EL DORADO 9TH GRD,"JUSTICE, 8TH COURT OF APPEALS DISTRICT, PLACE 3",,GUADALUPE LUPE RIVER,DEM,11,1,12,0,24,12,12
El Paso,181-EL DORADO 9TH GRD,"DISTRICT JUDGE, 34TH JUDICIAL DISTRICT",,BILL MOODY,DEM,10,1,12,0,23,11,12
El Paso,181-EL DORADO 9TH GRD,"DISTRICT JUDGE, 41ST JUDICIAL DISTRICT",,ANNA PEREZ,DEM,9,1,12,0,22,10,12
El Paso,181-EL DORADO 9TH GRD,"DISTRICT JUDGE, 243RD JUDICIAL DISTRICT",,BILLY DON HICKS,REP,3,1,2,0,6,4,2
El Paso,181-EL DORADO 9TH GRD,"DISTRICT JUDGE, 243RD JUDICIAL DISTRICT",,LUIS AGUILAR,DEM,9,0,10,0,19,9,10
El Paso,181-EL DORADO 9TH GRD,"DISTRICT JUDGE, 346TH JUDICIAL DISTRICT",,ANGIE J. BARILL,DEM,10,1,12,0,23,11,12
El Paso,181-EL DORADO 9TH GRD,"DISTRICT JUDGE, 383RD JUDICIAL DISTRICT",,MIKE HERRERA,DEM,11,1,12,0,24,12,12
El Paso,181-EL DORADO 9TH GRD,"DISTRICT JUDGE, 384TH JUDICIAL DISTRICT",,PATRICK M. GARCIA,DEM,11,1,11,0,23,12,11
El Paso,181-EL DORADO 9TH GRD,"DISTRICT JUDGE, 388TH JUDICIAL DISTRICT",,LAURA STRATHMANN,DEM,12,1,12,0,25,13,12
El Paso,181-EL DORADO 9TH GRD,"DISTRICT JUDGE, 409TH JUDICIAL DISTRICT",,SAM MEDRANO JR,DEM,11,1,11,0,23,12,11
El Paso,181-EL DORADO 9TH GRD,"DISTRICT JUDGE, 448TH JUDICIAL DISTRICT",,SERGIO H. ENRIQUEZ,DEM,12,1,11,0,24,13,11
El Paso,181-EL DORADO 9TH GRD,"CRIMINAL DISTRICT JUDGE, COURT NO. 1",,DIANE NAVARRETE,DEM,11,1,12,0,24,12,12
El Paso,181-EL DORADO 9TH GRD,"FAMILY DISTRICT JUDGE, 65TH JUDICIAL DISTRICT",,YAHARA L. GUTIERREZ,DEM,11,1,12,0,24,12,12
El Paso,181-EL DORADO 9TH GRD,"DISTRICT ATTORNEY, 34TH JUDICIAL DISTRICT",,JAIME ESPARZA,DEM,11,1,10,0,22,12,10
El Paso,181-EL DORADO 9TH GRD,"JUDGE, COUNTY CRIMINAL COURT NO. 3",,CARLOS CARRASCO,DEM,11,1,11,0,23,12,11
El Paso,181-EL DORADO 9TH GRD,"JUDGE, COUNTY CRIMINAL COURT NO. 4",,JESUS HERRERA,DEM,11,1,10,0,22,12,10
El Paso,181-EL DORADO 9TH GRD,COUNTY ATTORNEY,,JO ANNE BERNAL,DEM,11,1,11,0,23,12,11
El Paso,181-EL DORADO 9TH GRD,SHERIFF,,RICHARD D. WILES,DEM,10,1,11,0,22,11,11
El Paso,181-EL DORADO 9TH GRD,COUNTY TAX ASSESSOR COLLECTOR,,VICTOR A. FLORES,DEM,12,1,11,0,24,13,11
El Paso,181-EL DORADO 9TH GRD,"COUNTY COMMISSIONER, PRECINCT NO. 3",,FRED CHAVEZ,REP,4,1,2,0,7,5,2
El Paso,181-EL DORADO 9TH GRD,"COUNTY COMMISSIONER, PRECINCT NO. 3",,VINCENT VINCE PEREZ,DEM,8,0,10,0,18,8,10
El Paso,181-EL DORADO 9TH GRD,"CONSTABLE, PRECINCT NO. 6",,JAVIER GARCIA,DEM,12,1,13,0,26,13,13
El Paso,182-HURSHEL ANTWINE ELEMENTARY,"CITY OF EL PASO, PROPOSITION",,FOR (A FAVOR),NP,57,1,64,0,122,58,64
El Paso,182-HURSHEL ANTWINE ELEMENTARY,"CITY OF EL PASO, PROPOSITION",,AGAINST (EN CONTRA),NP,8,0,17,0,25,8,17
El Paso,182-HURSHEL ANTWINE ELEMENTARY,"CITY OF EL PASO, PROPOSITION",,FOR (A FAVOR),NP,53,1,58,0,112,54,58
El Paso,182-HURSHEL ANTWINE ELEMENTARY,"CITY OF EL PASO, PROPOSITION",,AGAINST (EN CONTRA),NP,9,0,22,0,31,9,22
El Paso,182-HURSHEL ANTWINE ELEMENTARY,"CITY OF EL PASO, PROPOSITION",,FOR (A FAVOR),NP,42,1,50,0,93,43,50
El Paso,182-HURSHEL ANTWINE ELEMENTARY,"CITY OF EL PASO, PROPOSITION",,AGAINST (EN CONTRA),NP,22,0,32,0,54,22,32
El Paso,182-HURSHEL ANTWINE ELEMENTARY,STRAIGHT PARTY,,REPUBLICAN,REP,17,0,24,0,41,17,24
El Paso,182-HURSHEL ANTWINE ELEMENTARY,STRAIGHT PARTY,,DEMOCRAT,DEM,43,1,46,0,90,44,46
El Paso,182-HURSHEL ANTWINE ELEMENTARY,STRAIGHT PARTY,,LIBERTARIAN,LIB,2,0,1,0,3,2,1
El Paso,182-HURSHEL ANTWINE ELEMENTARY,STRAIGHT PARTY,,GREEN,GRN,0,0,0,0,0,0,0
El Paso,182-HURSHEL ANTWINE ELEMENTARY,US PRESIDENT,,MITT ROMNEY,REP,28,0,32,0,60,28,32
El Paso,182-HURSHEL ANTWINE ELEMENTARY,US PRESIDENT,,BARACK OBAMA,DEM,60,1,62,0,123,61,62
El Paso,182-HURSHEL ANTWINE ELEMENTARY,US PRESIDENT,,GARY JOHNSON,LIB,0,0,1,0,1,0,1
El Paso,182-HURSHEL ANTWINE ELEMENTARY,US PRESIDENT,,JILL STEIN,GRN,0,0,0,0,0,0,0
El Paso,182-HURSHEL ANTWINE ELEMENTARY,US PRESIDENT,,WRITE-IN,NP,0,0,0,0,0,0,0
El Paso,182-HURSHEL ANTWINE ELEMENTARY,US SENATOR,,TED CRUZ,REP,30,0,35,0,65,30,35
El Paso,182-HURSHEL ANTWINE ELEMENTARY,US SENATOR,,PAUL SADLER,DEM,54,1,55,0,110,55,55
El Paso,182-HURSHEL ANTWINE ELEMENTARY,US SENATOR,,JOHN JAY MYERS,LIB,2,0,4,0,6,2,4
El Paso,182-HURSHEL ANTWINE ELEMENTARY,US SENATOR,,DAVID B. COLLINS,GRN,0,0,1,0,1,0,1
El Paso,182-HURSHEL ANTWINE ELEMENTARY,US REP DISTRICT 16,,BARBARA CARRASCO,REP,28,0,38,0,66,28,38
El Paso,182-HURSHEL ANTWINE ELEMENTARY,US REP DISTRICT 16,,BETO OROURKE,DEM,57,1,55,0,113,58,55
El Paso,182-HURSHEL ANTWINE ELEMENTARY,US REP DISTRICT 16,,JUNART SODOY,LIB,2,0,2,0,4,2,2
El Paso,182-HURSHEL ANTWINE ELEMENTARY,RAILROAD COMMISSIONER,,CHRISTI CRADDICK,REP,29,0,37,0,66,29,37
El Paso,182-HURSHEL ANTWINE ELEMENTARY,RAILROAD COMMISSIONER,,DALE HENRY,DEM,54,0,50,0,104,54,50
El Paso,182-HURSHEL ANTWINE ELEMENTARY,RAILROAD COMMISSIONER,,VIVEKANANDA (VIK) WA,LIB,2,0,4,0,6,2,4
El Paso,182-HURSHEL ANTWINE ELEMENTARY,RAILROAD COMMISSIONER,,CHRIS KENNEDY,GRN,0,1,3,0,4,1,3
El Paso,182-HURSHEL ANTWINE ELEMENTARY,RAILROAD COMMISSIONER,,BARRY SMITHERMAN,REP,37,0,38,0,75,37,38
El Paso,182-HURSHEL ANTWINE ELEMENTARY,RAILROAD COMMISSIONER,,JAIME O. PEREZ,LIB,26,1,31,0,58,27,31
El Paso,182-HURSHEL ANTWINE ELEMENTARY,RAILROAD COMMISSIONER,,JOSH WENDEL,GRN,3,0,6,0,9,3,6
El Paso,182-HURSHEL ANTWINE ELEMENTARY,"JUSTICE, SUPREME COURT, PLACE 2",,DON WILLETT,REP,39,0,46,0,85,39,46
El Paso,182-HURSHEL ANTWINE ELEMENTARY,"JUSTICE, SUPREME COURT, PLACE 2",,RS ROBERT KOELSCH,LIB,24,1,29,0,54,25,29
El Paso,182-HURSHEL ANTWINE ELEMENTARY,"JUSTICE, SUPREME COURT, PLACE 4",,JOHN DEVINE,REP,38,0,45,0,83,38,45
El Paso,182-HURSHEL ANTWINE ELEMENTARY,"JUSTICE, SUPREME COURT, PLACE 4",,TOM OXFORD,LIB,19,1,23,0,43,20,23
El Paso,182-HURSHEL ANTWINE ELEMENTARY,"JUSTICE, SUPREME COURT, PLACE 4",,CHARLES E. WATERBURY,GRN,6,0,6,0,12,6,6
El Paso,182-HURSHEL ANTWINE ELEMENTARY,"JUSTICE, SUPREME COURT, PLACE 6",,NATHAN HECHT,REP,26,0,33,0,59,26,33
El Paso,182-HURSHEL ANTWINE ELEMENTARY,"JUSTICE, SUPREME COURT, PLACE 6",,MICHELE PETTY,DEM,55,1,56,0,112,56,56
El Paso,182-HURSHEL ANTWINE ELEMENTARY,"JUSTICE, SUPREME COURT, PLACE 6",,MARK ASH,LIB,3,0,4,0,7,3,4
El Paso,182-HURSHEL ANTWINE ELEMENTARY,"JUSTICE, SUPREME COURT, PLACE 6",,JIM CHISHOLM,GRN,0,0,2,0,2,0,2
El Paso,182-HURSHEL ANTWINE ELEMENTARY,"PRESIDING JUDGE, COURT OF CRIMINAL APPEALS",,SHARON KELLER,REP,30,0,36,0,66,30,36
El Paso,182-HURSHEL ANTWINE ELEMENTARY,"PRESIDING JUDGE, COURT OF CRIMINAL APPEALS",,KEITH HAMPTON,DEM,52,1,57,0,110,53,57
El Paso,182-HURSHEL ANTWINE ELEMENTARY,"PRESIDING JUDGE, COURT OF CRIMINAL APPEALS",,LANCE STOTT,LIB,2,0,2,0,4,2,2
El Paso,182-HURSHEL ANTWINE ELEMENTARY,"JUDGE, COURT OF CRIMINAL APPEALS, PLACE 7",,BARBARA PARKER HERVE,REP,44,0,47,0,91,44,47
El Paso,182-HURSHEL ANTWINE ELEMENTARY,"JUDGE, COURT OF CRIMINAL APPEALS, PLACE 7",,MARK W. BENNETT,LIB,23,1,32,0,56,24,32
El Paso,182-HURSHEL ANTWINE ELEMENTARY,"JUDGE, COURT OF CRIMINAL APPEALS, PLACE 8",,ELSA ALCALA,REP,41,0,49,0,90,41,49
El Paso,182-HURSHEL ANTWINE ELEMENTARY,"JUDGE, COURT OF CRIMINAL APPEALS, PLACE 8",,WILLIAM BRYAN STRANG,LIB,24,1,29,0,54,25,29
El Paso,182-HURSHEL ANTWINE ELEMENTARY,MEMBER STATE BOARD OF EDUCATION DISTRICT 1,,CARLOS CHARLIE GARZA,REP,29,0,35,0,64,29,35
El Paso,182-HURSHEL ANTWINE ELEMENTARY,MEMBER STATE BOARD OF EDUCATION DISTRICT 1,,MARTHA M. DOMINGUEZ,DEM,53,1,60,0,114,54,60
El Paso,182-HURSHEL ANTWINE ELEMENTARY,STATE SENATOR DISTRICT 29,,DAN CHAVEZ,REP,28,0,32,0,60,28,32
El Paso,182-HURSHEL ANTWINE ELEMENTARY,STATE SENATOR DISTRICT 29,,JOSE R. RODRIGUEZ,DEM,57,1,61,0,119,58,61
El Paso,182-HURSHEL ANTWINE ELEMENTARY,STATE REPRESENTATIVE DISTRICT 79,,JOE C. PICKETT,DEM,68,1,73,0,142,69,73
El Paso,182-HURSHEL ANTWINE ELEMENTARY,"CHIEF JUSTICE, COURT OF APPEALS 8TH DISTRICT",,ANN CRAWFORD MCCLURE,DEM,65,1,68,0,134,66,68
El Paso,182-HURSHEL ANTWINE ELEMENTARY,"JUSTICE, 8TH COURT OF APPEALS DISTRICT, PLACE 2",,CHRIS ANTCLIFF,REP,26,0,33,0,59,26,33
El Paso,182-HURSHEL ANTWINE ELEMENTARY,"JUSTICE, 8TH COURT OF APPEALS DISTRICT, PLACE 2",,YVONNE RODRIGUEZ,DEM,58,1,60,0,119,59,60
El Paso,182-HURSHEL ANTWINE ELEMENTARY,"JUSTICE, 8TH COURT OF APPEALS DISTRICT, PLACE 3",,GUADALUPE LUPE RIVER,DEM,64,1,68,0,133,65,68
El Paso,182-HURSHEL ANTWINE ELEMENTARY,"DISTRICT JUDGE, 34TH JUDICIAL DISTRICT",,BILL MOODY,DEM,66,1,67,0,134,67,67
El Paso,182-HURSHEL ANTWINE ELEMENTARY,"DISTRICT JUDGE, 41ST JUDICIAL DISTRICT",,ANNA PEREZ,DEM,67,1,68,0,136,68,68
El Paso,182-HURSHEL ANTWINE ELEMENTARY,"DISTRICT JUDGE, 243RD JUDICIAL DISTRICT",,BILLY DON HICKS,REP,29,0,34,0,63,29,34
El Paso,182-HURSHEL ANTWINE ELEMENTARY,"DISTRICT JUDGE, 243RD JUDICIAL DISTRICT",,LUIS AGUILAR,DEM,56,1,61,0,118,57,61
El Paso,182-HURSHEL ANTWINE ELEMENTARY,"DISTRICT JUDGE, 346TH JUDICIAL DISTRICT",,ANGIE J. BARILL,DEM,66,1,67,0,134,67,67
El Paso,182-HURSHEL ANTWINE ELEMENTARY,"DISTRICT JUDGE, 383RD JUDICIAL DISTRICT",,MIKE HERRERA,DEM,64,1,68,0,133,65,68
El Paso,182-HURSHEL ANTWINE ELEMENTARY,"DISTRICT JUDGE, 384TH JUDICIAL DISTRICT",,PATRICK M. GARCIA,DEM,63,1,66,0,130,64,66
El Paso,182-HURSHEL ANTWINE ELEMENTARY,"DISTRICT JUDGE, 388TH JUDICIAL DISTRICT",,LAURA STRATHMANN,DEM,65,1,65,0,131,66,65
El Paso,182-HURSHEL ANTWINE ELEMENTARY,"DISTRICT JUDGE, 409TH JUDICIAL DISTRICT",,SAM MEDRANO JR,DEM,65,1,65,0,131,66,65
El Paso,182-HURSHEL ANTWINE ELEMENTARY,"DISTRICT JUDGE, 448TH JUDICIAL DISTRICT",,SERGIO H. ENRIQUEZ,DEM,66,1,65,0,132,67,65
El Paso,182-HURSHEL ANTWINE ELEMENTARY,"CRIMINAL DISTRICT JUDGE, COURT NO. 1",,DIANE NAVARRETE,DEM,64,1,64,0,129,65,64
El Paso,182-HURSHEL ANTWINE ELEMENTARY,"FAMILY DISTRICT JUDGE, 65TH JUDICIAL DISTRICT",,YAHARA L. GUTIERREZ,DEM,64,1,66,0,131,65,66
El Paso,182-HURSHEL ANTWINE ELEMENTARY,"DISTRICT ATTORNEY, 34TH JUDICIAL DISTRICT",,JAIME ESPARZA,DEM,67,1,65,0,133,68,65
El Paso,182-HURSHEL ANTWINE ELEMENTARY,"JUDGE, COUNTY CRIMINAL COURT NO. 3",,CARLOS CARRASCO,DEM,65,1,64,0,130,66,64
El Paso,182-HURSHEL ANTWINE ELEMENTARY,"JUDGE, COUNTY CRIMINAL COURT NO. 4",,JESUS HERRERA,DEM,66,1,65,0,132,67,65
El Paso,182-HURSHEL ANTWINE ELEMENTARY,COUNTY ATTORNEY,,JO ANNE BERNAL,DEM,64,1,64,0,129,65,64
El Paso,182-HURSHEL ANTWINE ELEMENTARY,SHERIFF,,RICHARD D. WILES,DEM,66,1,65,0,132,67,65
El Paso,182-HURSHEL ANTWINE ELEMENTARY,COUNTY TAX ASSESSOR COLLECTOR,,VICTOR A. FLORES,DEM,65,1,67,0,133,66,67
El Paso,182-HURSHEL ANTWINE ELEMENTARY,"COUNTY COMMISSIONER, PRECINCT NO. 1",,BILL LENDERMAN,REP,29,0,33,0,62,29,33
El Paso,182-HURSHEL ANTWINE ELEMENTARY,"COUNTY COMMISSIONER, PRECINCT NO. 1",,CARLOS LEON,DEM,54,1,59,0,114,55,59
El Paso,182-HURSHEL ANTWINE ELEMENTARY,"CONSTABLE, PRECINCT NO. 4",,LUIS LOUIE AGUILAR,DEM,63,1,66,0,130,64,66
El Paso,183-PAVO REAL REC CTR,"CITY OF EL PASO, PROPOSITION",,FOR (A FAVOR),NP,0,0,0,0,0,0,0
El Paso,183-PAVO REAL REC CTR,"CITY OF EL PASO, PROPOSITION",,AGAINST (EN CONTRA),NP,0,0,0,2,2,0,2
El Paso,183-PAVO REAL REC CTR,"CITY OF EL PASO, PROPOSITION",,FOR (A FAVOR),NP,0,0,0,0,0,0,0
El Paso,183-PAVO REAL REC CTR,"CITY OF EL PASO, PROPOSITION",,AGAINST (EN CONTRA),NP,0,0,0,2,2,0,2
El Paso,183-PAVO REAL REC CTR,"CITY OF EL PASO, PROPOSITION",,FOR (A FAVOR),NP,0,0,0,0,0,0,0
El Paso,183-PAVO REAL REC CTR,"CITY OF EL PASO, PROPOSITION",,AGAINST (EN CONTRA),NP,0,0,0,2,2,0,2
El Paso,183-PAVO REAL REC CTR,STRAIGHT PARTY,,REPUBLICAN,REP,0,0,0,0,0,0,0
El Paso,183-PAVO REAL REC CTR,STRAIGHT PARTY,,DEMOCRAT,DEM,0,0,0,1,1,0,1
El Paso,183-PAVO REAL REC CTR,STRAIGHT PARTY,,LIBERTARIAN,LIB,0,0,0,0,0,0,0
El Paso,183-PAVO REAL REC CTR,STRAIGHT PARTY,,GREEN,GRN,0,0,0,0,0,0,0
El Paso,183-PAVO REAL REC CTR,US PRESIDENT,,MITT ROMNEY,REP,0,0,0,0,0,0,0
El Paso,183-PAVO REAL REC CTR,US PRESIDENT,,BARACK OBAMA,DEM,0,0,0,2,2,0,2
El Paso,183-PAVO REAL REC CTR,US PRESIDENT,,GARY JOHNSON,LIB,0,0,0,0,0,0,0
El Paso,183-PAVO REAL REC CTR,US PRESIDENT,,JILL STEIN,GRN,0,0,0,0,0,0,0
El Paso,183-PAVO REAL REC CTR,US PRESIDENT,,WRITE-IN,NP,0,0,0,0,0,0,0
El Paso,183-PAVO REAL REC CTR,US SENATOR,,TED CRUZ,REP,0,0,0,0,0,0,0
El Paso,183-PAVO REAL REC CTR,US SENATOR,,PAUL SADLER,DEM,0,0,0,2,2,0,2
El Paso,183-PAVO REAL REC CTR,US SENATOR,,JOHN JAY MYERS,LIB,0,0,0,0,0,0,0
El Paso,183-PAVO REAL REC CTR,US SENATOR,,DAVID B. COLLINS,GRN,0,0,0,0,0,0,0
El Paso,183-PAVO REAL REC CTR,US REP DISTRICT 23,,FRANCISCO QUICO CANS,REP,0,0,0,0,0,0,0
El Paso,183-PAVO REAL REC CTR,US REP DISTRICT 23,,PETE P. GALLEGO,DEM,0,0,0,2,2,0,2
El Paso,183-PAVO REAL REC CTR,US REP DISTRICT 23,,JEFFREY C. BLUNT,LIB,0,0,0,0,0,0,0
El Paso,183-PAVO REAL REC CTR,US REP DISTRICT 23,,ED SCHARF,GRN,0,0,0,0,0,0,0
El Paso,183-PAVO REAL REC CTR,RAILROAD COMMISSIONER,,CHRISTI CRADDICK,REP,0,0,0,0,0,0,0
El Paso,183-PAVO REAL REC CTR,RAILROAD COMMISSIONER,,DALE HENRY,DEM,0,0,0,2,2,0,2
El Paso,183-PAVO REAL REC CTR,RAILROAD COMMISSIONER,,VIVEKANANDA (VIK) WA,LIB,0,0,0,0,0,0,0
El Paso,183-PAVO REAL REC CTR,RAILROAD COMMISSIONER,,CHRIS KENNEDY,GRN,0,0,0,0,0,0,0
El Paso,183-PAVO REAL REC CTR,RAILROAD COMMISSIONER,,BARRY SMITHERMAN,REP,0,0,0,0,0,0,0
El Paso,183-PAVO REAL REC CTR,RAILROAD COMMISSIONER,,JAIME O. PEREZ,LIB,0,0,0,0,0,0,0
El Paso,183-PAVO REAL REC CTR,RAILROAD COMMISSIONER,,JOSH WENDEL,GRN,0,0,0,1,1,0,1
El Paso,183-PAVO REAL REC CTR,"JUSTICE, SUPREME COURT, PLACE 2",,DON WILLETT,REP,0,0,0,0,0,0,0
El Paso,183-PAVO REAL REC CTR,"JUSTICE, SUPREME COURT, PLACE 2",,RS ROBERT KOELSCH,LIB,0,0,0,1,1,0,1
El Paso,183-PAVO REAL REC CTR,"JUSTICE, SUPREME COURT, PLACE 4",,JOHN DEVINE,REP,0,0,0,0,0,0,0
El Paso,183-PAVO REAL REC CTR,"JUSTICE, SUPREME COURT, PLACE 4",,TOM OXFORD,LIB,0,0,0,1,1,0,1
El Paso,183-PAVO REAL REC CTR,"JUSTICE, SUPREME COURT, PLACE 4",,CHARLES E. WATERBURY,GRN,0,0,0,0,0,0,0
El Paso,183-PAVO REAL REC CTR,"JUSTICE, SUPREME COURT, PLACE 6",,NATHAN HECHT,REP,0,0,0,0,0,0,0
El Paso,183-PAVO REAL REC CTR,"JUSTICE, SUPREME COURT, PLACE 6",,MICHELE PETTY,DEM,0,0,0,2,2,0,2
El Paso,183-PAVO REAL REC CTR,"JUSTICE, SUPREME COURT, PLACE 6",,MARK ASH,LIB,0,0,0,0,0,0,0
El Paso,183-PAVO REAL REC CTR,"JUSTICE, SUPREME COURT, PLACE 6",,JIM CHISHOLM,GRN,0,0,0,0,0,0,0
El Paso,183-PAVO REAL REC CTR,"PRESIDING JUDGE, COURT OF CRIMINAL APPEALS",,SHARON KELLER,REP,0,0,0,0,0,0,0
El Paso,183-PAVO REAL REC CTR,"PRESIDING JUDGE, COURT OF CRIMINAL APPEALS",,KEITH HAMPTON,DEM,0,0,0,2,2,0,2
El Paso,183-PAVO REAL REC CTR,"PRESIDING JUDGE, COURT OF CRIMINAL APPEALS",,LANCE STOTT,LIB,0,0,0,0,0,0,0
El Paso,183-PAVO REAL REC CTR,"JUDGE, COURT OF CRIMINAL APPEALS, PLACE 7",,BARBARA PARKER HERVE,REP,0,0,0,0,0,0,0
El Paso,183-PAVO REAL REC CTR,"JUDGE, COURT OF CRIMINAL APPEALS, PLACE 7",,MARK W. BENNETT,LIB,0,0,0,1,1,0,1
El Paso,183-PAVO REAL REC CTR,"JUDGE, COURT OF CRIMINAL APPEALS, PLACE 8",,ELSA ALCALA,REP,0,0,0,0,0,0,0
El Paso,183-PAVO REAL REC CTR,"JUDGE, COURT OF CRIMINAL APPEALS, PLACE 8",,WILLIAM BRYAN STRANG,LIB,0,0,0,1,1,0,1
El Paso,183-PAVO REAL REC CTR,MEMBER STATE BOARD OF EDUCATION DISTRICT 1,,CARLOS CHARLIE GARZA,REP,0,0,0,0,0,0,0
El Paso,183-PAVO REAL REC CTR,MEMBER STATE BOARD OF EDUCATION DISTRICT 1,,MARTHA M. DOMINGUEZ,DEM,0,0,0,2,2,0,2
El Paso,183-PAVO REAL REC CTR,STATE SENATOR DISTRICT 29,,DAN CHAVEZ,REP,0,0,0,0,0,0,0
El Paso,183-PAVO REAL REC CTR,STATE SENATOR DISTRICT 29,,JOSE R. RODRIGUEZ,DEM,0,0,0,2,2,0,2
El Paso,183-PAVO REAL REC CTR,STATE REPRESENTATIVE DISTRICT 75,,MARY E. GONZALEZ,DEM,0,0,0,2,2,0,2
El Paso,183-PAVO REAL REC CTR,"CHIEF JUSTICE, COURT OF APPEALS 8TH DISTRICT",,ANN CRAWFORD MCCLURE,DEM,0,0,0,2,2,0,2
El Paso,183-PAVO REAL REC CTR,"JUSTICE, 8TH COURT OF APPEALS DISTRICT, PLACE 2",,CHRIS ANTCLIFF,REP,0,0,0,0,0,0,0
El Paso,183-PAVO REAL REC CTR,"JUSTICE, 8TH COURT OF APPEALS DISTRICT, PLACE 2",,YVONNE RODRIGUEZ,DEM,0,0,0,2,2,0,2
El Paso,183-PAVO REAL REC CTR,"JUSTICE, 8TH COURT OF APPEALS DISTRICT, PLACE 3",,GUADALUPE LUPE RIVER,DEM,0,0,0,2,2,0,2
El Paso,183-PAVO REAL REC CTR,"DISTRICT JUDGE, 34TH JUDICIAL DISTRICT",,BILL MOODY,DEM,0,0,0,2,2,0,2
El Paso,183-PAVO REAL REC CTR,"DISTRICT JUDGE, 41ST JUDICIAL DISTRICT",,ANNA PEREZ,DEM,0,0,0,2,2,0,2
El Paso,183-PAVO REAL REC CTR,"DISTRICT JUDGE, 243RD JUDICIAL DISTRICT",,BILLY DON HICKS,REP,0,0,0,0,0,0,0
El Paso,183-PAVO REAL REC CTR,"DISTRICT JUDGE, 243RD JUDICIAL DISTRICT",,LUIS AGUILAR,DEM,0,0,0,2,2,0,2
El Paso,183-PAVO REAL REC CTR,"DISTRICT JUDGE, 346TH JUDICIAL DISTRICT",,ANGIE J. BARILL,DEM,0,0,0,2,2,0,2
El Paso,183-PAVO REAL REC CTR,"DISTRICT JUDGE, 383RD JUDICIAL DISTRICT",,MIKE HERRERA,DEM,0,0,0,2,2,0,2
El Paso,183-PAVO REAL REC CTR,"DISTRICT JUDGE, 384TH JUDICIAL DISTRICT",,PATRICK M. GARCIA,DEM,0,0,0,2,2,0,2
El Paso,183-PAVO REAL REC CTR,"DISTRICT JUDGE, 388TH JUDICIAL DISTRICT",,LAURA STRATHMANN,DEM,0,0,0,2,2,0,2
El Paso,183-PAVO REAL REC CTR,"DISTRICT JUDGE, 409TH JUDICIAL DISTRICT",,SAM MEDRANO JR,DEM,0,0,0,2,2,0,2
El Paso,183-PAVO REAL REC CTR,"DISTRICT JUDGE, 448TH JUDICIAL DISTRICT",,SERGIO H. ENRIQUEZ,DEM,0,0,0,2,2,0,2
El Paso,183-PAVO REAL REC CTR,"CRIMINAL DISTRICT JUDGE, COURT NO. 1",,DIANE NAVARRETE,DEM,0,0,0,2,2,0,2
El Paso,183-PAVO REAL REC CTR,"FAMILY DISTRICT JUDGE, 65TH JUDICIAL DISTRICT",,YAHARA L. GUTIERREZ,DEM,0,0,0,2,2,0,2
El Paso,183-PAVO REAL REC CTR,"DISTRICT ATTORNEY, 34TH JUDICIAL DISTRICT",,JAIME ESPARZA,DEM,0,0,0,2,2,0,2
El Paso,183-PAVO REAL REC CTR,"JUDGE, COUNTY CRIMINAL COURT NO. 3",,CARLOS CARRASCO,DEM,0,0,0,2,2,0,2
El Paso,183-PAVO REAL REC CTR,"JUDGE, COUNTY CRIMINAL COURT NO. 4",,JESUS HERRERA,DEM,0,0,0,2,2,0,2
El Paso,183-PAVO REAL REC CTR,COUNTY ATTORNEY,,JO ANNE BERNAL,DEM,0,0,0,2,2,0,2
El Paso,183-PAVO REAL REC CTR,SHERIFF,,RICHARD D. WILES,DEM,0,0,0,2,2,0,2
El Paso,183-PAVO REAL REC CTR,COUNTY TAX ASSESSOR COLLECTOR,,VICTOR A. FLORES,DEM,0,0,0,2,2,0,2
El Paso,183-PAVO REAL REC CTR,"COUNTY COMMISSIONER, PRECINCT NO. 3",,FRED CHAVEZ,REP,0,0,0,0,0,0,0
El Paso,183-PAVO REAL REC CTR,"COUNTY COMMISSIONER, PRECINCT NO. 3",,VINCENT VINCE PEREZ,DEM,0,0,0,2,2,0,2
El Paso,183-PAVO REAL REC CTR,"CONSTABLE, PRECINCT NO. 5",,MANNY LOPEZ,DEM,0,0,0,2,2,0,2
El Paso,184-LIMITED BALLOT,STRAIGHT PARTY,,REPUBLICAN,REP,0,0,0,0,0,0,0
El Paso,184-LIMITED BALLOT,STRAIGHT PARTY,,DEMOCRAT,DEM,0,0,0,0,0,0,0
El Paso,184-LIMITED BALLOT,STRAIGHT PARTY,,LIBERTARIAN,LIB,0,0,0,0,0,0,0
El Paso,184-LIMITED BALLOT,STRAIGHT PARTY,,GREEN,GRN,0,0,0,0,0,0,0
El Paso,184-LIMITED BALLOT,US PRESIDENT,,MITT ROMNEY,REP,0,56,0,0,56,56,0
El Paso,184-LIMITED BALLOT,US PRESIDENT,,BARACK OBAMA,DEM,0,50,0,0,50,50,0
El Paso,184-LIMITED BALLOT,US PRESIDENT,,GARY JOHNSON,LIB,0,1,0,0,1,1,0
El Paso,184-LIMITED BALLOT,US PRESIDENT,,JILL STEIN,GRN,0,0,0,0,0,0,0
El Paso,184-LIMITED BALLOT,US PRESIDENT,,WRITE-IN,NP,0,1,0,0,1,1,0
El Paso,184-LIMITED BALLOT,US SENATOR,,TED CRUZ,REP,0,50,0,0,50,50,0
El Paso,184-LIMITED BALLOT,US SENATOR,,PAUL SADLER,DEM,0,50,0,0,50,50,0
El Paso,184-LIMITED BALLOT,US SENATOR,,JOHN JAY MYERS,LIB,0,5,0,0,5,5,0
El Paso,184-LIMITED BALLOT,US SENATOR,,DAVID B. COLLINS,GRN,0,0,0,0,0,0,0
El Paso,184-LIMITED BALLOT,US REP DISTRICT 16,,BARBARA CARRASCO,REP,0,38,0,0,38,38,0
El Paso,184-LIMITED BALLOT,US REP DISTRICT 16,,BETO OROURKE,DEM,0,30,0,0,30,30,0
El Paso,184-LIMITED BALLOT,US REP DISTRICT 16,,JUNART SODOY,LIB,0,3,0,0,3,3,0
El Paso,184-LIMITED BALLOT,RAILROAD COMMISSIONER,,CHRISTI CRADDICK,REP,0,47,0,0,47,47,0
El Paso,184-LIMITED BALLOT,RAILROAD COMMISSIONER,,DALE HENRY,DEM,0,45,0,0,45,45,0
El Paso,184-LIMITED BALLOT,RAILROAD COMMISSIONER,,VIVEKANANDA (VIK) WA,LIB,0,4,0,0,4,4,0
El Paso,184-LIMITED BALLOT,RAILROAD COMMISSIONER,,CHRIS KENNEDY,GRN,0,2,0,0,2,2,0
El Paso,184-LIMITED BALLOT,RAILROAD COMMISSIONER,,BARRY SMITHERMAN,REP,0,45,0,0,45,45,0
El Paso,184-LIMITED BALLOT,RAILROAD COMMISSIONER,,JAIME O. PEREZ,LIB,0,36,0,0,36,36,0
El Paso,184-LIMITED BALLOT,RAILROAD COMMISSIONER,,JOSH WENDEL,GRN,0,10,0,0,10,10,0
El Paso,184-LIMITED BALLOT,"JUSTICE, SUPREME COURT, PLACE 2",,DON WILLETT,REP,0,7,0,0,7,7,0
El Paso,184-LIMITED BALLOT,"JUSTICE, SUPREME COURT, PLACE 2",,RS ROBERT KOELSCH,LIB,0,11,0,0,11,11,0
El Paso,184-LIMITED BALLOT,"JUSTICE, SUPREME COURT, PLACE 4",,JOHN DEVINE,REP,0,8,0,0,8,8,0
El Paso,184-LIMITED BALLOT,"JUSTICE, SUPREME COURT, PLACE 4",,TOM OXFORD,LIB,0,8,0,0,8,8,0
El Paso,184-LIMITED BALLOT,"JUSTICE, SUPREME COURT, PLACE 4",,CHARLES E. WATERBURY,GRN,0,2,0,0,2,2,0
El Paso,184-LIMITED BALLOT,"JUSTICE, SUPREME COURT, PLACE 6",,NATHAN HECHT,REP,0,8,0,0,8,8,0
El Paso,184-LIMITED BALLOT,"JUSTICE, SUPREME COURT, PLACE 6",,MICHELE PETTY,DEM,0,8,0,0,8,8,0
El Paso,184-LIMITED BALLOT,"JUSTICE, SUPREME COURT, PLACE 6",,MARK ASH,LIB,0,2,0,0,2,2,0
El Paso,184-LIMITED BALLOT,"JUSTICE, SUPREME COURT, PLACE 6",,JIM CHISHOLM,GRN,0,0,0,0,0,0,0
El Paso,184-LIMITED BALLOT,"PRESIDING JUDGE, COURT OF CRIMINAL APPEALS",,SHARON KELLER,REP,0,9,0,0,9,9,0
El Paso,184-LIMITED BALLOT,"PRESIDING JUDGE, COURT OF CRIMINAL APPEALS",,KEITH HAMPTON,DEM,0,8,0,0,8,8,0
El Paso,184-LIMITED BALLOT,"PRESIDING JUDGE, COURT OF CRIMINAL APPEALS",,LANCE STOTT,LIB,0,1,0,0,1,1,0
El Paso,184-LIMITED BALLOT,"JUDGE, COURT OF CRIMINAL APPEALS, PLACE 7",,BARBARA PARKER HERVE,REP,0,8,0,0,8,8,0
El Paso,184-LIMITED BALLOT,"JUDGE, COURT OF CRIMINAL APPEALS, PLACE 7",,MARK W. BENNETT,LIB,0,10,0,0,10,10,0
El Paso,184-LIMITED BALLOT,"JUDGE, COURT OF CRIMINAL APPEALS, PLACE 8",,ELSA ALCALA,REP,0,8,0,0,8,8,0
El Paso,184-LIMITED BALLOT,"JUDGE, COURT OF CRIMINAL APPEALS, PLACE 8",,WILLIAM BRYAN STRANG,LIB,0,10,0,0,10,10,0
El Paso,184-LIMITED BALLOT,MEMBER STATE BOARD OF EDUCATION DISTRICT 1,,CARLOS CHARLIE GARZA,REP,0,0,0,0,0,0,0
El Paso,184-LIMITED BALLOT,MEMBER STATE BOARD OF EDUCATION DISTRICT 1,,MARTHA M. DOMINGUEZ,DEM,0,0,0,0,0,0,0
El Paso,184-LIMITED BALLOT,STATE SENATOR DISTRICT 29,,DAN CHAVEZ,REP,0,0,0,0,0,0,0
El Paso,184-LIMITED BALLOT,STATE SENATOR DISTRICT 29,,JOSE R. RODRIGUEZ,DEM,0,0,0,0,0,0,0
El Paso,184-LIMITED BALLOT,STATE REPRESENTATIVE DISTRICT 78,,DONALD R. DEE MARGO,REP,0,0,0,0,0,0,0
El Paso,184-LIMITED BALLOT,STATE REPRESENTATIVE DISTRICT 78,,JOE MOODY,DEM,0,0,0,0,0,0,0
El Paso,184-LIMITED BALLOT,"CHIEF JUSTICE, COURT OF APPEALS 8TH DISTRICT",,ANN CRAWFORD MCCLURE,DEM,0,0,0,0,0,0,0
El Paso,184-LIMITED BALLOT,"JUSTICE, 8TH COURT OF APPEALS DISTRICT, PLACE 2",,CHRIS ANTCLIFF,REP,0,0,0,0,0,0,0
El Paso,184-LIMITED BALLOT,"JUSTICE, 8TH COURT OF APPEALS DISTRICT, PLACE 2",,YVONNE RODRIGUEZ,DEM,0,0,0,0,0,0,0
El Paso,184-LIMITED BALLOT,"JUSTICE, 8TH COURT OF APPEALS DISTRICT, PLACE 3",,GUADALUPE LUPE RIVER,DEM,0,0,0,0,0,0,0
El Paso,184-LIMITED BALLOT,"DISTRICT JUDGE, 34TH JUDICIAL DISTRICT",,BILL MOODY,DEM,0,0,0,0,0,0,0
El Paso,184-LIMITED BALLOT,"DISTRICT JUDGE, 41ST JUDICIAL DISTRICT",,ANNA PEREZ,DEM,0,0,0,0,0,0,0
El Paso,184-LIMITED BALLOT,"DISTRICT JUDGE, 243RD JUDICIAL DISTRICT",,BILLY DON HICKS,REP,0,0,0,0,0,0,0
El Paso,184-LIMITED BALLOT,"DISTRICT JUDGE, 243RD JUDICIAL DISTRICT",,LUIS AGUILAR,DEM,0,0,0,0,0,0,0
El Paso,184-LIMITED BALLOT,"DISTRICT JUDGE, 346TH JUDICIAL DISTRICT",,ANGIE J. BARILL,DEM,0,0,0,0,0,0,0
El Paso,184-LIMITED BALLOT,"DISTRICT JUDGE, 383RD JUDICIAL DISTRICT",,MIKE HERRERA,DEM,0,0,0,0,0,0,0
El Paso,184-LIMITED BALLOT,"DISTRICT JUDGE, 384TH JUDICIAL DISTRICT",,PATRICK M. GARCIA,DEM,0,0,0,0,0,0,0
El Paso,184-LIMITED BALLOT,"DISTRICT JUDGE, 388TH JUDICIAL DISTRICT",,LAURA STRATHMANN,DEM,0,0,0,0,0,0,0
El Paso,184-LIMITED BALLOT,"DISTRICT JUDGE, 409TH JUDICIAL DISTRICT",,SAM MEDRANO JR,DEM,0,0,0,0,0,0,0
El Paso,184-LIMITED BALLOT,"DISTRICT JUDGE, 448TH JUDICIAL DISTRICT",,SERGIO H. ENRIQUEZ,DEM,0,0,0,0,0,0,0
El Paso,184-LIMITED BALLOT,"CRIMINAL DISTRICT JUDGE, COURT NO. 1",,DIANE NAVARRETE,DEM,0,0,0,0,0,0,0
El Paso,184-LIMITED BALLOT,"FAMILY DISTRICT JUDGE, 65TH JUDICIAL DISTRICT",,YAHARA L. GUTIERREZ,DEM,0,0,0,0,0,0,0
El Paso,184-LIMITED BALLOT,"DISTRICT ATTORNEY, 34TH JUDICIAL DISTRICT",,JAIME ESPARZA,DEM,0,0,0,0,0,0,0
El Paso,184-LIMITED BALLOT,"JUDGE, COUNTY CRIMINAL COURT NO. 3",,CARLOS CARRASCO,DEM,0,0,0,0,0,0,0
El Paso,184-LIMITED BALLOT,"JUDGE, COUNTY CRIMINAL COURT NO. 4",,JESUS HERRERA,DEM,0,0,0,0,0,0,0
El Paso,184-LIMITED BALLOT,COUNTY ATTORNEY,,JO ANNE BERNAL,DEM,0,0,0,0,0,0,0
El Paso,184-LIMITED BALLOT,SHERIFF,,RICHARD D. WILES,DEM,0,0,0,0,0,0,0
El Paso,184-LIMITED BALLOT,COUNTY TAX ASSESSOR COLLECTOR,,VICTOR A. FLORES,DEM,0,0,0,0,0,0,0
El Paso,184-LIMITED BALLOT,"CONSTABLE, PRECINCT NO. 2",,JEREMIAH HAGGERTY,DEM,0,0,0,0,0,0,0
El Paso,185-PARK ELEMENTARY,"CITY OF EL PASO, PROPOSITION",,FOR (A FAVOR),NP,148,3,68,1,220,151,69
El Paso,185-PARK ELEMENTARY,"CITY OF EL PASO, PROPOSITION",,AGAINST (EN CONTRA),NP,94,1,41,0,136,95,41
El Paso,185-PARK ELEMENTARY,"CITY OF EL PASO, PROPOSITION",,FOR (A FAVOR),NP,131,2,61,1,195,133,62
El Paso,185-PARK ELEMENTARY,"CITY OF EL PASO, PROPOSITION",,AGAINST (EN CONTRA),NP,106,2,45,0,153,108,45
El Paso,185-PARK ELEMENTARY,"CITY OF EL PASO, PROPOSITION",,FOR (A FAVOR),NP,113,1,67,0,181,114,67
El Paso,185-PARK ELEMENTARY,"CITY OF EL PASO, PROPOSITION",,AGAINST (EN CONTRA),NP,127,3,40,1,171,130,41
El Paso,185-PARK ELEMENTARY,STRAIGHT PARTY,,REPUBLICAN,REP,70,1,21,0,92,71,21
El Paso,185-PARK ELEMENTARY,STRAIGHT PARTY,,DEMOCRAT,DEM,45,1,29,1,76,46,30
El Paso,185-PARK ELEMENTARY,STRAIGHT PARTY,,LIBERTARIAN,LIB,2,0,0,0,2,2,0
El Paso,185-PARK ELEMENTARY,STRAIGHT PARTY,,GREEN,GRN,0,0,0,0,0,0,0
El Paso,185-PARK ELEMENTARY,US PRESIDENT,,MITT ROMNEY,REP,130,3,42,0,175,133,42
El Paso,185-PARK ELEMENTARY,US PRESIDENT,,BARACK OBAMA,DEM,110,1,65,1,177,111,66
El Paso,185-PARK ELEMENTARY,US PRESIDENT,,GARY JOHNSON,LIB,2,1,1,0,4,3,1
El Paso,185-PARK ELEMENTARY,US PRESIDENT,,JILL STEIN,GRN,1,0,1,0,2,1,1
El Paso,185-PARK ELEMENTARY,US PRESIDENT,,WRITE-IN,NP,0,0,0,0,0,0,0
El Paso,185-PARK ELEMENTARY,US SENATOR,,TED CRUZ,REP,132,3,42,0,177,135,42
El Paso,185-PARK ELEMENTARY,US SENATOR,,PAUL SADLER,DEM,92,2,58,1,153,94,59
El Paso,185-PARK ELEMENTARY,US SENATOR,,JOHN JAY MYERS,LIB,6,0,1,0,7,6,1
El Paso,185-PARK ELEMENTARY,US SENATOR,,DAVID B. COLLINS,GRN,3,0,1,0,4,3,1
El Paso,185-PARK ELEMENTARY,US REP DISTRICT 16,,BARBARA CARRASCO,REP,110,2,40,0,152,112,40
El Paso,185-PARK ELEMENTARY,US REP DISTRICT 16,,BETO OROURKE,DEM,127,2,64,1,194,129,65
El Paso,185-PARK ELEMENTARY,US REP DISTRICT 16,,JUNART SODOY,LIB,2,0,1,0,3,2,1
El Paso,185-PARK ELEMENTARY,RAILROAD COMMISSIONER,,CHRISTI CRADDICK,REP,113,2,38,0,153,115,38
El Paso,185-PARK ELEMENTARY,RAILROAD COMMISSIONER,,DALE HENRY,DEM,93,2,52,1,148,95,53
El Paso,185-PARK ELEMENTARY,RAILROAD COMMISSIONER,,VIVEKANANDA (VIK) WA,LIB,7,0,1,0,8,7,1
El Paso,185-PARK ELEMENTARY,RAILROAD COMMISSIONER,,CHRIS KENNEDY,GRN,11,0,3,0,14,11,3
El Paso,185-PARK ELEMENTARY,RAILROAD COMMISSIONER,,BARRY SMITHERMAN,REP,126,3,45,0,174,129,45
El Paso,185-PARK ELEMENTARY,RAILROAD COMMISSIONER,,JAIME O. PEREZ,LIB,51,0,24,1,76,51,25
El Paso,185-PARK ELEMENTARY,RAILROAD COMMISSIONER,,JOSH WENDEL,GRN,20,1,14,0,35,21,14
El Paso,185-PARK ELEMENTARY,"JUSTICE, SUPREME COURT, PLACE 2",,DON WILLETT,REP,142,3,55,0,200,145,55
El Paso,185-PARK ELEMENTARY,"JUSTICE, SUPREME COURT, PLACE 2",,RS ROBERT KOELSCH,LIB,56,0,24,1,81,56,25
El Paso,185-PARK ELEMENTARY,"JUSTICE, SUPREME COURT, PLACE 4",,JOHN DEVINE,REP,135,3,49,0,187,138,49
El Paso,185-PARK ELEMENTARY,"JUSTICE, SUPREME COURT, PLACE 4",,TOM OXFORD,LIB,42,0,15,1,58,42,16
El Paso,185-PARK ELEMENTARY,"JUSTICE, SUPREME COURT, PLACE 4",,CHARLES E. WATERBURY,GRN,21,0,14,0,35,21,14
El Paso,185-PARK ELEMENTARY,"JUSTICE, SUPREME COURT, PLACE 6",,NATHAN HECHT,REP,106,3,37,0,146,109,37
El Paso,185-PARK ELEMENTARY,"JUSTICE, SUPREME COURT, PLACE 6",,MICHELE PETTY,DEM,98,2,55,1,156,100,56
El Paso,185-PARK ELEMENTARY,"JUSTICE, SUPREME COURT, PLACE 6",,MARK ASH,LIB,13,0,2,0,15,13,2
El Paso,185-PARK ELEMENTARY,"JUSTICE, SUPREME COURT, PLACE 6",,JIM CHISHOLM,GRN,5,0,3,0,8,5,3
El Paso,185-PARK ELEMENTARY,"PRESIDING JUDGE, COURT OF CRIMINAL APPEALS",,SHARON KELLER,REP,116,2,39,0,157,118,39
El Paso,185-PARK ELEMENTARY,"PRESIDING JUDGE, COURT OF CRIMINAL APPEALS",,KEITH HAMPTON,DEM,90,2,56,1,149,92,57
El Paso,185-PARK ELEMENTARY,"PRESIDING JUDGE, COURT OF CRIMINAL APPEALS",,LANCE STOTT,LIB,13,1,1,0,15,14,1
El Paso,185-PARK ELEMENTARY,"JUDGE, COURT OF CRIMINAL APPEALS, PLACE 7",,BARBARA PARKER HERVE,REP,141,3,57,0,201,144,57
El Paso,185-PARK ELEMENTARY,"JUDGE, COURT OF CRIMINAL APPEALS, PLACE 7",,MARK W. BENNETT,LIB,56,0,25,1,82,56,26
El Paso,185-PARK ELEMENTARY,"JUDGE, COURT OF CRIMINAL APPEALS, PLACE 8",,ELSA ALCALA,REP,139,2,56,0,197,141,56
El Paso,185-PARK ELEMENTARY,"JUDGE, COURT OF CRIMINAL APPEALS, PLACE 8",,WILLIAM BRYAN STRANG,LIB,56,0,24,1,81,56,25
El Paso,185-PARK ELEMENTARY,MEMBER STATE BOARD OF EDUCATION DISTRICT 1,,CARLOS CHARLIE GARZA,REP,119,3,42,0,164,122,42
El Paso,185-PARK ELEMENTARY,MEMBER STATE BOARD OF EDUCATION DISTRICT 1,,MARTHA M. DOMINGUEZ,DEM,99,2,54,1,156,101,55
El Paso,185-PARK ELEMENTARY,STATE SENATOR DISTRICT 29,,DAN CHAVEZ,REP,109,3,38,0,150,112,38
El Paso,185-PARK ELEMENTARY,STATE SENATOR DISTRICT 29,,JOSE R. RODRIGUEZ,DEM,115,2,62,1,180,117,63
El Paso,185-PARK ELEMENTARY,STATE REPRESENTATIVE DISTRICT 78,,DONALD R. DEE MARGO,REP,132,3,40,0,175,135,40
El Paso,185-PARK ELEMENTARY,STATE REPRESENTATIVE DISTRICT 78,,JOE MOODY,DEM,101,2,64,1,168,103,65
El Paso,185-PARK ELEMENTARY,"CHIEF JUSTICE, COURT OF APPEALS 8TH DISTRICT",,ANN CRAWFORD MCCLURE,DEM,132,2,69,1,204,134,70
El Paso,185-PARK ELEMENTARY,"JUSTICE, 8TH COURT OF APPEALS DISTRICT, PLACE 2",,CHRIS ANTCLIFF,REP,123,2,54,0,179,125,54
El Paso,185-PARK ELEMENTARY,"JUSTICE, 8TH COURT OF APPEALS DISTRICT, PLACE 2",,YVONNE RODRIGUEZ,DEM,97,2,45,1,145,99,46
El Paso,185-PARK ELEMENTARY,"JUSTICE, 8TH COURT OF APPEALS DISTRICT, PLACE 3",,GUADALUPE LUPE RIVER,DEM,128,2,70,1,201,130,71
El Paso,185-PARK ELEMENTARY,"DISTRICT JUDGE, 34TH JUDICIAL DISTRICT",,BILL MOODY,DEM,129,2,74,1,206,131,75
El Paso,185-PARK ELEMENTARY,"DISTRICT JUDGE, 41ST JUDICIAL DISTRICT",,ANNA PEREZ,DEM,125,2,71,1,199,127,72
El Paso,185-PARK ELEMENTARY,"DISTRICT JUDGE, 243RD JUDICIAL DISTRICT",,BILLY DON HICKS,REP,129,4,48,0,181,133,48
El Paso,185-PARK ELEMENTARY,"DISTRICT JUDGE, 243RD JUDICIAL DISTRICT",,LUIS AGUILAR,DEM,94,1,53,1,149,95,54
El Paso,185-PARK ELEMENTARY,"DISTRICT JUDGE, 346TH JUDICIAL DISTRICT",,ANGIE J. BARILL,DEM,123,1,72,1,197,124,73
El Paso,185-PARK ELEMENTARY,"DISTRICT JUDGE, 383RD JUDICIAL DISTRICT",,MIKE HERRERA,DEM,124,1,72,1,198,125,73
El Paso,185-PARK ELEMENTARY,"DISTRICT JUDGE, 384TH JUDICIAL DISTRICT",,PATRICK M. GARCIA,DEM,122,1,70,1,194,123,71
El Paso,185-PARK ELEMENTARY,"DISTRICT JUDGE, 388TH JUDICIAL DISTRICT",,LAURA STRATHMANN,DEM,123,1,71,1,196,124,72
El Paso,185-PARK ELEMENTARY,"DISTRICT JUDGE, 409TH JUDICIAL DISTRICT",,SAM MEDRANO JR,DEM,123,1,68,1,193,124,69
El Paso,185-PARK ELEMENTARY,"DISTRICT JUDGE, 448TH JUDICIAL DISTRICT",,SERGIO H. ENRIQUEZ,DEM,124,1,70,1,196,125,71
El Paso,185-PARK ELEMENTARY,"CRIMINAL DISTRICT JUDGE, COURT NO. 1",,DIANE NAVARRETE,DEM,123,1,71,1,196,124,72
El Paso,185-PARK ELEMENTARY,"FAMILY DISTRICT JUDGE, 65TH JUDICIAL DISTRICT",,YAHARA L. GUTIERREZ,DEM,124,1,70,1,196,125,71
El Paso,185-PARK ELEMENTARY,"DISTRICT ATTORNEY, 34TH JUDICIAL DISTRICT",,JAIME ESPARZA,DEM,138,1,73,1,213,139,74
El Paso,185-PARK ELEMENTARY,"JUDGE, COUNTY CRIMINAL COURT NO. 3",,CARLOS CARRASCO,DEM,122,1,71,1,195,123,72
El Paso,185-PARK ELEMENTARY,"JUDGE, COUNTY CRIMINAL COURT NO. 4",,JESUS HERRERA,DEM,126,1,71,1,199,127,72
El Paso,185-PARK ELEMENTARY,COUNTY ATTORNEY,,JO ANNE BERNAL,DEM,128,1,75,1,205,129,76
El Paso,185-PARK ELEMENTARY,SHERIFF,,RICHARD D. WILES,DEM,139,1,77,1,218,140,78
El Paso,185-PARK ELEMENTARY,COUNTY TAX ASSESSOR COLLECTOR,,VICTOR A. FLORES,DEM,137,1,73,1,212,138,74
El Paso,185-PARK ELEMENTARY,"CONSTABLE, PRECINCT NO. 2",,JEREMIAH HAGGERTY,DEM,130,1,76,1,208,131,77
El Paso,186-FIRE STATION 16,"CITY OF EL PASO, PROPOSITION",,FOR (A FAVOR),NP,104,2,145,0,251,106,145
El Paso,186-FIRE STATION 16,"CITY OF EL PASO, PROPOSITION",,AGAINST (EN CONTRA),NP,70,4,44,0,118,74,44
El Paso,186-FIRE STATION 16,"CITY OF EL PASO, PROPOSITION",,FOR (A FAVOR),NP,106,3,138,0,247,109,138
El Paso,186-FIRE STATION 16,"CITY OF EL PASO, PROPOSITION",,AGAINST (EN CONTRA),NP,64,4,48,0,116,68,48
El Paso,186-FIRE STATION 16,"CITY OF EL PASO, PROPOSITION",,FOR (A FAVOR),NP,98,1,117,0,216,99,117
El Paso,186-FIRE STATION 16,"CITY OF EL PASO, PROPOSITION",,AGAINST (EN CONTRA),NP,77,5,70,0,152,82,70
El Paso,186-FIRE STATION 16,STRAIGHT PARTY,,REPUBLICAN,REP,36,1,22,0,59,37,22
El Paso,186-FIRE STATION 16,STRAIGHT PARTY,,DEMOCRAT,DEM,58,2,83,0,143,60,83
El Paso,186-FIRE STATION 16,STRAIGHT PARTY,,LIBERTARIAN,LIB,2,0,1,0,3,2,1
El Paso,186-FIRE STATION 16,STRAIGHT PARTY,,GREEN,GRN,0,0,0,0,0,0,0
El Paso,186-FIRE STATION 16,US PRESIDENT,,MITT ROMNEY,REP,76,4,59,0,139,80,59
El Paso,186-FIRE STATION 16,US PRESIDENT,,BARACK OBAMA,DEM,99,2,129,0,230,101,129
El Paso,186-FIRE STATION 16,US PRESIDENT,,GARY JOHNSON,LIB,3,0,8,0,11,3,8
El Paso,186-FIRE STATION 16,US PRESIDENT,,JILL STEIN,GRN,1,0,1,0,2,1,1
El Paso,186-FIRE STATION 16,US PRESIDENT,,WRITE-IN,NP,1,0,0,0,1,1,0
El Paso,186-FIRE STATION 16,US SENATOR,,TED CRUZ,REP,72,4,59,0,135,76,59
El Paso,186-FIRE STATION 16,US SENATOR,,PAUL SADLER,DEM,93,3,121,0,217,96,121
El Paso,186-FIRE STATION 16,US SENATOR,,JOHN JAY MYERS,LIB,6,0,6,0,12,6,6
El Paso,186-FIRE STATION 16,US SENATOR,,DAVID B. COLLINS,GRN,5,0,3,0,8,5,3
El Paso,186-FIRE STATION 16,US REP DISTRICT 16,,BARBARA CARRASCO,REP,73,4,48,0,125,77,48
El Paso,186-FIRE STATION 16,US REP DISTRICT 16,,BETO OROURKE,DEM,101,3,140,0,244,104,140
El Paso,186-FIRE STATION 16,US REP DISTRICT 16,,JUNART SODOY,LIB,4,0,4,0,8,4,4
El Paso,186-FIRE STATION 16,RAILROAD COMMISSIONER,,CHRISTI CRADDICK,REP,66,3,52,0,121,69,52
El Paso,186-FIRE STATION 16,RAILROAD COMMISSIONER,,DALE HENRY,DEM,97,4,115,0,216,101,115
El Paso,186-FIRE STATION 16,RAILROAD COMMISSIONER,,VIVEKANANDA (VIK) WA,LIB,3,0,7,0,10,3,7
El Paso,186-FIRE STATION 16,RAILROAD COMMISSIONER,,CHRIS KENNEDY,GRN,9,0,8,0,17,9,8
El Paso,186-FIRE STATION 16,RAILROAD COMMISSIONER,,BARRY SMITHERMAN,REP,73,3,47,0,123,76,47
El Paso,186-FIRE STATION 16,RAILROAD COMMISSIONER,,JAIME O. PEREZ,LIB,48,0,75,0,123,48,75
El Paso,186-FIRE STATION 16,RAILROAD COMMISSIONER,,JOSH WENDEL,GRN,20,1,22,0,43,21,22
El Paso,186-FIRE STATION 16,"JUSTICE, SUPREME COURT, PLACE 2",,DON WILLETT,REP,87,4,70,0,161,91,70
El Paso,186-FIRE STATION 16,"JUSTICE, SUPREME COURT, PLACE 2",,RS ROBERT KOELSCH,LIB,52,0,78,0,130,52,78
El Paso,186-FIRE STATION 16,"JUSTICE, SUPREME COURT, PLACE 4",,JOHN DEVINE,REP,83,3,72,0,158,86,72
El Paso,186-FIRE STATION 16,"JUSTICE, SUPREME COURT, PLACE 4",,TOM OXFORD,LIB,43,0,50,0,93,43,50
El Paso,186-FIRE STATION 16,"JUSTICE, SUPREME COURT, PLACE 4",,CHARLES E. WATERBURY,GRN,14,1,27,0,42,15,27
El Paso,186-FIRE STATION 16,"JUSTICE, SUPREME COURT, PLACE 6",,NATHAN HECHT,REP,63,4,45,0,112,67,45
El Paso,186-FIRE STATION 16,"JUSTICE, SUPREME COURT, PLACE 6",,MICHELE PETTY,DEM,97,2,125,0,224,99,125
El Paso,186-FIRE STATION 16,"JUSTICE, SUPREME COURT, PLACE 6",,MARK ASH,LIB,4,0,9,0,13,4,9
El Paso,186-FIRE STATION 16,"JUSTICE, SUPREME COURT, PLACE 6",,JIM CHISHOLM,GRN,7,0,7,0,14,7,7
El Paso,186-FIRE STATION 16,"PRESIDING JUDGE, COURT OF CRIMINAL APPEALS",,SHARON KELLER,REP,75,3,56,0,134,78,56
El Paso,186-FIRE STATION 16,"PRESIDING JUDGE, COURT OF CRIMINAL APPEALS",,KEITH HAMPTON,DEM,90,3,115,0,208,93,115
El Paso,186-FIRE STATION 16,"PRESIDING JUDGE, COURT OF CRIMINAL APPEALS",,LANCE STOTT,LIB,8,0,13,0,21,8,13
El Paso,186-FIRE STATION 16,"JUDGE, COURT OF CRIMINAL APPEALS, PLACE 7",,BARBARA PARKER HERVE,REP,89,2,77,0,168,91,77
El Paso,186-FIRE STATION 16,"JUDGE, COURT OF CRIMINAL APPEALS, PLACE 7",,MARK W. BENNETT,LIB,51,2,70,0,123,53,70
El Paso,186-FIRE STATION 16,"JUDGE, COURT OF CRIMINAL APPEALS, PLACE 8",,ELSA ALCALA,REP,85,2,73,0,160,87,73
El Paso,186-FIRE STATION 16,"JUDGE, COURT OF CRIMINAL APPEALS, PLACE 8",,WILLIAM BRYAN STRANG,LIB,51,2,71,0,124,53,71
El Paso,186-FIRE STATION 16,MEMBER STATE BOARD OF EDUCATION DISTRICT 1,,CARLOS CHARLIE GARZA,REP,65,4,55,0,124,69,55
El Paso,186-FIRE STATION 16,MEMBER STATE BOARD OF EDUCATION DISTRICT 1,,MARTHA M. DOMINGUEZ,DEM,102,2,128,0,232,104,128
El Paso,186-FIRE STATION 16,STATE SENATOR DISTRICT 29,,DAN CHAVEZ,REP,66,4,53,0,123,70,53
El Paso,186-FIRE STATION 16,STATE SENATOR DISTRICT 29,,JOSE R. RODRIGUEZ,DEM,108,2,131,0,241,110,131
El Paso,186-FIRE STATION 16,STATE REPRESENTATIVE DISTRICT 77,,MARISA MARQUEZ,DEM,119,4,153,0,276,123,153
El Paso,186-FIRE STATION 16,"CHIEF JUSTICE, COURT OF APPEALS 8TH DISTRICT",,ANN CRAWFORD MCCLURE,DEM,120,3,144,0,267,123,144
El Paso,186-FIRE STATION 16,"JUSTICE, 8TH COURT OF APPEALS DISTRICT, PLACE 2",,CHRIS ANTCLIFF,REP,74,4,59,0,137,78,59
El Paso,186-FIRE STATION 16,"JUSTICE, 8TH COURT OF APPEALS DISTRICT, PLACE 2",,YVONNE RODRIGUEZ,DEM,93,2,122,0,217,95,122
El Paso,186-FIRE STATION 16,"JUSTICE, 8TH COURT OF APPEALS DISTRICT, PLACE 3",,GUADALUPE LUPE RIVER,DEM,120,3,144,0,267,123,144
El Paso,186-FIRE STATION 16,"DISTRICT JUDGE, 34TH JUDICIAL DISTRICT",,BILL MOODY,DEM,125,4,149,0,278,129,149
El Paso,186-FIRE STATION 16,"DISTRICT JUDGE, 41ST JUDICIAL DISTRICT",,ANNA PEREZ,DEM,118,4,144,0,266,122,144
El Paso,186-FIRE STATION 16,"DISTRICT JUDGE, 243RD JUDICIAL DISTRICT",,BILLY DON HICKS,REP,78,4,68,0,150,82,68
El Paso,186-FIRE STATION 16,"DISTRICT JUDGE, 243RD JUDICIAL DISTRICT",,LUIS AGUILAR,DEM,91,2,116,0,209,93,116
El Paso,186-FIRE STATION 16,"DISTRICT JUDGE, 346TH JUDICIAL DISTRICT",,ANGIE J. BARILL,DEM,118,4,144,0,266,122,144
El Paso,186-FIRE STATION 16,"DISTRICT JUDGE, 383RD JUDICIAL DISTRICT",,MIKE HERRERA,DEM,117,4,146,0,267,121,146
El Paso,186-FIRE STATION 16,"DISTRICT JUDGE, 384TH JUDICIAL DISTRICT",,PATRICK M. GARCIA,DEM,117,3,144,0,264,120,144
El Paso,186-FIRE STATION 16,"DISTRICT JUDGE, 388TH JUDICIAL DISTRICT",,LAURA STRATHMANN,DEM,115,3,143,0,261,118,143
El Paso,186-FIRE STATION 16,"DISTRICT JUDGE, 409TH JUDICIAL DISTRICT",,SAM MEDRANO JR,DEM,116,3,142,0,261,119,142
El Paso,186-FIRE STATION 16,"DISTRICT JUDGE, 448TH JUDICIAL DISTRICT",,SERGIO H. ENRIQUEZ,DEM,115,3,143,0,261,118,143
El Paso,186-FIRE STATION 16,"CRIMINAL DISTRICT JUDGE, COURT NO. 1",,DIANE NAVARRETE,DEM,116,3,146,0,265,119,146
El Paso,186-FIRE STATION 16,"FAMILY DISTRICT JUDGE, 65TH JUDICIAL DISTRICT",,YAHARA L. GUTIERREZ,DEM,118,3,144,0,265,121,144
El Paso,186-FIRE STATION 16,"DISTRICT ATTORNEY, 34TH JUDICIAL DISTRICT",,JAIME ESPARZA,DEM,118,4,146,0,268,122,146
El Paso,186-FIRE STATION 16,"JUDGE, COUNTY CRIMINAL COURT NO. 3",,CARLOS CARRASCO,DEM,117,4,144,0,265,121,144
El Paso,186-FIRE STATION 16,"JUDGE, COUNTY CRIMINAL COURT NO. 4",,JESUS HERRERA,DEM,117,4,142,0,263,121,142
El Paso,186-FIRE STATION 16,COUNTY ATTORNEY,,JO ANNE BERNAL,DEM,118,3,143,0,264,121,143
El Paso,186-FIRE STATION 16,SHERIFF,,RICHARD D. WILES,DEM,127,4,152,0,283,131,152
El Paso,186-FIRE STATION 16,COUNTY TAX ASSESSOR COLLECTOR,,VICTOR A. FLORES,DEM,123,5,144,0,272,128,144
El Paso,186-FIRE STATION 16,"CONSTABLE, PRECINCT NO. 7",,KING MERRITT,REP,63,5,42,0,110,68,42
El Paso,186-FIRE STATION 16,"CONSTABLE, PRECINCT NO. 7",,ANGIE SOMMERS,DEM,106,1,139,0,246,107,139
El Paso,187-KATHY WHITE HOUSING,"CITY OF EL PASO, PROPOSITION",,FOR (A FAVOR),NP,0,0,17,0,17,0,17
El Paso,187-KATHY WHITE HOUSING,"CITY OF EL PASO, PROPOSITION",,AGAINST (EN CONTRA),NP,0,0,3,0,3,0,3
El Paso,187-KATHY WHITE HOUSING,"CITY OF EL PASO, PROPOSITION",,FOR (A FAVOR),NP,0,0,18,0,18,0,18
El Paso,187-KATHY WHITE HOUSING,"CITY OF EL PASO, PROPOSITION",,AGAINST (EN CONTRA),NP,0,0,2,0,2,0,2
El Paso,187-KATHY WHITE HOUSING,"CITY OF EL PASO, PROPOSITION",,FOR (A FAVOR),NP,0,0,15,0,15,0,15
El Paso,187-KATHY WHITE HOUSING,"CITY OF EL PASO, PROPOSITION",,AGAINST (EN CONTRA),NP,0,0,5,0,5,0,5
El Paso,187-KATHY WHITE HOUSING,STRAIGHT PARTY,,REPUBLICAN,REP,0,0,4,0,4,0,4
El Paso,187-KATHY WHITE HOUSING,STRAIGHT PARTY,,DEMOCRAT,DEM,0,0,7,0,7,0,7
El Paso,187-KATHY WHITE HOUSING,STRAIGHT PARTY,,LIBERTARIAN,LIB,0,0,0,0,0,0,0
El Paso,187-KATHY WHITE HOUSING,STRAIGHT PARTY,,GREEN,GRN,0,0,0,0,0,0,0
El Paso,187-KATHY WHITE HOUSING,US PRESIDENT,,MITT ROMNEY,REP,0,0,8,0,8,0,8
El Paso,187-KATHY WHITE HOUSING,US PRESIDENT,,BARACK OBAMA,DEM,0,0,13,0,13,0,13
El Paso,187-KATHY WHITE HOUSING,US PRESIDENT,,GARY JOHNSON,LIB,0,0,0,0,0,0,0
El Paso,187-KATHY WHITE HOUSING,US PRESIDENT,,JILL STEIN,GRN,0,0,0,0,0,0,0
El Paso,187-KATHY WHITE HOUSING,US PRESIDENT,,WRITE-IN,NP,0,0,0,0,0,0,0
El Paso,187-KATHY WHITE HOUSING,US SENATOR,,TED CRUZ,REP,0,0,9,0,9,0,9
El Paso,187-KATHY WHITE HOUSING,US SENATOR,,PAUL SADLER,DEM,0,0,11,0,11,0,11
El Paso,187-KATHY WHITE HOUSING,US SENATOR,,JOHN JAY MYERS,LIB,0,0,0,0,0,0,0
El Paso,187-KATHY WHITE HOUSING,US SENATOR,,DAVID B. COLLINS,GRN,0,0,1,0,1,0,1
El Paso,187-KATHY WHITE HOUSING,US REP DISTRICT 16,,BARBARA CARRASCO,REP,0,0,7,0,7,0,7
El Paso,187-KATHY WHITE HOUSING,US REP DISTRICT 16,,BETO OROURKE,DEM,0,0,13,0,13,0,13
El Paso,187-KATHY WHITE HOUSING,US REP DISTRICT 16,,JUNART SODOY,LIB,0,0,1,0,1,0,1
El Paso,187-KATHY WHITE HOUSING,RAILROAD COMMISSIONER,,CHRISTI CRADDICK,REP,0,0,7,0,7,0,7
El Paso,187-KATHY WHITE HOUSING,RAILROAD COMMISSIONER,,DALE HENRY,DEM,0,0,11,0,11,0,11
El Paso,187-KATHY WHITE HOUSING,RAILROAD COMMISSIONER,,VIVEKANANDA (VIK) WA,LIB,0,0,0,0,0,0,0
El Paso,187-KATHY WHITE HOUSING,RAILROAD COMMISSIONER,,CHRIS KENNEDY,GRN,0,0,2,0,2,0,2
El Paso,187-KATHY WHITE HOUSING,RAILROAD COMMISSIONER,,BARRY SMITHERMAN,REP,0,0,7,0,7,0,7
El Paso,187-KATHY WHITE HOUSING,RAILROAD COMMISSIONER,,JAIME O. PEREZ,LIB,0,0,7,0,7,0,7
El Paso,187-KATHY WHITE HOUSING,RAILROAD COMMISSIONER,,JOSH WENDEL,GRN,0,0,4,0,4,0,4
El Paso,187-KATHY WHITE HOUSING,"JUSTICE, SUPREME COURT, PLACE 2",,DON WILLETT,REP,0,0,8,0,8,0,8
El Paso,187-KATHY WHITE HOUSING,"JUSTICE, SUPREME COURT, PLACE 2",,RS ROBERT KOELSCH,LIB,0,0,8,0,8,0,8
El Paso,187-KATHY WHITE HOUSING,"JUSTICE, SUPREME COURT, PLACE 4",,JOHN DEVINE,REP,0,0,8,0,8,0,8
El Paso,187-KATHY WHITE HOUSING,"JUSTICE, SUPREME COURT, PLACE 4",,TOM OXFORD,LIB,0,0,6,0,6,0,6
El Paso,187-KATHY WHITE HOUSING,"JUSTICE, SUPREME COURT, PLACE 4",,CHARLES E. WATERBURY,GRN,0,0,3,0,3,0,3
El Paso,187-KATHY WHITE HOUSING,"JUSTICE, SUPREME COURT, PLACE 6",,NATHAN HECHT,REP,0,0,8,0,8,0,8
El Paso,187-KATHY WHITE HOUSING,"JUSTICE, SUPREME COURT, PLACE 6",,MICHELE PETTY,DEM,0,0,12,0,12,0,12
El Paso,187-KATHY WHITE HOUSING,"JUSTICE, SUPREME COURT, PLACE 6",,MARK ASH,LIB,0,0,1,0,1,0,1
El Paso,187-KATHY WHITE HOUSING,"JUSTICE, SUPREME COURT, PLACE 6",,JIM CHISHOLM,GRN,0,0,0,0,0,0,0
El Paso,187-KATHY WHITE HOUSING,"PRESIDING JUDGE, COURT OF CRIMINAL APPEALS",,SHARON KELLER,REP,0,0,8,0,8,0,8
El Paso,187-KATHY WHITE HOUSING,"PRESIDING JUDGE, COURT OF CRIMINAL APPEALS",,KEITH HAMPTON,DEM,0,0,11,0,11,0,11
El Paso,187-KATHY WHITE HOUSING,"PRESIDING JUDGE, COURT OF CRIMINAL APPEALS",,LANCE STOTT,LIB,0,0,1,0,1,0,1
El Paso,187-KATHY WHITE HOUSING,"JUDGE, COURT OF CRIMINAL APPEALS, PLACE 7",,BARBARA PARKER HERVE,REP,0,0,8,0,8,0,8
El Paso,187-KATHY WHITE HOUSING,"JUDGE, COURT OF CRIMINAL APPEALS, PLACE 7",,MARK W. BENNETT,LIB,0,0,8,0,8,0,8
El Paso,187-KATHY WHITE HOUSING,"JUDGE, COURT OF CRIMINAL APPEALS, PLACE 8",,ELSA ALCALA,REP,0,0,9,0,9,0,9
El Paso,187-KATHY WHITE HOUSING,"JUDGE, COURT OF CRIMINAL APPEALS, PLACE 8",,WILLIAM BRYAN STRANG,LIB,0,0,7,0,7,0,7
El Paso,187-KATHY WHITE HOUSING,MEMBER STATE BOARD OF EDUCATION DISTRICT 1,,CARLOS CHARLIE GARZA,REP,0,0,8,0,8,0,8
El Paso,187-KATHY WHITE HOUSING,MEMBER STATE BOARD OF EDUCATION DISTRICT 1,,MARTHA M. DOMINGUEZ,DEM,0,0,13,0,13,0,13
El Paso,187-KATHY WHITE HOUSING,STATE SENATOR DISTRICT 29,,DAN CHAVEZ,REP,0,0,6,0,6,0,6
El Paso,187-KATHY WHITE HOUSING,STATE SENATOR DISTRICT 29,,JOSE R. RODRIGUEZ,DEM,0,0,15,0,15,0,15
El Paso,187-KATHY WHITE HOUSING,STATE REPRESENTATIVE DISTRICT 78,,DONALD R. DEE MARGO,REP,0,0,8,0,8,0,8
El Paso,187-KATHY WHITE HOUSING,STATE REPRESENTATIVE DISTRICT 78,,JOE MOODY,DEM,0,0,13,0,13,0,13
El Paso,187-KATHY WHITE HOUSING,"CHIEF JUSTICE, COURT OF APPEALS 8TH DISTRICT",,ANN CRAWFORD MCCLURE,DEM,0,0,14,0,14,0,14
El Paso,187-KATHY WHITE HOUSING,"JUSTICE, 8TH COURT OF APPEALS DISTRICT, PLACE 2",,CHRIS ANTCLIFF,REP,0,0,9,0,9,0,9
El Paso,187-KATHY WHITE HOUSING,"JUSTICE, 8TH COURT OF APPEALS DISTRICT, PLACE 2",,YVONNE RODRIGUEZ,DEM,0,0,11,0,11,0,11
El Paso,187-KATHY WHITE HOUSING,"JUSTICE, 8TH COURT OF APPEALS DISTRICT, PLACE 3",,GUADALUPE LUPE RIVER,DEM,0,0,14,0,14,0,14
El Paso,187-KATHY WHITE HOUSING,"DISTRICT JUDGE, 34TH JUDICIAL DISTRICT",,BILL MOODY,DEM,0,0,14,0,14,0,14
El Paso,187-KATHY WHITE HOUSING,"DISTRICT JUDGE, 41ST JUDICIAL DISTRICT",,ANNA PEREZ,DEM,0,0,13,0,13,0,13
El Paso,187-KATHY WHITE HOUSING,"DISTRICT JUDGE, 243RD JUDICIAL DISTRICT",,BILLY DON HICKS,REP,0,0,11,0,11,0,11
El Paso,187-KATHY WHITE HOUSING,"DISTRICT JUDGE, 243RD JUDICIAL DISTRICT",,LUIS AGUILAR,DEM,0,0,9,0,9,0,9
El Paso,187-KATHY WHITE HOUSING,"DISTRICT JUDGE, 346TH JUDICIAL DISTRICT",,ANGIE J. BARILL,DEM,0,0,13,0,13,0,13
El Paso,187-KATHY WHITE HOUSING,"DISTRICT JUDGE, 383RD JUDICIAL DISTRICT",,MIKE HERRERA,DEM,0,0,14,0,14,0,14
El Paso,187-KATHY WHITE HOUSING,"DISTRICT JUDGE, 384TH JUDICIAL DISTRICT",,PATRICK M. GARCIA,DEM,0,0,13,0,13,0,13
El Paso,187-KATHY WHITE HOUSING,"DISTRICT JUDGE, 388TH JUDICIAL DISTRICT",,LAURA STRATHMANN,DEM,0,0,15,0,15,0,15
El Paso,187-KATHY WHITE HOUSING,"DISTRICT JUDGE, 409TH JUDICIAL DISTRICT",,SAM MEDRANO JR,DEM,0,0,13,0,13,0,13
El Paso,187-KATHY WHITE HOUSING,"DISTRICT JUDGE, 448TH JUDICIAL DISTRICT",,SERGIO H. ENRIQUEZ,DEM,0,0,13,0,13,0,13
El Paso,187-KATHY WHITE HOUSING,"CRIMINAL DISTRICT JUDGE, COURT NO. 1",,DIANE NAVARRETE,DEM,0,0,13,0,13,0,13
El Paso,187-KATHY WHITE HOUSING,"FAMILY DISTRICT JUDGE, 65TH JUDICIAL DISTRICT",,YAHARA L. GUTIERREZ,DEM,0,0,14,0,14,0,14
El Paso,187-KATHY WHITE HOUSING,"DISTRICT ATTORNEY, 34TH JUDICIAL DISTRICT",,JAIME ESPARZA,DEM,0,0,14,0,14,0,14
El Paso,187-KATHY WHITE HOUSING,"JUDGE, COUNTY CRIMINAL COURT NO. 3",,CARLOS CARRASCO,DEM,0,0,13,0,13,0,13
El Paso,187-KATHY WHITE HOUSING,"JUDGE, COUNTY CRIMINAL COURT NO. 4",,JESUS HERRERA,DEM,0,0,13,0,13,0,13
El Paso,187-KATHY WHITE HOUSING,COUNTY ATTORNEY,,JO ANNE BERNAL,DEM,0,0,13,0,13,0,13
El Paso,187-KATHY WHITE HOUSING,SHERIFF,,RICHARD D. WILES,DEM,0,0,15,0,15,0,15
El Paso,187-KATHY WHITE HOUSING,COUNTY TAX ASSESSOR COLLECTOR,,VICTOR A. FLORES,DEM,0,0,14,0,14,0,14
El Paso,187-KATHY WHITE HOUSING,"CONSTABLE, PRECINCT NO. 1",,ROBERT WHITE,DEM,0,0,15,0,15,0,15
El Paso,188-FIRE STATION 16,"CITY OF EL PASO, PROPOSITION",,FOR (A FAVOR),NP,15,2,19,0,36,17,19
El Paso,188-FIRE STATION 16,"CITY OF EL PASO, PROPOSITION",,AGAINST (EN CONTRA),NP,9,0,10,0,19,9,10
El Paso,188-FIRE STATION 16,"CITY OF EL PASO, PROPOSITION",,FOR (A FAVOR),NP,14,1,15,0,30,15,15
El Paso,188-FIRE STATION 16,"CITY OF EL PASO, PROPOSITION",,AGAINST (EN CONTRA),NP,9,1,13,0,23,10,13
El Paso,188-FIRE STATION 16,"CITY OF EL PASO, PROPOSITION",,FOR (A FAVOR),NP,10,0,16,0,26,10,16
El Paso,188-FIRE STATION 16,"CITY OF EL PASO, PROPOSITION",,AGAINST (EN CONTRA),NP,14,1,12,0,27,15,12
El Paso,188-FIRE STATION 16,STRAIGHT PARTY,,REPUBLICAN,REP,2,0,7,0,9,2,7
El Paso,188-FIRE STATION 16,STRAIGHT PARTY,,DEMOCRAT,DEM,9,0,4,0,13,9,4
El Paso,188-FIRE STATION 16,STRAIGHT PARTY,,LIBERTARIAN,LIB,0,0,0,0,0,0,0
El Paso,188-FIRE STATION 16,STRAIGHT PARTY,,GREEN,GRN,0,0,0,0,0,0,0
El Paso,188-FIRE STATION 16,US PRESIDENT,,MITT ROMNEY,REP,9,0,21,0,30,9,21
El Paso,188-FIRE STATION 16,US PRESIDENT,,BARACK OBAMA,DEM,14,2,9,0,25,16,9
El Paso,188-FIRE STATION 16,US PRESIDENT,,GARY JOHNSON,LIB,0,0,0,0,0,0,0
El Paso,188-FIRE STATION 16,US PRESIDENT,,JILL STEIN,GRN,1,0,0,0,1,1,0
El Paso,188-FIRE STATION 16,US PRESIDENT,,WRITE-IN,NP,0,0,0,0,0,0,0
El Paso,188-FIRE STATION 16,US SENATOR,,TED CRUZ,REP,7,1,19,0,27,8,19
El Paso,188-FIRE STATION 16,US SENATOR,,PAUL SADLER,DEM,16,1,9,0,26,17,9
El Paso,188-FIRE STATION 16,US SENATOR,,JOHN JAY MYERS,LIB,2,0,1,0,3,2,1
El Paso,188-FIRE STATION 16,US SENATOR,,DAVID B. COLLINS,GRN,0,0,1,0,1,0,1
El Paso,188-FIRE STATION 16,US REP DISTRICT 16,,BARBARA CARRASCO,REP,7,1,18,0,26,8,18
El Paso,188-FIRE STATION 16,US REP DISTRICT 16,,BETO OROURKE,DEM,18,0,12,0,30,18,12
El Paso,188-FIRE STATION 16,US REP DISTRICT 16,,JUNART SODOY,LIB,0,1,0,0,1,1,0
El Paso,188-FIRE STATION 16,RAILROAD COMMISSIONER,,CHRISTI CRADDICK,REP,10,1,13,0,24,11,13
El Paso,188-FIRE STATION 16,RAILROAD COMMISSIONER,,DALE HENRY,DEM,13,0,11,0,24,13,11
El Paso,188-FIRE STATION 16,RAILROAD COMMISSIONER,,VIVEKANANDA (VIK) WA,LIB,0,0,3,0,3,0,3
El Paso,188-FIRE STATION 16,RAILROAD COMMISSIONER,,CHRIS KENNEDY,GRN,2,1,2,0,5,3,2
El Paso,188-FIRE STATION 16,RAILROAD COMMISSIONER,,BARRY SMITHERMAN,REP,8,1,18,0,27,9,18
El Paso,188-FIRE STATION 16,RAILROAD COMMISSIONER,,JAIME O. PEREZ,LIB,8,1,6,0,15,9,6
El Paso,188-FIRE STATION 16,RAILROAD COMMISSIONER,,JOSH WENDEL,GRN,4,0,5,0,9,4,5
El Paso,188-FIRE STATION 16,"JUSTICE, SUPREME COURT, PLACE 2",,DON WILLETT,REP,13,1,21,0,35,14,21
El Paso,188-FIRE STATION 16,"JUSTICE, SUPREME COURT, PLACE 2",,RS ROBERT KOELSCH,LIB,6,1,7,0,14,7,7
El Paso,188-FIRE STATION 16,"JUSTICE, SUPREME COURT, PLACE 4",,JOHN DEVINE,REP,12,1,20,0,33,13,20
El Paso,188-FIRE STATION 16,"JUSTICE, SUPREME COURT, PLACE 4",,TOM OXFORD,LIB,6,1,5,0,12,7,5
El Paso,188-FIRE STATION 16,"JUSTICE, SUPREME COURT, PLACE 4",,CHARLES E. WATERBURY,GRN,2,0,2,0,4,2,2
El Paso,188-FIRE STATION 16,"JUSTICE, SUPREME COURT, PLACE 6",,NATHAN HECHT,REP,8,1,16,0,25,9,16
El Paso,188-FIRE STATION 16,"JUSTICE, SUPREME COURT, PLACE 6",,MICHELE PETTY,DEM,15,0,8,0,23,15,8
El Paso,188-FIRE STATION 16,"JUSTICE, SUPREME COURT, PLACE 6",,MARK ASH,LIB,0,1,3,0,4,1,3
El Paso,188-FIRE STATION 16,"JUSTICE, SUPREME COURT, PLACE 6",,JIM CHISHOLM,GRN,2,0,2,0,4,2,2
El Paso,188-FIRE STATION 16,"PRESIDING JUDGE, COURT OF CRIMINAL APPEALS",,SHARON KELLER,REP,12,1,19,0,32,13,19
El Paso,188-FIRE STATION 16,"PRESIDING JUDGE, COURT OF CRIMINAL APPEALS",,KEITH HAMPTON,DEM,13,1,7,0,21,14,7
El Paso,188-FIRE STATION 16,"PRESIDING JUDGE, COURT OF CRIMINAL APPEALS",,LANCE STOTT,LIB,0,0,2,0,2,0,2
El Paso,188-FIRE STATION 16,"JUDGE, COURT OF CRIMINAL APPEALS, PLACE 7",,BARBARA PARKER HERVE,REP,14,1,19,0,34,15,19
El Paso,188-FIRE STATION 16,"JUDGE, COURT OF CRIMINAL APPEALS, PLACE 7",,MARK W. BENNETT,LIB,4,1,8,0,13,5,8
El Paso,188-FIRE STATION 16,"JUDGE, COURT OF CRIMINAL APPEALS, PLACE 8",,ELSA ALCALA,REP,11,2,18,0,31,13,18
El Paso,188-FIRE STATION 16,"JUDGE, COURT OF CRIMINAL APPEALS, PLACE 8",,WILLIAM BRYAN STRANG,LIB,6,0,8,0,14,6,8
El Paso,188-FIRE STATION 16,MEMBER STATE BOARD OF EDUCATION DISTRICT 1,,CARLOS CHARLIE GARZA,REP,9,1,17,0,27,10,17
El Paso,188-FIRE STATION 16,MEMBER STATE BOARD OF EDUCATION DISTRICT 1,,MARTHA M. DOMINGUEZ,DEM,16,1,11,0,28,17,11
El Paso,188-FIRE STATION 16,STATE SENATOR DISTRICT 29,,DAN CHAVEZ,REP,8,1,19,0,28,9,19
El Paso,188-FIRE STATION 16,STATE SENATOR DISTRICT 29,,JOSE R. RODRIGUEZ,DEM,16,1,10,0,27,17,10
El Paso,188-FIRE STATION 16,STATE REPRESENTATIVE DISTRICT 77,,MARISA MARQUEZ,DEM,20,2,14,0,36,22,14
El Paso,188-FIRE STATION 16,"CHIEF JUSTICE, COURT OF APPEALS 8TH DISTRICT",,ANN CRAWFORD MCCLURE,DEM,21,2,13,0,36,23,13
El Paso,188-FIRE STATION 16,"JUSTICE, 8TH COURT OF APPEALS DISTRICT, PLACE 2",,CHRIS ANTCLIFF,REP,12,1,17,0,30,13,17
El Paso,188-FIRE STATION 16,"JUSTICE, 8TH COURT OF APPEALS DISTRICT, PLACE 2",,YVONNE RODRIGUEZ,DEM,13,1,8,0,22,14,8
El Paso,188-FIRE STATION 16,"JUSTICE, 8TH COURT OF APPEALS DISTRICT, PLACE 3",,GUADALUPE LUPE RIVER,DEM,21,1,14,0,36,22,14
El Paso,188-FIRE STATION 16,"DISTRICT JUDGE, 34TH JUDICIAL DISTRICT",,BILL MOODY,DEM,21,2,14,0,37,23,14
El Paso,188-FIRE STATION 16,"DISTRICT JUDGE, 41ST JUDICIAL DISTRICT",,ANNA PEREZ,DEM,21,1,14,0,36,22,14
El Paso,188-FIRE STATION 16,"DISTRICT JUDGE, 243RD JUDICIAL DISTRICT",,BILLY DON HICKS,REP,10,1,19,0,30,11,19
El Paso,188-FIRE STATION 16,"DISTRICT JUDGE, 243RD JUDICIAL DISTRICT",,LUIS AGUILAR,DEM,14,1,7,0,22,15,7
El Paso,188-FIRE STATION 16,"DISTRICT JUDGE, 346TH JUDICIAL DISTRICT",,ANGIE J. BARILL,DEM,20,2,13,0,35,22,13
El Paso,188-FIRE STATION 16,"DISTRICT JUDGE, 383RD JUDICIAL DISTRICT",,MIKE HERRERA,DEM,20,2,12,0,34,22,12
El Paso,188-FIRE STATION 16,"DISTRICT JUDGE, 384TH JUDICIAL DISTRICT",,PATRICK M. GARCIA,DEM,20,2,12,0,34,22,12
El Paso,188-FIRE STATION 16,"DISTRICT JUDGE, 388TH JUDICIAL DISTRICT",,LAURA STRATHMANN,DEM,20,2,13,0,35,22,13
El Paso,188-FIRE STATION 16,"DISTRICT JUDGE, 409TH JUDICIAL DISTRICT",,SAM MEDRANO JR,DEM,20,2,14,0,36,22,14
El Paso,188-FIRE STATION 16,"DISTRICT JUDGE, 448TH JUDICIAL DISTRICT",,SERGIO H. ENRIQUEZ,DEM,20,2,13,0,35,22,13
El Paso,188-FIRE STATION 16,"CRIMINAL DISTRICT JUDGE, COURT NO. 1",,DIANE NAVARRETE,DEM,20,2,14,0,36,22,14
El Paso,188-FIRE STATION 16,"FAMILY DISTRICT JUDGE, 65TH JUDICIAL DISTRICT",,YAHARA L. GUTIERREZ,DEM,20,2,14,0,36,22,14
El Paso,188-FIRE STATION 16,"DISTRICT ATTORNEY, 34TH JUDICIAL DISTRICT",,JAIME ESPARZA,DEM,20,2,13,0,35,22,13
El Paso,188-FIRE STATION 16,"JUDGE, COUNTY CRIMINAL COURT NO. 3",,CARLOS CARRASCO,DEM,19,2,13,0,34,21,13
El Paso,188-FIRE STATION 16,"JUDGE, COUNTY CRIMINAL COURT NO. 4",,JESUS HERRERA,DEM,20,2,11,0,33,22,11
El Paso,188-FIRE STATION 16,COUNTY ATTORNEY,,JO ANNE BERNAL,DEM,21,2,11,0,34,23,11
El Paso,188-FIRE STATION 16,SHERIFF,,RICHARD D. WILES,DEM,21,2,16,0,39,23,16
El Paso,188-FIRE STATION 16,COUNTY TAX ASSESSOR COLLECTOR,,VICTOR A. FLORES,DEM,21,2,13,0,36,23,13
El Paso,188-FIRE STATION 16,"CONSTABLE, PRECINCT NO. 7",,KING MERRITT,REP,7,1,16,0,24,8,16
El Paso,188-FIRE STATION 16,"CONSTABLE, PRECINCT NO. 7",,ANGIE SOMMERS,DEM,18,1,11,0,30,19,11
El Paso,189-BONHAM ELEMENTARY,"CITY OF EL PASO, PROPOSITION",,FOR (A FAVOR),NP,3,1,0,0,4,4,0
El Paso,189-BONHAM ELEMENTARY,"CITY OF EL PASO, PROPOSITION",,AGAINST (EN CONTRA),NP,1,0,0,0,1,1,0
El Paso,189-BONHAM ELEMENTARY,"CITY OF EL PASO, PROPOSITION",,FOR (A FAVOR),NP,3,1,0,0,4,4,0
El Paso,189-BONHAM ELEMENTARY,"CITY OF EL PASO, PROPOSITION",,AGAINST (EN CONTRA),NP,1,0,0,0,1,1,0
El Paso,189-BONHAM ELEMENTARY,"CITY OF EL PASO, PROPOSITION",,FOR (A FAVOR),NP,3,1,0,0,4,4,0
El Paso,189-BONHAM ELEMENTARY,"CITY OF EL PASO, PROPOSITION",,AGAINST (EN CONTRA),NP,1,0,0,0,1,1,0
El Paso,189-BONHAM ELEMENTARY,STRAIGHT PARTY,,REPUBLICAN,REP,1,1,0,0,2,2,0
El Paso,189-BONHAM ELEMENTARY,STRAIGHT PARTY,,DEMOCRAT,DEM,3,0,0,0,3,3,0
El Paso,189-BONHAM ELEMENTARY,STRAIGHT PARTY,,LIBERTARIAN,LIB,0,0,0,0,0,0,0
El Paso,189-BONHAM ELEMENTARY,STRAIGHT PARTY,,GREEN,GRN,0,0,0,0,0,0,0
El Paso,189-BONHAM ELEMENTARY,US PRESIDENT,,MITT ROMNEY,REP,1,1,0,0,2,2,0
El Paso,189-BONHAM ELEMENTARY,US PRESIDENT,,BARACK OBAMA,DEM,3,0,0,0,3,3,0
El Paso,189-BONHAM ELEMENTARY,US PRESIDENT,,GARY JOHNSON,LIB,0,0,0,0,0,0,0
El Paso,189-BONHAM ELEMENTARY,US PRESIDENT,,JILL STEIN,GRN,0,0,0,0,0,0,0
El Paso,189-BONHAM ELEMENTARY,US PRESIDENT,,WRITE-IN,NP,0,0,0,0,0,0,0
El Paso,189-BONHAM ELEMENTARY,US SENATOR,,TED CRUZ,REP,1,1,0,0,2,2,0
El Paso,189-BONHAM ELEMENTARY,US SENATOR,,PAUL SADLER,DEM,3,0,0,0,3,3,0
El Paso,189-BONHAM ELEMENTARY,US SENATOR,,JOHN JAY MYERS,LIB,0,0,0,0,0,0,0
El Paso,189-BONHAM ELEMENTARY,US SENATOR,,DAVID B. COLLINS,GRN,0,0,0,0,0,0,0
El Paso,189-BONHAM ELEMENTARY,US REP DISTRICT 16,,BARBARA CARRASCO,REP,1,1,0,0,2,2,0
El Paso,189-BONHAM ELEMENTARY,US REP DISTRICT 16,,BETO OROURKE,DEM,3,0,0,0,3,3,0
El Paso,189-BONHAM ELEMENTARY,US REP DISTRICT 16,,JUNART SODOY,LIB,0,0,0,0,0,0,0
El Paso,189-BONHAM ELEMENTARY,RAILROAD COMMISSIONER,,CHRISTI CRADDICK,REP,1,1,0,0,2,2,0
El Paso,189-BONHAM ELEMENTARY,RAILROAD COMMISSIONER,,DALE HENRY,DEM,3,0,0,0,3,3,0
El Paso,189-BONHAM ELEMENTARY,RAILROAD COMMISSIONER,,VIVEKANANDA (VIK) WA,LIB,0,0,0,0,0,0,0
El Paso,189-BONHAM ELEMENTARY,RAILROAD COMMISSIONER,,CHRIS KENNEDY,GRN,0,0,0,0,0,0,0
El Paso,189-BONHAM ELEMENTARY,RAILROAD COMMISSIONER,,BARRY SMITHERMAN,REP,1,1,0,0,2,2,0
El Paso,189-BONHAM ELEMENTARY,RAILROAD COMMISSIONER,,JAIME O. PEREZ,LIB,0,0,0,0,0,0,0
El Paso,189-BONHAM ELEMENTARY,RAILROAD COMMISSIONER,,JOSH WENDEL,GRN,0,0,0,0,0,0,0
El Paso,189-BONHAM ELEMENTARY,"JUSTICE, SUPREME COURT, PLACE 2",,DON WILLETT,REP,1,1,0,0,2,2,0
El Paso,189-BONHAM ELEMENTARY,"JUSTICE, SUPREME COURT, PLACE 2",,RS ROBERT KOELSCH,LIB,1,0,0,0,1,1,0
El Paso,189-BONHAM ELEMENTARY,"JUSTICE, SUPREME COURT, PLACE 4",,JOHN DEVINE,REP,1,1,0,0,2,2,0
El Paso,189-BONHAM ELEMENTARY,"JUSTICE, SUPREME COURT, PLACE 4",,TOM OXFORD,LIB,1,0,0,0,1,1,0
El Paso,189-BONHAM ELEMENTARY,"JUSTICE, SUPREME COURT, PLACE 4",,CHARLES E. WATERBURY,GRN,0,0,0,0,0,0,0
El Paso,189-BONHAM ELEMENTARY,"JUSTICE, SUPREME COURT, PLACE 6",,NATHAN HECHT,REP,1,1,0,0,2,2,0
El Paso,189-BONHAM ELEMENTARY,"JUSTICE, SUPREME COURT, PLACE 6",,MICHELE PETTY,DEM,3,0,0,0,3,3,0
El Paso,189-BONHAM ELEMENTARY,"JUSTICE, SUPREME COURT, PLACE 6",,MARK ASH,LIB,0,0,0,0,0,0,0
El Paso,189-BONHAM ELEMENTARY,"JUSTICE, SUPREME COURT, PLACE 6",,JIM CHISHOLM,GRN,0,0,0,0,0,0,0
El Paso,189-BONHAM ELEMENTARY,"PRESIDING JUDGE, COURT OF CRIMINAL APPEALS",,SHARON KELLER,REP,1,1,0,0,2,2,0
El Paso,189-BONHAM ELEMENTARY,"PRESIDING JUDGE, COURT OF CRIMINAL APPEALS",,KEITH HAMPTON,DEM,3,0,0,0,3,3,0
El Paso,189-BONHAM ELEMENTARY,"PRESIDING JUDGE, COURT OF CRIMINAL APPEALS",,LANCE STOTT,LIB,0,0,0,0,0,0,0
El Paso,189-BONHAM ELEMENTARY,"JUDGE, COURT OF CRIMINAL APPEALS, PLACE 7",,BARBARA PARKER HERVE,REP,1,1,0,0,2,2,0
El Paso,189-BONHAM ELEMENTARY,"JUDGE, COURT OF CRIMINAL APPEALS, PLACE 7",,MARK W. BENNETT,LIB,1,0,0,0,1,1,0
El Paso,189-BONHAM ELEMENTARY,"JUDGE, COURT OF CRIMINAL APPEALS, PLACE 8",,ELSA ALCALA,REP,1,1,0,0,2,2,0
El Paso,189-BONHAM ELEMENTARY,"JUDGE, COURT OF CRIMINAL APPEALS, PLACE 8",,WILLIAM BRYAN STRANG,LIB,1,0,0,0,1,1,0
El Paso,189-BONHAM ELEMENTARY,MEMBER STATE BOARD OF EDUCATION DISTRICT 1,,CARLOS CHARLIE GARZA,REP,1,1,0,0,2,2,0
El Paso,189-BONHAM ELEMENTARY,MEMBER STATE BOARD OF EDUCATION DISTRICT 1,,MARTHA M. DOMINGUEZ,DEM,3,0,0,0,3,3,0
El Paso,189-BONHAM ELEMENTARY,STATE SENATOR DISTRICT 29,,DAN CHAVEZ,REP,1,1,0,0,2,2,0
El Paso,189-BONHAM ELEMENTARY,STATE SENATOR DISTRICT 29,,JOSE R. RODRIGUEZ,DEM,3,0,0,0,3,3,0
El Paso,189-BONHAM ELEMENTARY,STATE REPRESENTATIVE DISTRICT 79,,JOE C. PICKETT,DEM,3,0,0,0,3,3,0
El Paso,189-BONHAM ELEMENTARY,"CHIEF JUSTICE, COURT OF APPEALS 8TH DISTRICT",,ANN CRAWFORD MCCLURE,DEM,3,0,0,0,3,3,0
El Paso,189-BONHAM ELEMENTARY,"JUSTICE, 8TH COURT OF APPEALS DISTRICT, PLACE 2",,CHRIS ANTCLIFF,REP,1,1,0,0,2,2,0
El Paso,189-BONHAM ELEMENTARY,"JUSTICE, 8TH COURT OF APPEALS DISTRICT, PLACE 2",,YVONNE RODRIGUEZ,DEM,3,0,0,0,3,3,0
El Paso,189-BONHAM ELEMENTARY,"JUSTICE, 8TH COURT OF APPEALS DISTRICT, PLACE 3",,GUADALUPE LUPE RIVER,DEM,3,0,0,0,3,3,0
El Paso,189-BONHAM ELEMENTARY,"DISTRICT JUDGE, 34TH JUDICIAL DISTRICT",,BILL MOODY,DEM,3,0,0,0,3,3,0
El Paso,189-BONHAM ELEMENTARY,"DISTRICT JUDGE, 41ST JUDICIAL DISTRICT",,ANNA PEREZ,DEM,3,0,0,0,3,3,0
El Paso,189-BONHAM ELEMENTARY,"DISTRICT JUDGE, 243RD JUDICIAL DISTRICT",,BILLY DON HICKS,REP,1,1,0,0,2,2,0
El Paso,189-BONHAM ELEMENTARY,"DISTRICT JUDGE, 243RD JUDICIAL DISTRICT",,LUIS AGUILAR,DEM,3,0,0,0,3,3,0
El Paso,189-BONHAM ELEMENTARY,"DISTRICT JUDGE, 346TH JUDICIAL DISTRICT",,ANGIE J. BARILL,DEM,3,0,0,0,3,3,0
El Paso,189-BONHAM ELEMENTARY,"DISTRICT JUDGE, 383RD JUDICIAL DISTRICT",,MIKE HERRERA,DEM,3,0,0,0,3,3,0
El Paso,189-BONHAM ELEMENTARY,"DISTRICT JUDGE, 384TH JUDICIAL DISTRICT",,PATRICK M. GARCIA,DEM,3,0,0,0,3,3,0
El Paso,189-BONHAM ELEMENTARY,"DISTRICT JUDGE, 388TH JUDICIAL DISTRICT",,LAURA STRATHMANN,DEM,3,0,0,0,3,3,0
El Paso,189-BONHAM ELEMENTARY,"DISTRICT JUDGE, 409TH JUDICIAL DISTRICT",,SAM MEDRANO JR,DEM,3,0,0,0,3,3,0
El Paso,189-BONHAM ELEMENTARY,"DISTRICT JUDGE, 448TH JUDICIAL DISTRICT",,SERGIO H. ENRIQUEZ,DEM,3,0,0,0,3,3,0
El Paso,189-BONHAM ELEMENTARY,"CRIMINAL DISTRICT JUDGE, COURT NO. 1",,DIANE NAVARRETE,DEM,3,0,0,0,3,3,0
El Paso,189-BONHAM ELEMENTARY,"FAMILY DISTRICT JUDGE, 65TH JUDICIAL DISTRICT",,YAHARA L. GUTIERREZ,DEM,3,0,0,0,3,3,0
El Paso,189-BONHAM ELEMENTARY,"DISTRICT ATTORNEY, 34TH JUDICIAL DISTRICT",,JAIME ESPARZA,DEM,3,0,0,0,3,3,0
El Paso,189-BONHAM ELEMENTARY,"JUDGE, COUNTY CRIMINAL COURT NO. 3",,CARLOS CARRASCO,DEM,3,0,0,0,3,3,0
El Paso,189-BONHAM ELEMENTARY,"JUDGE, COUNTY CRIMINAL COURT NO. 4",,JESUS HERRERA,DEM,3,0,0,0,3,3,0
El Paso,189-BONHAM ELEMENTARY,COUNTY ATTORNEY,,JO ANNE BERNAL,DEM,3,0,0,0,3,3,0
El Paso,189-BONHAM ELEMENTARY,SHERIFF,,RICHARD D. WILES,DEM,3,0,0,0,3,3,0
El Paso,189-BONHAM ELEMENTARY,COUNTY TAX ASSESSOR COLLECTOR,,VICTOR A. FLORES,DEM,3,0,0,0,3,3,0
El Paso,189-BONHAM ELEMENTARY,"CONSTABLE, PRECINCT NO. 3",,HECTOR BERNAL,DEM,3,0,0,0,3,3,0
El Paso,190-EL DORADO 9TH GRD,STRAIGHT PARTY,,REPUBLICAN,REP,0,0,0,0,0,0,0
El Paso,190-EL DORADO 9TH GRD,STRAIGHT PARTY,,DEMOCRAT,DEM,0,0,0,0,0,0,0
El Paso,190-EL DORADO 9TH GRD,STRAIGHT PARTY,,LIBERTARIAN,LIB,0,0,0,0,0,0,0
El Paso,190-EL DORADO 9TH GRD,STRAIGHT PARTY,,GREEN,GRN,0,0,0,0,0,0,0
El Paso,190-EL DORADO 9TH GRD,US PRESIDENT,,MITT ROMNEY,REP,0,0,0,0,0,0,0
El Paso,190-EL DORADO 9TH GRD,US PRESIDENT,,BARACK OBAMA,DEM,0,0,0,0,0,0,0
El Paso,190-EL DORADO 9TH GRD,US PRESIDENT,,GARY JOHNSON,LIB,0,0,0,0,0,0,0
El Paso,190-EL DORADO 9TH GRD,US PRESIDENT,,JILL STEIN,GRN,0,0,0,0,0,0,0
El Paso,190-EL DORADO 9TH GRD,US PRESIDENT,,WRITE-IN,NP,0,0,0,0,0,0,0
El Paso,190-EL DORADO 9TH GRD,US SENATOR,,TED CRUZ,REP,0,0,0,0,0,0,0
El Paso,190-EL DORADO 9TH GRD,US SENATOR,,PAUL SADLER,DEM,0,0,0,0,0,0,0
El Paso,190-EL DORADO 9TH GRD,US SENATOR,,JOHN JAY MYERS,LIB,0,0,0,0,0,0,0
El Paso,190-EL DORADO 9TH GRD,US SENATOR,,DAVID B. COLLINS,GRN,0,0,0,0,0,0,0
El Paso,190-EL DORADO 9TH GRD,US REP DISTRICT 16,,BARBARA CARRASCO,REP,0,0,0,0,0,0,0
El Paso,190-EL DORADO 9TH GRD,US REP DISTRICT 16,,BETO OROURKE,DEM,0,0,0,0,0,0,0
El Paso,190-EL DORADO 9TH GRD,US REP DISTRICT 16,,JUNART SODOY,LIB,0,0,0,0,0,0,0
El Paso,190-EL DORADO 9TH GRD,RAILROAD COMMISSIONER,,CHRISTI CRADDICK,REP,0,0,0,0,0,0,0
El Paso,190-EL DORADO 9TH GRD,RAILROAD COMMISSIONER,,DALE HENRY,DEM,0,0,0,0,0,0,0
El Paso,190-EL DORADO 9TH GRD,RAILROAD COMMISSIONER,,VIVEKANANDA (VIK) WA,LIB,0,0,0,0,0,0,0
El Paso,190-EL DORADO 9TH GRD,RAILROAD COMMISSIONER,,CHRIS KENNEDY,GRN,0,0,0,0,0,0,0
El Paso,190-EL DORADO 9TH GRD,RAILROAD COMMISSIONER,,BARRY SMITHERMAN,REP,0,0,0,0,0,0,0
El Paso,190-EL DORADO 9TH GRD,RAILROAD COMMISSIONER,,JAIME O. PEREZ,LIB,0,0,0,0,0,0,0
El Paso,190-EL DORADO 9TH GRD,RAILROAD COMMISSIONER,,JOSH WENDEL,GRN,0,0,0,0,0,0,0
El Paso,190-EL DORADO 9TH GRD,"JUSTICE, SUPREME COURT, PLACE 2",,DON WILLETT,REP,0,0,0,0,0,0,0
El Paso,190-EL DORADO 9TH GRD,"JUSTICE, SUPREME COURT, PLACE 2",,RS ROBERT KOELSCH,LIB,0,0,0,0,0,0,0
El Paso,190-EL DORADO 9TH GRD,"JUSTICE, SUPREME COURT, PLACE 4",,JOHN DEVINE,REP,0,0,0,0,0,0,0
El Paso,190-EL DORADO 9TH GRD,"JUSTICE, SUPREME COURT, PLACE 4",,TOM OXFORD,LIB,0,0,0,0,0,0,0
El Paso,190-EL DORADO 9TH GRD,"JUSTICE, SUPREME COURT, PLACE 4",,CHARLES E. WATERBURY,GRN,0,0,0,0,0,0,0
El Paso,190-EL DORADO 9TH GRD,"JUSTICE, SUPREME COURT, PLACE 6",,NATHAN HECHT,REP,0,0,0,0,0,0,0
El Paso,190-EL DORADO 9TH GRD,"JUSTICE, SUPREME COURT, PLACE 6",,MICHELE PETTY,DEM,0,0,0,0,0,0,0
El Paso,190-EL DORADO 9TH GRD,"JUSTICE, SUPREME COURT, PLACE 6",,MARK ASH,LIB,0,0,0,0,0,0,0
El Paso,190-EL DORADO 9TH GRD,"JUSTICE, SUPREME COURT, PLACE 6",,JIM CHISHOLM,GRN,0,0,0,0,0,0,0
El Paso,190-EL DORADO 9TH GRD,"PRESIDING JUDGE, COURT OF CRIMINAL APPEALS",,SHARON KELLER,REP,0,0,0,0,0,0,0
El Paso,190-EL DORADO 9TH GRD,"PRESIDING JUDGE, COURT OF CRIMINAL APPEALS",,KEITH HAMPTON,DEM,0,0,0,0,0,0,0
El Paso,190-EL DORADO 9TH GRD,"PRESIDING JUDGE, COURT OF CRIMINAL APPEALS",,LANCE STOTT,LIB,0,0,0,0,0,0,0
El Paso,190-EL DORADO 9TH GRD,"JUDGE, COURT OF CRIMINAL APPEALS, PLACE 7",,BARBARA PARKER HERVE,REP,0,0,0,0,0,0,0
El Paso,190-EL DORADO 9TH GRD,"JUDGE, COURT OF CRIMINAL APPEALS, PLACE 7",,MARK W. BENNETT,LIB,0,0,0,0,0,0,0
El Paso,190-EL DORADO 9TH GRD,"JUDGE, COURT OF CRIMINAL APPEALS, PLACE 8",,ELSA ALCALA,REP,0,0,0,0,0,0,0
El Paso,190-EL DORADO 9TH GRD,"JUDGE, COURT OF CRIMINAL APPEALS, PLACE 8",,WILLIAM BRYAN STRANG,LIB,0,0,0,0,0,0,0
El Paso,190-EL DORADO 9TH GRD,MEMBER STATE BOARD OF EDUCATION DISTRICT 1,,CARLOS CHARLIE GARZA,REP,0,0,0,0,0,0,0
El Paso,190-EL DORADO 9TH GRD,MEMBER STATE BOARD OF EDUCATION DISTRICT 1,,MARTHA M. DOMINGUEZ,DEM,0,0,0,0,0,0,0
El Paso,190-EL DORADO 9TH GRD,STATE SENATOR DISTRICT 29,,DAN CHAVEZ,REP,0,0,0,0,0,0,0
El Paso,190-EL DORADO 9TH GRD,STATE SENATOR DISTRICT 29,,JOSE R. RODRIGUEZ,DEM,0,0,0,0,0,0,0
El Paso,190-EL DORADO 9TH GRD,STATE REPRESENTATIVE DISTRICT 79,,JOE C. PICKETT,DEM,0,0,0,0,0,0,0
El Paso,190-EL DORADO 9TH GRD,"CHIEF JUSTICE, COURT OF APPEALS 8TH DISTRICT",,ANN CRAWFORD MCCLURE,DEM,0,0,0,0,0,0,0
El Paso,190-EL DORADO 9TH GRD,"JUSTICE, 8TH COURT OF APPEALS DISTRICT, PLACE 2",,CHRIS ANTCLIFF,REP,0,0,0,0,0,0,0
El Paso,190-EL DORADO 9TH GRD,"JUSTICE, 8TH COURT OF APPEALS DISTRICT, PLACE 2",,YVONNE RODRIGUEZ,DEM,0,0,0,0,0,0,0
El Paso,190-EL DORADO 9TH GRD,"JUSTICE, 8TH COURT OF APPEALS DISTRICT, PLACE 3",,GUADALUPE LUPE RIVER,DEM,0,0,0,0,0,0,0
El Paso,190-EL DORADO 9TH GRD,"DISTRICT JUDGE, 34TH JUDICIAL DISTRICT",,BILL MOODY,DEM,0,0,0,0,0,0,0
El Paso,190-EL DORADO 9TH GRD,"DISTRICT JUDGE, 41ST JUDICIAL DISTRICT",,ANNA PEREZ,DEM,0,0,0,0,0,0,0
El Paso,190-EL DORADO 9TH GRD,"DISTRICT JUDGE, 243RD JUDICIAL DISTRICT",,BILLY DON HICKS,REP,0,0,0,0,0,0,0
El Paso,190-EL DORADO 9TH GRD,"DISTRICT JUDGE, 243RD JUDICIAL DISTRICT",,LUIS AGUILAR,DEM,0,0,0,0,0,0,0
El Paso,190-EL DORADO 9TH GRD,"DISTRICT JUDGE, 346TH JUDICIAL DISTRICT",,ANGIE J. BARILL,DEM,0,0,0,0,0,0,0
El Paso,190-EL DORADO 9TH GRD,"DISTRICT JUDGE, 383RD JUDICIAL DISTRICT",,MIKE HERRERA,DEM,0,0,0,0,0,0,0
El Paso,190-EL DORADO 9TH GRD,"DISTRICT JUDGE, 384TH JUDICIAL DISTRICT",,PATRICK M. GARCIA,DEM,0,0,0,0,0,0,0
El Paso,190-EL DORADO 9TH GRD,"DISTRICT JUDGE, 388TH JUDICIAL DISTRICT",,LAURA STRATHMANN,DEM,0,0,0,0,0,0,0
El Paso,190-EL DORADO 9TH GRD,"DISTRICT JUDGE, 409TH JUDICIAL DISTRICT",,SAM MEDRANO JR,DEM,0,0,0,0,0,0,0
El Paso,190-EL DORADO 9TH GRD,"DISTRICT JUDGE, 448TH JUDICIAL DISTRICT",,SERGIO H. ENRIQUEZ,DEM,0,0,0,0,0,0,0
El Paso,190-EL DORADO 9TH GRD,"CRIMINAL DISTRICT JUDGE, COURT NO. 1",,DIANE NAVARRETE,DEM,0,0,0,0,0,0,0
El Paso,190-EL DORADO 9TH GRD,"FAMILY DISTRICT JUDGE, 65TH JUDICIAL DISTRICT",,YAHARA L. GUTIERREZ,DEM,0,0,0,0,0,0,0
El Paso,190-EL DORADO 9TH GRD,"DISTRICT ATTORNEY, 34TH JUDICIAL DISTRICT",,JAIME ESPARZA,DEM,0,0,0,0,0,0,0
El Paso,190-EL DORADO 9TH GRD,"JUDGE, COUNTY CRIMINAL COURT NO. 3",,CARLOS CARRASCO,DEM,0,0,0,0,0,0,0
El Paso,190-EL DORADO 9TH GRD,"JUDGE, COUNTY CRIMINAL COURT NO. 4",,JESUS HERRERA,DEM,0,0,0,0,0,0,0
El Paso,190-EL DORADO 9TH GRD,COUNTY ATTORNEY,,JO ANNE BERNAL,DEM,0,0,0,0,0,0,0
El Paso,190-EL DORADO 9TH GRD,SHERIFF,,RICHARD D. WILES,DEM,0,0,0,0,0,0,0
El Paso,190-EL DORADO 9TH GRD,COUNTY TAX ASSESSOR COLLECTOR,,VICTOR A. FLORES,DEM,0,0,0,0,0,0,0
El Paso,190-EL DORADO 9TH GRD,"COUNTY COMMISSIONER, PRECINCT NO. 3",,FRED CHAVEZ,REP,0,0,0,0,0,0,0
El Paso,190-EL DORADO 9TH GRD,"COUNTY COMMISSIONER, PRECINCT NO. 3",,VINCENT VINCE PEREZ,DEM,0,0,0,0,0,0,0
El Paso,190-EL DORADO 9TH GRD,"CONSTABLE, PRECINCT NO. 6",,JAVIER GARCIA,DEM,0,0,0,0,0,0,0
El Paso,191-EL DORADO 9TH GRD,STRAIGHT PARTY,,REPUBLICAN,REP,0,0,0,0,0,0,0
El Paso,191-EL DORADO 9TH GRD,STRAIGHT PARTY,,DEMOCRAT,DEM,0,0,0,0,0,0,0
El Paso,191-EL DORADO 9TH GRD,STRAIGHT PARTY,,LIBERTARIAN,LIB,0,0,0,0,0,0,0
El Paso,191-EL DORADO 9TH GRD,STRAIGHT PARTY,,GREEN,GRN,0,0,0,0,0,0,0
El Paso,191-EL DORADO 9TH GRD,US PRESIDENT,,MITT ROMNEY,REP,0,0,0,0,0,0,0
El Paso,191-EL DORADO 9TH GRD,US PRESIDENT,,BARACK OBAMA,DEM,0,0,0,0,0,0,0
El Paso,191-EL DORADO 9TH GRD,US PRESIDENT,,GARY JOHNSON,LIB,0,0,0,0,0,0,0
El Paso,191-EL DORADO 9TH GRD,US PRESIDENT,,JILL STEIN,GRN,0,0,0,0,0,0,0
El Paso,191-EL DORADO 9TH GRD,US PRESIDENT,,WRITE-IN,NP,0,0,0,0,0,0,0
El Paso,191-EL DORADO 9TH GRD,US SENATOR,,TED CRUZ,REP,0,0,0,0,0,0,0
El Paso,191-EL DORADO 9TH GRD,US SENATOR,,PAUL SADLER,DEM,0,0,0,0,0,0,0
El Paso,191-EL DORADO 9TH GRD,US SENATOR,,JOHN JAY MYERS,LIB,0,0,0,0,0,0,0
El Paso,191-EL DORADO 9TH GRD,US SENATOR,,DAVID B. COLLINS,GRN,0,0,0,0,0,0,0
El Paso,191-EL DORADO 9TH GRD,US REP DISTRICT 16,,BARBARA CARRASCO,REP,0,0,0,0,0,0,0
El Paso,191-EL DORADO 9TH GRD,US REP DISTRICT 16,,BETO OROURKE,DEM,0,0,0,0,0,0,0
El Paso,191-EL DORADO 9TH GRD,US REP DISTRICT 16,,JUNART SODOY,LIB,0,0,0,0,0,0,0
El Paso,191-EL DORADO 9TH GRD,RAILROAD COMMISSIONER,,CHRISTI CRADDICK,REP,0,0,0,0,0,0,0
El Paso,191-EL DORADO 9TH GRD,RAILROAD COMMISSIONER,,DALE HENRY,DEM,0,0,0,0,0,0,0
El Paso,191-EL DORADO 9TH GRD,RAILROAD COMMISSIONER,,VIVEKANANDA (VIK) WA,LIB,0,0,0,0,0,0,0
El Paso,191-EL DORADO 9TH GRD,RAILROAD COMMISSIONER,,CHRIS KENNEDY,GRN,0,0,0,0,0,0,0
El Paso,191-EL DORADO 9TH GRD,RAILROAD COMMISSIONER,,BARRY SMITHERMAN,REP,0,0,0,0,0,0,0
El Paso,191-EL DORADO 9TH GRD,RAILROAD COMMISSIONER,,JAIME O. PEREZ,LIB,0,0,0,0,0,0,0
El Paso,191-EL DORADO 9TH GRD,RAILROAD COMMISSIONER,,JOSH WENDEL,GRN,0,0,0,0,0,0,0
El Paso,191-EL DORADO 9TH GRD,"JUSTICE, SUPREME COURT, PLACE 2",,DON WILLETT,REP,0,0,0,0,0,0,0
El Paso,191-EL DORADO 9TH GRD,"JUSTICE, SUPREME COURT, PLACE 2",,RS ROBERT KOELSCH,LIB,0,0,0,0,0,0,0
El Paso,191-EL DORADO 9TH GRD,"JUSTICE, SUPREME COURT, PLACE 4",,JOHN DEVINE,REP,0,0,0,0,0,0,0
El Paso,191-EL DORADO 9TH GRD,"JUSTICE, SUPREME COURT, PLACE 4",,TOM OXFORD,LIB,0,0,0,0,0,0,0
El Paso,191-EL DORADO 9TH GRD,"JUSTICE, SUPREME COURT, PLACE 4",,CHARLES E. WATERBURY,GRN,0,0,0,0,0,0,0
El Paso,191-EL DORADO 9TH GRD,"JUSTICE, SUPREME COURT, PLACE 6",,NATHAN HECHT,REP,0,0,0,0,0,0,0
El Paso,191-EL DORADO 9TH GRD,"JUSTICE, SUPREME COURT, PLACE 6",,MICHELE PETTY,DEM,0,0,0,0,0,0,0
El Paso,191-EL DORADO 9TH GRD,"JUSTICE, SUPREME COURT, PLACE 6",,MARK ASH,LIB,0,0,0,0,0,0,0
El Paso,191-EL DORADO 9TH GRD,"JUSTICE, SUPREME COURT, PLACE 6",,JIM CHISHOLM,GRN,0,0,0,0,0,0,0
El Paso,191-EL DORADO 9TH GRD,"PRESIDING JUDGE, COURT OF CRIMINAL APPEALS",,SHARON KELLER,REP,0,0,0,0,0,0,0
El Paso,191-EL DORADO 9TH GRD,"PRESIDING JUDGE, COURT OF CRIMINAL APPEALS",,KEITH HAMPTON,DEM,0,0,0,0,0,0,0
El Paso,191-EL DORADO 9TH GRD,"PRESIDING JUDGE, COURT OF CRIMINAL APPEALS",,LANCE STOTT,LIB,0,0,0,0,0,0,0
El Paso,191-EL DORADO 9TH GRD,"JUDGE, COURT OF CRIMINAL APPEALS, PLACE 7",,BARBARA PARKER HERVE,REP,0,0,0,0,0,0,0
El Paso,191-EL DORADO 9TH GRD,"JUDGE, COURT OF CRIMINAL APPEALS, PLACE 7",,MARK W. BENNETT,LIB,0,0,0,0,0,0,0
El Paso,191-EL DORADO 9TH GRD,"JUDGE, COURT OF CRIMINAL APPEALS, PLACE 8",,ELSA ALCALA,REP,0,0,0,0,0,0,0
El Paso,191-EL DORADO 9TH GRD,"JUDGE, COURT OF CRIMINAL APPEALS, PLACE 8",,WILLIAM BRYAN STRANG,LIB,0,0,0,0,0,0,0
El Paso,191-EL DORADO 9TH GRD,MEMBER STATE BOARD OF EDUCATION DISTRICT 1,,CARLOS CHARLIE GARZA,REP,0,0,0,0,0,0,0
El Paso,191-EL DORADO 9TH GRD,MEMBER STATE BOARD OF EDUCATION DISTRICT 1,,MARTHA M. DOMINGUEZ,DEM,0,0,0,0,0,0,0
El Paso,191-EL DORADO 9TH GRD,STATE SENATOR DISTRICT 29,,DAN CHAVEZ,REP,0,0,0,0,0,0,0
El Paso,191-EL DORADO 9TH GRD,STATE SENATOR DISTRICT 29,,JOSE R. RODRIGUEZ,DEM,0,0,0,0,0,0,0
El Paso,191-EL DORADO 9TH GRD,STATE REPRESENTATIVE DISTRICT 79,,JOE C. PICKETT,DEM,0,0,0,0,0,0,0
El Paso,191-EL DORADO 9TH GRD,"CHIEF JUSTICE, COURT OF APPEALS 8TH DISTRICT",,ANN CRAWFORD MCCLURE,DEM,0,0,0,0,0,0,0
El Paso,191-EL DORADO 9TH GRD,"JUSTICE, 8TH COURT OF APPEALS DISTRICT, PLACE 2",,CHRIS ANTCLIFF,REP,0,0,0,0,0,0,0
El Paso,191-EL DORADO 9TH GRD,"JUSTICE, 8TH COURT OF APPEALS DISTRICT, PLACE 2",,YVONNE RODRIGUEZ,DEM,0,0,0,0,0,0,0
El Paso,191-EL DORADO 9TH GRD,"JUSTICE, 8TH COURT OF APPEALS DISTRICT, PLACE 3",,GUADALUPE LUPE RIVER,DEM,0,0,0,0,0,0,0
El Paso,191-EL DORADO 9TH GRD,"DISTRICT JUDGE, 34TH JUDICIAL DISTRICT",,BILL MOODY,DEM,0,0,0,0,0,0,0
El Paso,191-EL DORADO 9TH GRD,"DISTRICT JUDGE, 41ST JUDICIAL DISTRICT",,ANNA PEREZ,DEM,0,0,0,0,0,0,0
El Paso,191-EL DORADO 9TH GRD,"DISTRICT JUDGE, 243RD JUDICIAL DISTRICT",,BILLY DON HICKS,REP,0,0,0,0,0,0,0
El Paso,191-EL DORADO 9TH GRD,"DISTRICT JUDGE, 243RD JUDICIAL DISTRICT",,LUIS AGUILAR,DEM,0,0,0,0,0,0,0
El Paso,191-EL DORADO 9TH GRD,"DISTRICT JUDGE, 346TH JUDICIAL DISTRICT",,ANGIE J. BARILL,DEM,0,0,0,0,0,0,0
El Paso,191-EL DORADO 9TH GRD,"DISTRICT JUDGE, 383RD JUDICIAL DISTRICT",,MIKE HERRERA,DEM,0,0,0,0,0,0,0
El Paso,191-EL DORADO 9TH GRD,"DISTRICT JUDGE, 384TH JUDICIAL DISTRICT",,PATRICK M. GARCIA,DEM,0,0,0,0,0,0,0
El Paso,191-EL DORADO 9TH GRD,"DISTRICT JUDGE, 388TH JUDICIAL DISTRICT",,LAURA STRATHMANN,DEM,0,0,0,0,0,0,0
El Paso,191-EL DORADO 9TH GRD,"DISTRICT JUDGE, 409TH JUDICIAL DISTRICT",,SAM MEDRANO JR,DEM,0,0,0,0,0,0,0
El Paso,191-EL DORADO 9TH GRD,"DISTRICT JUDGE, 448TH JUDICIAL DISTRICT",,SERGIO H. ENRIQUEZ,DEM,0,0,0,0,0,0,0
El Paso,191-EL DORADO 9TH GRD,"CRIMINAL DISTRICT JUDGE, COURT NO. 1",,DIANE NAVARRETE,DEM,0,0,0,0,0,0,0
El Paso,191-EL DORADO 9TH GRD,"FAMILY DISTRICT JUDGE, 65TH JUDICIAL DISTRICT",,YAHARA L. GUTIERREZ,DEM,0,0,0,0,0,0,0
El Paso,191-EL DORADO 9TH GRD,"DISTRICT ATTORNEY, 34TH JUDICIAL DISTRICT",,JAIME ESPARZA,DEM,0,0,0,0,0,0,0
El Paso,191-EL DORADO 9TH GRD,"JUDGE, COUNTY CRIMINAL COURT NO. 3",,CARLOS CARRASCO,DEM,0,0,0,0,0,0,0
El Paso,191-EL DORADO 9TH GRD,"JUDGE, COUNTY CRIMINAL COURT NO. 4",,JESUS HERRERA,DEM,0,0,0,0,0,0,0
El Paso,191-EL DORADO 9TH GRD,COUNTY ATTORNEY,,JO ANNE BERNAL,DEM,0,0,0,0,0,0,0
El Paso,191-EL DORADO 9TH GRD,SHERIFF,,RICHARD D. WILES,DEM,0,0,0,0,0,0,0
El Paso,191-EL DORADO 9TH GRD,COUNTY TAX ASSESSOR COLLECTOR,,VICTOR A. FLORES,DEM,0,0,0,0,0,0,0
El Paso,191-EL DORADO 9TH GRD,"COUNTY COMMISSIONER, PRECINCT NO. 3",,FRED CHAVEZ,REP,0,0,0,0,0,0,0
El Paso,191-EL DORADO 9TH GRD,"COUNTY COMMISSIONER, PRECINCT NO. 3",,VINCENT VINCE PEREZ,DEM,0,0,0,0,0,0,0
El Paso,191-EL DORADO 9TH GRD,"CONSTABLE, PRECINCT NO. 6",,JAVIER GARCIA,DEM,0,0,0,0,0,0,0
